SIMP
NP=4096
SW=20000
TYPE=SPE
DATA
0.0565346658 -1.7407567
0.0564675856 -1.73799913
0.0564006912 -1.73524482
0.056333982 -1.73249378
0.0562674573 -1.72974598
0.0562011167 -1.72700142
0.0561349594 -1.72426009
0.056068985 -1.72152198
0.0560031928 -1.71878709
0.0559375823 -1.7160554
0.0558721528 -1.7133269
0.0558069039 -1.7106016
0.0557418348 -1.70787947
0.0556769451 -1.7051605
0.0556122341 -1.7024447
0.0555477014 -1.69973205
0.0554833463 -1.69702255
0.0554191682 -1.69431617
0.0553551667 -1.69161293
0.0552913411 -1.6889128
0.055227691 -1.68621577
0.0551642157 -1.68352185
0.0551009146 -1.68083102
0.0550377874 -1.67814327
0.0549748333 -1.6754586
0.0549120518 -1.67277699
0.0548494425 -1.67009844
0.0547870048 -1.66742294
0.0547247381 -1.66475048
0.0546626418 -1.66208106
0.0546007156 -1.65941465
0.0545389588 -1.65675127
0.0544773709 -1.65409089
0.0544159513 -1.65143351
0.0543546996 -1.64877912
0.0542936153 -1.64612771
0.0542326978 -1.64347928
0.0541719465 -1.64083382
0.054111361 -1.63819132
0.0540509408 -1.63555176
0.0539906854 -1.63291515
0.0539305942 -1.63028147
0.0538706667 -1.62765073
0.0538109025 -1.62502289
0.053751301 -1.62239797
0.0536918617 -1.61977596
0.0536325841 -1.61715683
0.0535734678 -1.6145406
0.0535145122 -1.61192724
0.0534557169 -1.60931676
0.0533970813 -1.60670914
0.053338605 -1.60410437
0.0532802874 -1.60150246
0.0532221282 -1.59890338
0.0531641268 -1.59630714
0.0531062827 -1.59371372
0.0530485954 -1.59112311
0.0529910645 -1.58853532
0.0529336895 -1.58595033
0.05287647 -1.58336814
0.0528194054 -1.58078873
0.0527624953 -1.5782121
0.0527057392 -1.57563824
0.0526491367 -1.57306715
0.0525926872 -1.57049881
0.0525363904 -1.56793323
0.0524802458 -1.56537038
0.0524242529 -1.56281027
0.0523684112 -1.56025289
0.0523127204 -1.55769823
0.0522571799 -1.55514628
0.0522017893 -1.55259703
0.0521465481 -1.55005048
0.052091456 -1.54750663
0.0520365124 -1.54496546
0.051981717 -1.54242696
0.0519270692 -1.53989113
0.0518725687 -1.53735796
0.0518182149 -1.53482745
0.0517640076 -1.53229959
0.0517099461 -1.52977436
0.0516560302 -1.52725177
0.0516022594 -1.52473181
0.0515486331 -1.52221446
0.0514951511 -1.51969973
0.0514418129 -1.5171876
0.0513886181 -1.51467807
0.0513355662 -1.51217113
0.0512826568 -1.50966678
0.0512298895 -1.507165
0.051177264 -1.50466579
0.0511247797 -1.50216915
0.0510724362 -1.49967506
0.0510202332 -1.49718352
0.0509681702 -1.49469452
0.0509162469 -1.49220806
0.0508644628 -1.48972413
0.0508128175 -1.48724272
0.0507613106 -1.48476383
0.0507099418 -1.48228745
0.0506587105 -1.47981357
0.0506076165 -1.47734218
0.0505566593 -1.47487328
0.0505058385 -1.47240687
0.0504551537 -1.46994293
0.0504046046 -1.46748146
0.0503541907 -1.46502245
0.0503039116 -1.4625659
0.050253767 -1.46011179
0.0502037565 -1.45766013
0.0501538797 -1.4552109
0.0501041362 -1.45276411
0.0500545257 -1.45031974
0.0500050477 -1.44787778
0.0499557018 -1.44543823
0.0499064878 -1.44300109
0.0498574052 -1.44056635
0.0498084536 -1.43813399
0.0497596327 -1.43570402
0.0497109421 -1.43327643
0.0496623814 -1.43085121
0.0496139503 -1.42842835
0.0495656484 -1.42600786
0.0495174753 -1.42358972
0.0494694307 -1.42117392
0.0494215142 -1.41876047
0.0493737254 -1.41634934
0.049326064 -1.41394055
0.0492785296 -1.41153408
0.0492311219 -1.40912992
0.0491838406 -1.40672807
0.0491366851 -1.40432853
0.0490896553 -1.40193128
0.0490427508 -1.39953633
0.0489959711 -1.39714366
0.048949316 -1.39475326
0.0489027851 -1.39236514
0.0488563781 -1.38997929
0.0488100946 -1.3875957
0.0487639343 -1.38521436
0.0487178968 -1.38283527
0.0486719818 -1.38045842
0.0486261889 -1.37808381
0.0485805179 -1.37571143
0.0485349684 -1.37334128
0.04848954 -1.37097334
0.0484442324 -1.36860762
0.0483990453 -1.36624411
0.0483539783 -1.36388279
0.0483090312 -1.36152367
0.0482642035 -1.35916674
0.048219495 -1.356812
0.0481749054 -1.35445943
0.0481304343 -1.35210903
0.0480860813 -1.3497608
0.0480418462 -1.34741473
0.0479977287 -1.34507082
0.0479537284 -1.34272905
0.0479098449 -1.34038943
0.0478660781 -1.33805195
0.0478224276 -1.3357166
0.047778893 -1.33338337
0.047735474 -1.33105227
0.0476921704 -1.32872328
0.0476489818 -1.3263964
0.047605908 -1.32407162
0.0475629485 -1.32174894
0.0475201031 -1.31942836
0.0474773715 -1.31710986
0.0474347534 -1.31479345
0.0473922484 -1.3124791
0.0473498563 -1.31016684
0.0473075769 -1.30785663
0.0472654096 -1.30554849
0.0472233544 -1.3032424
0.0471814108 -1.30093835
0.0471395786 -1.29863636
0.0470978575 -1.29633639
0.0470562472 -1.29403847
0.0470147473 -1.29174257
0.0469733577 -1.28944869
0.046932078 -1.28715682
0.0468909079 -1.28486697
0.0468498471 -1.28257912
0.0468088953 -1.28029328
0.0467680523 -1.27800943
0.0467273178 -1.27572756
0.0466866915 -1.27344769
0.046646173 -1.27116979
0.0466057622 -1.26889386
0.0465654587 -1.26661991
0.0465252623 -1.26434792
0.0464851726 -1.26207788
0.0464451895 -1.2598098
0.0464053125 -1.25754367
0.0463655415 -1.25527948
0.0463258762 -1.25301723
0.0462863162 -1.2507569
0.0462468614 -1.24849851
0.0462075114 -1.24624204
0.046168266 -1.24398749
0.0461291249 -1.24173484
0.0460900878 -1.23948411
0.0460511545 -1.23723527
0.0460123247 -1.23498834
0.0459735982 -1.23274329
0.0459349746 -1.23050013
0.0458964537 -1.22825885
0.0458580353 -1.22601945
0.045819719 -1.22378192
0.0457815047 -1.22154626
0.045743392 -1.21931246
0.0457053807 -1.21708052
0.0456674706 -1.21485042
0.0456296614 -1.21262218
0.0455919528 -1.21039578
0.0455543445 -1.20817121
0.0455168364 -1.20594847
0.0454794281 -1.20372757
0.0454421195 -1.20150848
0.0454049102 -1.19929122
0.0453678001 -1.19707576
0.0453307888 -1.19486212
0.0452938761 -1.19265027
0.0452570618 -1.19044023
0.0452203456 -1.18823198
0.0451837273 -1.18602551
0.0451472066 -1.18382083
0.0451107833 -1.18161793
0.0450744571 -1.17941681
0.0450382279 -1.17721745
0.0450020953 -1.17501986
0.0449660591 -1.17282403
0.0449301191 -1.17062996
0.0448942751 -1.16843764
0.0448585268 -1.16624706
0.0448228739 -1.16405822
0.0447873162 -1.16187112
0.0447518536 -1.15968576
0.0447164857 -1.15750212
0.0446812124 -1.1553202
0.0446460333 -1.15314
0.0446109483 -1.15096152
0.0445759572 -1.14878475
0.0445410597 -1.14660968
0.0445062555 -1.14443631
0.0444715445 -1.14226463
0.0444369264 -1.14009465
0.044402401 -1.13792635
0.0443679681 -1.13575974
0.0443336275 -1.1335948
0.0442993788 -1.13143154
0.044265222 -1.12926994
0.0442311567 -1.12711001
0.0441971828 -1.12495174
0.0441633 -1.12279512
0.0441295082 -1.12064016
0.044095807 -1.11848684
0.0440621964 -1.11633516
0.0440286759 -1.11418512
0.0439952456 -1.11203671
0.0439619051 -1.10988994
0.0439286541 -1.10774478
0.0438954926 -1.10560125
0.0438624203 -1.10345933
0.043829437 -1.10131902
0.0437965424 -1.09918032
0.0437637364 -1.09704322
0.0437310187 -1.09490772
0.0436983892 -1.09277382
0.0436658476 -1.0906415
0.0436333937 -1.08851077
0.0436010273 -1.08638162
0.0435687482 -1.08425405
0.0435365563 -1.08212805
0.0435044512 -1.08000362
0.0434724328 -1.07788075
0.043440501 -1.07575944
0.0434086554 -1.07363969
0.0433768959 -1.07152149
0.0433452222 -1.06940484
0.0433136343 -1.06728973
0.0432821319 -1.06517616
0.0432507147 -1.06306412
0.0432193826 -1.06095362
0.0431881355 -1.05884464
0.043156973 -1.05673718
0.043125895 -1.05463124
0.0430949013 -1.05252682
0.0430639918 -1.0504239
0.0430331661 -1.04832249
0.0430024242 -1.04622259
0.0429717659 -1.04412418
0.0429411908 -1.04202726
0.0429106989 -1.03993184
0.04288029 -1.0378379
0.0428499639 -1.03574544
0.0428197203 -1.03365446
0.0427895591 -1.03156495
0.0427594802 -1.02947691
0.0427294832 -1.02739034
0.0426995681 -1.02530522
0.0426697347 -1.02322157
0.0426399827 -1.02113937
0.042610312 -1.01905862
0.0425807224 -1.01697931
0.0425512138 -1.01490145
0.0425217858 -1.01282502
0.0424924384 -1.01075003
0.0424631714 -1.00867647
0.0424339846 -1.00660433
0.0424048778 -1.00453361
0.0423758509 -1.00246432
0.0423469036 -1.00039643
0.0423180358 -0.99832996
0.0422892473 -0.996264894
0.0422605379 -0.994201231
0.0422319075 -0.992138966
0.0422033558 -0.990078095
0.0421748828 -0.988018616
0.0421464882 -0.985960524
0.0421181719 -0.983903816
0.0420899337 -0.981848487
0.0420617734 -0.979794534
0.0420336908 -0.977741952
0.0420056858 -0.975690739
0.0419777582 -0.97364089
0.0419499079 -0.971592402
0.0419221346 -0.969545271
0.0418944383 -0.967499493
0.0418668187 -0.965455064
0.0418392756 -0.963411981
0.041811809 -0.961370239
0.0417844186 -0.959329836
0.0417571043 -0.957290768
0.0417298659 -0.95525303
0.0417027032 -0.953216619
0.0416756161 -0.951181531
0.0416486045 -0.949147763
0.0416216681 -0.947115311
0.0415948068 -0.945084171
0.0415680205 -0.94305434
0.041541309 -0.941025814
0.041514672 -0.93899859
0.0414881096 -0.936972663
0.0414616214 -0.93494803
0.0414352074 -0.932924688
0.0414088674 -0.930902632
0.0413826013 -0.92888186
0.0413564088 -0.926862368
0.0413302898 -0.924844151
0.0413042442 -0.922827208
0.0412782719 -0.920811533
0.0412523726 -0.918797123
0.0412265462 -0.916783975
0.0412007926 -0.914772086
0.0411751115 -0.912761451
0.041149503 -0.910752067
0.0411239667 -0.908743931
0.0410985027 -0.906737039
0.0410731106 -0.904731387
0.0410477903 -0.902726973
0.0410225418 -0.900723792
0.0409973649 -0.898721841
0.0409722594 -0.896721117
0.0409472251 -0.894721616
0.040922262 -0.892723335
0.0408973698 -0.89072627
0.0408725485 -0.888730417
0.0408477979 -0.886735774
0.0408231178 -0.884742337
0.0407985081 -0.882750102
0.0407739687 -0.880759066
0.0407494994 -0.878769225
0.0407251 -0.876780577
0.0407007705 -0.874793117
0.0406765107 -0.872806843
0.0406523205 -0.870821751
0.0406281996 -0.868837837
0.0406041481 -0.866855098
0.0405801656 -0.864873531
0.0405562522 -0.862893132
0.0405324076 -0.860913899
0.0405086318 -0.858935827
0.0404849245 -0.856958913
0.0404612857 -0.854983154
0.0404377152 -0.853008547
0.0404142129 -0.851035089
0.0403907786 -0.849062775
0.0403674122 -0.847091603
0.0403441136 -0.845121569
0.0403208826 -0.843152671
0.0402977192 -0.841184904
0.0402746231 -0.839218266
0.0402515943 -0.837252753
0.0402286326 -0.835288361
0.0402057379 -0.833325089
0.04018291 -0.831362932
0.0401601489 -0.829401887
0.0401374544 -0.82744195
0.0401148263 -0.82548312
0.0400922645 -0.823525392
0.040069769 -0.821568763
0.0400473396 -0.81961323
0.0400249761 -0.817658789
0.0400026784 -0.815705439
0.0399804465 -0.813753174
0.0399582801 -0.811801993
0.0399361792 -0.809851891
0.0399141436 -0.807902866
0.0398921732 -0.805954915
0.0398702679 -0.804008034
0.0398484276 -0.80206222
0.0398266521 -0.80011747
0.0398049413 -0.798173781
0.0397832951 -0.79623115
0.0397617134 -0.794289573
0.039740196 -0.792349048
0.0397187429 -0.790409571
0.0396973538 -0.788471139
0.0396760288 -0.786533749
0.0396547676 -0.784597398
0.0396335702 -0.782662083
0.0396124364 -0.7807278
0.0395913662 -0.778794547
0.0395703593 -0.77686232
0.0395494157 -0.774931117
0.0395285353 -0.773000934
0.0395077179 -0.771071769
0.0394869635 -0.769143617
0.0394662719 -0.767216477
0.039445643 -0.765290344
0.0394250767 -0.763365217
0.0394045729 -0.761441091
0.0393841314 -0.759517965
0.0393637522 -0.757595834
0.0393434352 -0.755674696
0.0393231801 -0.753754548
0.039302987 -0.751835386
0.0392828557 -0.749917208
0.039262786 -0.748000011
0.039242778 -0.746083792
0.0392228314 -0.744168547
0.0392029462 -0.742254274
0.0391831223 -0.74034097
0.0391633595 -0.738428631
0.0391436577 -0.736517256
0.0391240169 -0.73460684
0.0391044369 -0.732697381
0.0390849176 -0.730788875
0.0390654589 -0.728881321
0.0390460607 -0.726974714
0.039026723 -0.725069053
0.0390074455 -0.723164333
0.0389882282 -0.721260553
0.038969071 -0.719357709
0.0389499737 -0.717455798
0.0389309364 -0.715554817
0.0389119588 -0.713654764
0.0388930409 -0.711755635
0.0388741825 -0.709857427
0.0388553836 -0.707960139
0.0388366441 -0.706063766
0.0388179638 -0.704168306
0.0387993427 -0.702273756
0.0387807806 -0.700380113
0.0387622776 -0.698487375
0.0387438333 -0.696595538
0.0387254479 -0.694704599
0.038707121 -0.692814556
0.0386888528 -0.690925405
0.038670643 -0.689037145
0.0386524916 -0.687149771
0.0386343984 -0.685263282
0.0386163634 -0.683377674
0.0385983865 -0.681492945
0.0385804676 -0.679609091
0.0385626065 -0.677726111
0.0385448033 -0.675844
0.0385270577 -0.673962757
0.0385093697 -0.672082378
0.0384917392 -0.67020286
0.0384741662 -0.668324202
0.0384566504 -0.666446399
0.0384391919 -0.66456945
0.0384217905 -0.662693351
0.0384044461 -0.6608181
0.0383871586 -0.658943693
0.038369928 -0.657070129
0.0383527542 -0.655197404
0.038335637 -0.653325516
0.0383185765 -0.651454461
0.0383015723 -0.649584238
0.0382846246 -0.647714843
0.0382677332 -0.645846273
0.038250898 -0.643978526
0.038234119 -0.642111599
0.038217396 -0.64024549
0.0382007289 -0.638380195
0.0381841177 -0.636515712
0.0381675622 -0.634652038
0.0381510625 -0.63278917
0.0381346183 -0.630927106
0.0381182297 -0.629065844
0.0381018964 -0.627205379
0.0380856186 -0.62534571
0.0380693959 -0.623486834
0.0380532285 -0.621628748
0.0380371161 -0.61977145
0.0380210587 -0.617914936
0.0380050563 -0.616059205
0.0379891086 -0.614204253
0.0379732158 -0.612350078
0.0379573775 -0.610496677
0.0379415939 -0.608644047
0.0379258648 -0.606792186
0.0379101901 -0.604941091
0.0378945697 -0.60309076
0.0378790035 -0.60124119
0.0378634916 -0.599392378
0.0378480337 -0.597544321
0.0378326299 -0.595697017
0.0378172799 -0.593850464
0.0378019839 -0.592004658
0.0377867415 -0.590159597
0.0377715529 -0.588315279
0.0377564179 -0.5864717
0.0377413365 -0.584628859
0.0377263084 -0.582786752
0.0377113338 -0.580945377
0.0376964125 -0.579104731
0.0376815444 -0.577264813
0.0376667294 -0.575425618
0.0376519675 -0.573587145
0.0376372586 -0.571749391
0.0376226026 -0.569912353
0.0376079994 -0.568076029
0.0375934491 -0.566240417
0.0375789514 -0.564405513
0.0375645063 -0.562571315
0.0375501138 -0.56073782
0.0375357737 -0.558905027
0.037521486 -0.557072932
0.0375072506 -0.555241533
0.0374930675 -0.553410827
0.0374789366 -0.551580812
0.0374648577 -0.549751486
0.0374508309 -0.547922844
0.0374368561 -0.546094886
0.0374229331 -0.544267609
0.0374090619 -0.54244101
0.0373952425 -0.540615086
0.0373814748 -0.538789835
0.0373677586 -0.536965255
0.037354094 -0.535141343
0.0373404809 -0.533318096
0.0373269191 -0.531495513
0.0373134087 -0.529673589
0.0372999495 -0.527852324
0.0372865415 -0.526031714
0.0372731846 -0.524211758
0.0372598787 -0.522392451
0.0372466239 -0.520573793
0.0372334199 -0.51875578
0.0372202668 -0.51693841
0.0372071645 -0.515121681
0.0371941129 -0.51330559
0.0371811119 -0.511490134
0.0371681615 -0.509675312
0.0371552616 -0.50786112
0.0371424122 -0.506047556
0.0371296132 -0.504234618
0.0371168644 -0.502422304
0.037104166 -0.50061061
0.0370915177 -0.498799534
0.0370789195 -0.496989075
0.0370663714 -0.495179229
0.0370538733 -0.493369994
0.0370414251 -0.491561368
0.0370290269 -0.489753348
0.0370166784 -0.487945931
0.0370043796 -0.486139116
0.0369921306 -0.4843329
0.0369799311 -0.48252728
0.0369677813 -0.480722255
0.0369556809 -0.478917821
0.03694363 -0.477113976
0.0369316284 -0.475310718
0.0369196762 -0.473508044
0.0369077732 -0.471705952
0.0368959194 -0.46990444
0.0368841148 -0.468103505
0.0368723592 -0.466303145
0.0368606527 -0.464503358
0.0368489951 -0.46270414
0.0368373864 -0.46090549
0.0368258266 -0.459107405
0.0368143156 -0.457309883
0.0368028533 -0.455512922
0.0367914396 -0.453716519
0.0367800746 -0.451920671
0.0367687582 -0.450125377
0.0367574902 -0.448330633
0.0367462707 -0.446536439
0.0367350996 -0.44474279
0.0367239768 -0.442949686
0.0367129023 -0.441157123
0.036701876 -0.439365099
0.0366908978 -0.437573612
0.0366799678 -0.43578266
0.0366690859 -0.43399224
0.036658252 -0.432202349
0.036647466 -0.430412986
0.0366367279 -0.428624149
0.0366260376 -0.426835834
0.0366153952 -0.425048039
0.0366048004 -0.423260762
0.0365942534 -0.421474002
0.036583754 -0.419687755
0.0365733022 -0.417902019
0.0365628979 -0.416116791
0.0365525411 -0.414332071
0.0365422317 -0.412547854
0.0365319697 -0.410764139
0.036521755 -0.408980924
0.0365115876 -0.407198207
0.0365014674 -0.405415984
0.0364913944 -0.403634254
0.0364813685 -0.401853014
0.0364713897 -0.400072262
0.0364614579 -0.398291996
0.0364515731 -0.396512213
0.0364417352 -0.394732912
0.0364319442 -0.39295409
0.0364222001 -0.391175744
0.0364125027 -0.389397872
0.036402852 -0.387620473
0.0363932481 -0.385843543
0.0363836907 -0.384067081
0.03637418 -0.382291084
0.0363647158 -0.38051555
0.0363552981 -0.378740476
0.0363459269 -0.376965861
0.0363366021 -0.375191702
0.0363273236 -0.373417997
0.0363180915 -0.371644744
0.0363089056 -0.36987194
0.0362997659 -0.368099583
0.0362906725 -0.36632767
0.0362816251 -0.364556201
0.0362726239 -0.362785172
0.0362636687 -0.36101458
0.0362547595 -0.359244425
0.0362458963 -0.357474703
0.036237079 -0.355705413
0.0362283076 -0.353936552
0.036219582 -0.352168118
0.0362109021 -0.350400108
0.0362022681 -0.348632521
0.0361936797 -0.346865353
0.036185137 -0.345098604
0.0361766399 -0.343332271
0.0361681884 -0.341566351
0.0361597825 -0.339800842
0.036151422 -0.338035743
0.036143107 -0.33627105
0.0361348374 -0.334506762
0.0361266132 -0.332742876
0.0361184343 -0.330979391
0.0361103007 -0.329216303
0.0361022124 -0.327453611
0.0360941693 -0.325691313
0.0360861713 -0.323929406
0.0360782186 -0.322167889
0.0360703109 -0.320406758
0.0360624482 -0.318646012
0.0360546306 -0.316885649
0.036046858 -0.315125666
0.0360391303 -0.313366061
0.0360314475 -0.311606832
0.0360238097 -0.309847977
0.0360162166 -0.308089493
0.0360086683 -0.306331379
0.0360011648 -0.304573632
0.0359937061 -0.30281625
0.035986292 -0.301059231
0.0359789226 -0.299302573
0.0359715978 -0.297546273
0.0359643175 -0.29579033
0.0359570819 -0.29403474
0.0359498907 -0.292279503
0.035942744 -0.290524616
0.0359356418 -0.288770076
0.035928584 -0.287015881
0.0359215705 -0.28526203
0.0359146014 -0.28350852
0.0359076766 -0.281755349
0.0359007961 -0.280002515
0.0358939598 -0.278250015
0.0358871677 -0.276497848
0.0358804198 -0.274746012
0.0358737161 -0.272994503
0.0358670564 -0.271243321
0.0358604408 -0.269492462
0.0358538693 -0.267741925
0.0358473418 -0.265991708
0.0358408583 -0.264241808
0.0358344187 -0.262492224
0.0358280231 -0.260742952
0.0358216713 -0.258993992
0.0358153634 -0.25724534
0.0358090994 -0.255496996
0.0358028791 -0.253748955
0.0357967026 -0.252001218
0.0357905699 -0.25025378
0.0357844808 -0.248506641
0.0357784355 -0.246759798
0.0357724338 -0.245013249
0.0357664757 -0.243266991
0.0357605612 -0.241521023
0.0357546903 -0.239775343
0.0357488629 -0.238029948
0.035743079 -0.236284837
0.0357373386 -0.234540006
0.0357316417 -0.232795455
0.0357259882 -0.23105118
0.0357203781 -0.229307181
0.0357148114 -0.227563454
0.035709288 -0.225819997
0.035703808 -0.224076809
0.0356983712 -0.222333888
0.0356929777 -0.220591231
0.0356876275 -0.218848835
0.0356823205 -0.2171067
0.0356770566 -0.215364823
0.035671836 -0.213623201
0.0356666584 -0.211881834
0.035661524 -0.210140717
0.0356564327 -0.208399851
0.0356513845 -0.206659231
0.0356463793 -0.204918857
0.0356414171 -0.203178726
0.0356364979 -0.201438836
0.0356316217 -0.199699186
0.0356267885 -0.197959772
0.0356219982 -0.196220593
0.0356172507 -0.194481646
0.0356125462 -0.19274293
0.0356078845 -0.191004443
0.0356032657 -0.189266182
0.0355986897 -0.187528146
0.0355941564 -0.185790331
0.035589666 -0.184052737
0.0355852183 -0.182315361
0.0355808133 -0.180578201
0.035576451 -0.178841255
0.0355721314 -0.17710452
0.0355678545 -0.175367996
0.0355636203 -0.173631679
0.0355594286 -0.171895567
0.0355552796 -0.170159659
0.0355511732 -0.168423953
0.0355471093 -0.166688446
0.035543088 -0.164953136
0.0355391092 -0.163218021
0.0355351729 -0.161483099
0.0355312791 -0.159748369
0.0355274278 -0.158013827
0.0355236189 -0.156279473
0.0355198525 -0.154545303
0.0355161285 -0.152811315
0.0355124469 -0.151077509
0.0355088076 -0.149343881
0.0355052108 -0.14761043
0.0355016563 -0.145877153
0.0354981441 -0.144144049
0.0354946742 -0.142411115
0.0354912467 -0.140678349
0.0354878614 -0.138945749
0.0354845184 -0.137213314
0.0354812177 -0.13548104
0.0354779591 -0.133748927
0.0354747428 -0.132016972
0.0354715687 -0.130285172
0.0354684368 -0.128553527
0.0354653471 -0.126822033
0.0354622996 -0.125090689
0.0354592941 -0.123359493
0.0354563309 -0.121628442
0.0354534097 -0.119897535
0.0354505306 -0.118166769
0.0354476936 -0.116436143
0.0354448988 -0.114705654
0.0354421459 -0.112975301
0.0354394351 -0.111245081
0.0354367664 -0.109514992
0.0354341397 -0.107785032
0.035431555 -0.1060552
0.0354290123 -0.104325492
0.0354265116 -0.102595908
0.0354240528 -0.100866445
0.0354216361 -0.0991371002
0.0354192612 -0.0974078726
0.0354169284 -0.09567876
0.0354146374 -0.0939497601
0.0354123884 -0.0922208711
0.0354101813 -0.0904920907
0.0354080161 -0.088763417
0.0354058928 -0.0870348479
0.0354038113 -0.0853063815
0.0354017718 -0.0835780156
0.035399774 -0.0818497481
0.0353978182 -0.0801215772
0.0353959042 -0.0783935006
0.035394032 -0.0766655165
0.0353922016 -0.0749376226
0.0353904131 -0.0732098171
0.0353886663 -0.0714820978
0.0353869614 -0.0697544627
0.0353852982 -0.0680269098
0.0353836769 -0.0662994371
0.0353820973 -0.0645720424
0.0353805595 -0.0628447238
0.0353790634 -0.0611174792
0.0353776091 -0.0593903066
0.0353761965 -0.0576632039
0.0353748257 -0.0559361692
0.0353734966 -0.0542092003
0.0353722092 -0.0524822953
0.0353709636 -0.050755452
0.0353697596 -0.0490286685
0.0353685974 -0.0473019428
0.0353674769 -0.0455752727
0.0353663981 -0.0438486563
0.035365361 -0.0421220916
0.0353643655 -0.0403955764
0.0353634118 -0.0386691088
0.0353624997 -0.0369426867
0.0353616293 -0.0352163081
0.0353608006 -0.0334899709
0.0353600135 -0.0317636732
0.0353592681 -0.0300374128
0.0353585644 -0.0283111878
0.0353579023 -0.0265849962
0.0353572819 -0.0248588358
0.0353567031 -0.0231327047
0.0353561659 -0.0214066008
0.0353556705 -0.0196805221
0.0353552166 -0.0179544666
0.0353548044 -0.0162284322
0.0353544339 -0.0145024169
0.0353541049 -0.0127764186
0.0353538176 -0.0110504354
0.035353572 -0.0093244652
0.035353368 -0.00759850596
0.0353532056 -0.00587255567
0.0353530848 -0.00414661229
0.0353530057 -0.00242067378
0.0353529682 -0.000694738116
0.0353529723 0.00103119673
0.0353530181 0.0027571328
0.0353531055 0.00448307211
0.0353532345 0.00620901671
0.0353534051 0.00793496861
0.0353536174 0.00966092986
0.0353538713 0.0113869025
0.0353541669 0.0131128885
0.0353545041 0.01483889
0.0353548829 0.0165649089
0.0353553034 0.0182909474
0.0353557655 0.0200170073
0.0353562692 0.0217430909
0.0353568146 0.0234692
0.0353574017 0.0251953368
0.0353580304 0.0269215032
0.0353587007 0.0286477013
0.0353594127 0.0303739331
0.0353601664 0.0321002007
0.0353609617 0.0338265061
0.0353617987 0.0355528514
0.0353626774 0.0372792384
0.0353635977 0.0390056694
0.0353645598 0.0407321463
0.0353655635 0.0424586712
0.0353666089 0.044185246
0.035367696 0.0459118729
0.0353688248 0.0476385538
0.0353699953 0.0493652909
0.0353712075 0.0510920861
0.0353724614 0.0528189414
0.035373757 0.0545458589
0.0353750944 0.0562728407
0.0353764735 0.0579998888
0.0353778944 0.0597270052
0.035379357 0.0614541919
0.0353808613 0.063181451
0.0353824074 0.0649087846
0.0353839953 0.0666361946
0.035385625 0.0683636831
0.0353872964 0.0700912521
0.0353890097 0.0718189037
0.0353907647 0.07354664
0.0353925615 0.0752744629
0.0353944002 0.0770023745
0.0353962807 0.0787303768
0.035398203 0.080458472
0.0354001672 0.0821866619
0.0354021732 0.0839149487
0.0354042211 0.0856433344
0.0354063108 0.0873718211
0.0354084425 0.0891004107
0.035410616 0.0908291054
0.0354128314 0.0925579072
0.0354150888 0.0942868181
0.035417388 0.0960158402
0.0354197292 0.0977449755
0.0354221124 0.099474226
0.0354245375 0.101203594
0.0354270045 0.102933081
0.0354295136 0.10466269
0.0354320646 0.106392422
0.0354346577 0.108122279
0.0354372927 0.109852265
0.0354399698 0.111582379
0.0354426889 0.113312626
0.0354454501 0.115043006
0.0354482534 0.116773522
0.0354510987 0.118504175
0.0354539861 0.120234969
0.0354569156 0.121965904
0.0354598873 0.123696984
0.0354629011 0.125428209
0.035465957 0.127159583
0.0354690551 0.128891107
0.0354721954 0.130622783
0.0354753778 0.132354613
0.0354786025 0.134086599
0.0354818694 0.135818744
0.0354851786 0.13755105
0.03548853 0.139283517
0.0354919236 0.14101615
0.0354953596 0.142748949
0.0354988378 0.144481916
0.0355023584 0.146215055
0.0355059213 0.147948366
0.0355095266 0.149681852
0.0355131742 0.151415516
0.0355168643 0.153149358
0.0355205967 0.154883381
0.0355243715 0.156617587
0.0355281888 0.158351979
0.0355320486 0.160086558
0.0355359508 0.161821326
0.0355398955 0.163556286
0.0355438828 0.165291439
0.0355479125 0.167026788
0.0355519849 0.168762335
0.0355560998 0.170498081
0.0355602573 0.172234029
0.0355644574 0.173970181
0.0355687001 0.175706539
0.0355729855 0.177443106
0.0355773135 0.179179882
0.0355816843 0.18091687
0.0355860977 0.182654073
0.0355905539 0.184391492
0.0355950529 0.18612913
0.0355995946 0.187866988
0.0356041791 0.189605069
0.0356088065 0.191343375
0.0356134767 0.193081907
0.0356181897 0.194820669
0.0356229457 0.196559661
0.0356277445 0.198298887
0.0356325863 0.200038348
0.035637471 0.201778046
0.0356423987 0.203517983
0.0356473695 0.205258162
0.0356523832 0.206998585
0.03565744 0.208739253
0.0356625399 0.210480169
0.0356676828 0.212221335
0.0356728689 0.213962753
0.0356780982 0.215704425
0.0356833706 0.217446354
0.0356886862 0.21918854
0.035694045 0.220930987
0.0356994471 0.222673697
0.0357048924 0.224416671
0.0357103811 0.226159912
0.0357159131 0.227903422
0.0357214884 0.229647203
0.0357271071 0.231391257
0.0357327693 0.233135586
0.0357384748 0.234880193
0.0357442239 0.236625079
0.0357500164 0.238370247
0.0357558524 0.240115698
0.035761732 0.241861435
0.0357676551 0.24360746
0.0357736219 0.245353776
0.0357796322 0.247100383
0.0357856863 0.248847285
0.035791784 0.250594483
0.0357979254 0.25234198
0.0358041106 0.254089778
0.0358103396 0.255837878
0.0358166124 0.257586284
0.035822929 0.259334996
0.0358292894 0.261084018
0.0358356938 0.262833352
0.0358421421 0.264582999
0.0358486344 0.266332961
0.0358551706 0.268083242
0.0358617509 0.269833842
0.0358683752 0.271584765
0.0358750436 0.273336012
0.0358817562 0.275087586
0.0358885128 0.276839488
0.0358953137 0.278591721
0.0359021588 0.280344286
0.0359090481 0.282097187
0.0359159817 0.283850425
0.0359229596 0.285604003
0.0359299819 0.287357922
0.0359370486 0.289112185
0.0359441596 0.290866794
0.0359513151 0.292621751
0.0359585151 0.294377058
0.0359657597 0.296132717
0.0359730488 0.297888731
0.0359803824 0.299645102
0.0359877607 0.301401832
0.0359951837 0.303158923
0.0360026513 0.304916377
0.0360101637 0.306674196
0.0360177209 0.308432384
0.0360253229 0.310190941
0.0360329697 0.31194987
0.0360406614 0.313709173
0.036048398 0.315468853
0.0360561796 0.317228912
0.0360640061 0.318989351
0.0360718777 0.320750173
0.0360797944 0.32251138
0.0360877561 0.324272975
0.0360957631 0.32603496
0.0361038152 0.327797336
0.0361119125 0.329560106
0.0361200551 0.331323272
0.036128243 0.333086837
0.0361364762 0.334850803
0.0361447548 0.336615171
0.0361530789 0.338379944
0.0361614484 0.340145125
0.0361698634 0.341910715
0.036178324 0.343676717
0.0361868301 0.345443133
0.0361953819 0.347209965
0.0362039794 0.348977215
0.0362126225 0.350744886
0.0362213114 0.35251298
0.0362300462 0.354281499
0.0362388267 0.356050445
0.0362476532 0.357819821
0.0362565255 0.359589629
0.0362654439 0.36135987
0.0362744082 0.363130548
0.0362834186 0.364901665
0.0362924751 0.366673222
0.0363015778 0.368445223
0.0363107266 0.370217668
0.0363199217 0.371990561
0.0363291631 0.373763904
0.0363384508 0.375537699
0.0363477848 0.377311949
0.0363571653 0.379086655
0.0363665922 0.380861819
0.0363760657 0.382637445
0.0363855857 0.384413535
0.0363951523 0.386190089
0.0364047655 0.387967112
0.0364144255 0.389744605
0.0364241322 0.391522571
0.0364338857 0.393301011
0.036443686 0.395079929
0.0364535332 0.396859326
0.0364634274 0.398639204
0.0364733685 0.400419566
0.0364833567 0.402200415
0.036493392 0.403981752
0.0365034744 0.40576358
0.036513604 0.407545901
0.0365237808 0.409328717
0.0365340049 0.411112031
0.0365442763 0.412895846
0.0365545951 0.414680162
0.0365649614 0.416464983
0.0365753752 0.418250311
0.0365858364 0.420036149
0.0365963453 0.421822498
0.0366069018 0.423609361
0.0366175061 0.42539674
0.036628158 0.427184638
0.0366388578 0.428973057
0.0366496054 0.430761999
0.036660401 0.432551466
0.0366712445 0.434341462
0.036682136 0.436131988
0.0366930756 0.437923046
0.0367040633 0.439714639
0.0367150992 0.44150677
0.0367261833 0.44329944
0.0367373157 0.445092653
0.0367484965 0.446886409
0.0367597257 0.448680713
0.0367710033 0.450475565
0.0367823294 0.45227097
0.0367937041 0.454066927
0.0368051274 0.455863441
0.0368165995 0.457660514
0.0368281202 0.459458148
0.0368396898 0.461256345
0.0368513082 0.463055107
0.0368629755 0.464854438
0.0368746918 0.466654339
0.0368864571 0.468454813
0.0368982716 0.470255863
0.0369101352 0.47205749
0.0369220479 0.473859697
0.03693401 0.475662487
0.0369460214 0.477465861
0.0369580822 0.479269823
0.0369701924 0.481074374
0.0369823522 0.482879518
0.0369945615 0.484685256
0.0370068204 0.486491591
0.0370191291 0.488298525
0.0370314875 0.490106062
0.0370438957 0.491914202
0.0370563539 0.493722949
0.0370688619 0.495532305
0.03708142 0.497342273
0.0370940282 0.499152855
0.0371066865 0.500964053
0.0371193949 0.50277587
0.0371321537 0.504588308
0.0371449628 0.50640137
0.0371578223 0.508215059
0.0371707322 0.510029376
0.0371836927 0.511844324
0.0371967038 0.513659906
0.0372097655 0.515476124
0.0372228779 0.51729298
0.0372360412 0.519110477
0.0372492553 0.520928618
0.0372625203 0.522747405
0.0372758363 0.524566841
0.0372892034 0.526386927
0.0373026216 0.528207667
0.037316091 0.530029063
0.0373296117 0.531851118
0.0373431837 0.533673833
0.0373568072 0.535497212
0.0373704821 0.537321257
0.0373842085 0.53914597
0.0373979865 0.540971354
0.0374118163 0.542797412
0.0374256978 0.544624146
0.0374396311 0.546451558
0.0374536163 0.548279652
0.0374676535 0.550108429
0.0374817427 0.551937893
0.0374958841 0.553768045
0.0375100776 0.555598888
0.0375243234 0.557430426
0.0375386216 0.559262659
0.0375529721 0.561095592
0.0375673751 0.562929226
0.0375818307 0.564763564
0.0375963389 0.566598609
0.0376108998 0.568434363
0.0376255135 0.570270828
0.0376401801 0.572108008
0.0376548996 0.573945905
0.0376696721 0.575784522
0.0376844976 0.57762386
0.0376993764 0.579463923
0.0377143084 0.581304714
0.0377292937 0.583146234
0.0377443323 0.584988487
0.0377594245 0.586831475
0.0377745702 0.5886752
0.0377897695 0.590519666
0.0378050226 0.592364875
0.0378203294 0.594210829
0.0378356901 0.596057532
0.0378511047 0.597904985
0.0378665734 0.599753192
0.0378820962 0.601602154
0.0378976732 0.603451876
0.0379133044 0.605302359
0.03792899 0.607153606
0.03794473 0.609005619
0.0379605245 0.610858402
0.0379763737 0.612711957
0.0379922775 0.614566287
0.0380082361 0.616421394
0.0380242495 0.61827728
0.0380403179 0.62013395
0.0380564412 0.621991405
0.0380726197 0.623849648
0.0380888534 0.625708681
0.0381051423 0.627568508
0.0381214866 0.629429132
0.0381378864 0.631290554
0.0381543416 0.633152777
0.0381708525 0.635015805
0.0381874191 0.63687964
0.0382040415 0.638744284
0.0382207198 0.640609741
0.038237454 0.642476013
0.0382542443 0.644343103
0.0382710907 0.646211013
0.0382879934 0.648079747
0.0383049524 0.649949307
0.0383219677 0.651819696
0.0383390397 0.653690916
0.0383561681 0.65556297
0.0383733533 0.657435862
0.0383905953 0.659309594
0.0384078941 0.661184168
0.0384252499 0.663059588
0.0384426627 0.664935856
0.0384601327 0.666812975
0.0384776599 0.668690947
0.0384952445 0.670569777
0.0385128865 0.672449465
0.038530586 0.674330016
0.0385483431 0.676211432
0.0385661579 0.678093716
0.0385840306 0.67997687
0.0386019611 0.681860898
0.0386199496 0.683745802
0.0386379962 0.685631585
0.0386561011 0.68751825
0.0386742642 0.6894058
0.0386924856 0.691294237
0.0387107656 0.693183565
0.0387291042 0.695073786
0.0387475014 0.696964904
0.0387659574 0.69885692
0.0387844723 0.700749839
0.0388030462 0.702643662
0.0388216791 0.704538393
0.0388403713 0.706434034
0.0388591227 0.708330589
0.0388779335 0.710228061
0.0388968037 0.712126451
0.0389157336 0.714025764
0.0389347232 0.715926002
0.0389537725 0.717827167
0.0389728818 0.719729264
0.038992051 0.721632294
0.0390112804 0.723536262
0.0390305699 0.725441168
0.0390499198 0.727347018
0.0390693301 0.729253813
0.0390888009 0.731161557
0.0391083324 0.733070252
0.0391279246 0.734979901
0.0391475776 0.736890508
0.0391672916 0.738802076
0.0391870666 0.740714606
0.0392069029 0.742628103
0.0392268004 0.74454257
0.0392467592 0.746458008
0.0392667796 0.748374422
0.0392868616 0.750291814
0.0393070053 0.752210188
0.0393272108 0.754129546
0.0393474783 0.756049891
0.0393678078 0.757971227
0.0393881995 0.759893556
0.0394086535 0.761816881
0.0394291698 0.763741206
0.0394497487 0.765666533
0.0394703902 0.767592866
0.0394910944 0.769520208
0.0395118614 0.771448561
0.0395326914 0.77337793
0.0395535845 0.775308315
0.0395745408 0.777239722
0.0395955603 0.779172153
0.0396166433 0.781105611
0.0396377899 0.783040099
0.0396590001 0.784975621
0.0396802741 0.786912179
0.0397016119 0.788849776
0.0397230138 0.790788416
0.0397444799 0.792728102
0.0397660101 0.794668836
0.0397876048 0.796610623
0.0398092639 0.798553465
0.0398309877 0.800497365
0.0398527762 0.802442327
0.0398746296 0.804388353
0.039896548 0.806335447
0.0399185314 0.808283612
0.0399405801 0.810232852
0.0399626942 0.812183168
0.0399848737 0.814134565
0.0400071189 0.816087046
0.0400294297 0.818040614
0.0400518064 0.819995272
0.0400742492 0.821951023
0.040096758 0.823907871
0.040119333 0.825865819
0.0401419745 0.82782487
0.0401646824 0.829785027
0.0401874569 0.831746293
0.0402102982 0.833708672
0.0402332064 0.835672168
0.0402561815 0.837636782
0.0402792239 0.83960252
0.0403023335 0.841569383
0.0403255105 0.843537375
0.040348755 0.8455065
0.0403720672 0.84747676
0.0403954472 0.84944816
0.0404188952 0.851420701
0.0404424112 0.853394389
0.0404659954 0.855369225
0.040489648 0.857345214
0.0405133691 0.859322358
0.0405371587 0.861300662
0.0405610171 0.863280128
0.0405849444 0.865260759
0.0406089408 0.86724256
0.0406330063 0.869225533
0.0406571411 0.871209681
0.0406813453 0.873195009
0.0407056191 0.87518152
0.0407299627 0.877169216
0.0407543761 0.879158102
0.0407788595 0.881148181
0.040803413 0.883139456
0.0408280369 0.885131931
0.0408527311 0.887125608
0.040877496 0.889120493
0.0409023315 0.891116587
0.040927238 0.893113894
0.0409522154 0.895112419
0.040977264 0.897112164
0.0410023839 0.899113132
0.0410275752 0.901115328
0.0410528382 0.903118755
0.0410781729 0.905123416
0.0411035794 0.907129314
0.041129058 0.909136454
0.0411546088 0.911144839
0.041180232 0.913154473
0.0412059276 0.915165358
0.0412316959 0.917177498
0.0412575369 0.919190898
0.0412834509 0.921205559
0.041309438 0.923221487
0.0413354984 0.925238685
0.0413616321 0.927257156
0.0413878395 0.929276904
0.0414141205 0.931297932
0.0414404754 0.933320244
0.0414669043 0.935343843
0.0414934074 0.937368734
0.0415199849 0.93939492
0.0415466369 0.941422404
0.0415733635 0.94345119
0.0416001649 0.945481282
0.0416270413 0.947512684
0.0416539928 0.949545398
0.0416810197 0.95157943
0.041708122 0.953614781
0.0417352999 0.955651457
0.0417625536 0.95768946
0.0417898832 0.959728795
0.041817289 0.961769465
0.041844771 0.963811474
0.0418723295 0.965854826
0.0418999646 0.967899524
0.0419276765 0.969945572
0.0419554653 0.971992974
0.0419833312 0.974041734
0.0420112744 0.976091855
0.042039295 0.978143341
0.0420673932 0.980196196
0.0420955692 0.982250424
0.0421238232 0.984306028
0.0421521553 0.986363013
0.0421805657 0.988421382
0.0422090546 0.990481139
0.0422376221 0.992542287
0.0422662685 0.994604831
0.0422949938 0.996668775
0.0423237983 0.998734122
0.0423526822 1.00080088
0.0423816455 1.00286904
0.0424106886 1.00493862
0.0424398115 1.00700962
0.0424690145 1.00908204
0.0424982977 1.01115589
0.0425276614 1.01323117
0.0425571056 1.01530788
0.0425866306 1.01738604
0.0426162366 1.01946563
0.0426459237 1.02154667
0.0426756921 1.02362916
0.0427055421 1.02571311
0.0427354737 1.02779851
0.0427654872 1.02988538
0.0427955827 1.03197371
0.0428257605 1.03406351
0.0428560208 1.03615479
0.0428863637 1.03824754
0.0429167893 1.04034178
0.042947298 1.0424375
0.0429778899 1.04453472
0.0430085651 1.04663342
0.043039324 1.04873363
0.0430701666 1.05083534
0.0431010931 1.05293856
0.0431321038 1.05504328
0.0431631989 1.05714953
0.0431943785 1.05925729
0.0432256428 1.06136657
0.0432569921 1.06347738
0.0432884265 1.06558973
0.0433199462 1.0677036
0.0433515514 1.06981902
0.0433832424 1.07193598
0.0434150193 1.0740545
0.0434468824 1.07617456
0.0434788318 1.07829618
0.0435108677 1.08041936
0.0435429903 1.0825441
0.0435751999 1.08467042
0.0436074966 1.0867983
0.0436398807 1.08892777
0.0436723523 1.09105882
0.0437049117 1.09319145
0.0437375591 1.09532567
0.0437702946 1.09746149
0.0438031186 1.09959891
0.0438360311 1.10173793
0.0438690325 1.10387856
0.0439021228 1.1060208
0.0439353024 1.10816466
0.0439685715 1.11031014
0.0440019302 1.11245725
0.0440353788 1.11460598
0.0440689175 1.11675635
0.0441025465 1.11890835
0.044136266 1.121062
0.0441700762 1.1232173
0.0442039775 1.12537424
0.0442379699 1.12753285
0.0442720537 1.12969311
0.0443062291 1.13185504
0.0443404964 1.13401864
0.0443748558 1.13618391
0.0444093074 1.13835086
0.0444438516 1.1405195
0.0444784885 1.14268982
0.0445132184 1.14486183
0.0445480415 1.14703554
0.044582958 1.14921095
0.0446179681 1.15138807
0.0446530722 1.15356689
0.0446882704 1.15574743
0.0447235629 1.15792969
0.04475895 1.16011368
0.0447944319 1.16229939
0.0448300088 1.16448684
0.044865681 1.16667602
0.0449014488 1.16886695
0.0449373123 1.17105962
0.0449732718 1.17325405
0.0450093275 1.17545023
0.0450454797 1.17764818
0.0450817286 1.17984789
0.0451180745 1.18204937
0.0451545176 1.18425262
0.045191058 1.18645766
0.0452276962 1.18866448
0.0452644323 1.19087309
0.0453012666 1.19308349
0.0453381993 1.1952957
0.0453752307 1.19750971
0.0454123609 1.19972552
0.0454495904 1.20194316
0.0454869193 1.20416261
0.0455243478 1.20638388
0.0455618762 1.20860698
0.0455995049 1.21083191
0.0456372339 1.21305869
0.0456750637 1.2152873
0.0457129943 1.21751776
0.0457510262 1.21975008
0.0457891595 1.22198425
0.0458273946 1.22422029
0.0458657316 1.22645819
0.0459041708 1.22869797
0.0459427126 1.23093963
0.0459813571 1.23318316
0.0460201047 1.23542859
0.0460589555 1.2376759
0.0460979099 1.23992512
0.0461369681 1.24217624
0.0461761304 1.24442926
0.0462153971 1.2466842
0.0462547684 1.24894106
0.0462942446 1.25119984
0.046333826 1.25346055
0.0463735128 1.25572319
0.0464133054 1.25798777
0.0464532039 1.26025429
0.0464932087 1.26252276
0.0465333201 1.26479319
0.0465735383 1.26706558
0.0466138637 1.26933993
0.0466542964 1.27161625
0.0466948368 1.27389454
0.0467354852 1.27617482
0.0467762418 1.27845708
0.0468171069 1.28074133
0.0468580808 1.28302757
0.0468991639 1.28531582
0.0469403563 1.28760608
0.0469816584 1.28989835
0.0470230705 1.29219263
0.0470645928 1.29448894
0.0471062257 1.29678728
0.0471479695 1.29908764
0.0471898243 1.30139005
0.0472317907 1.30369451
0.0472738687 1.30600101
0.0473160588 1.30830957
0.0473583613 1.31062018
0.0474007763 1.31293287
0.0474433043 1.31524763
0.0474859456 1.31756446
0.0475287004 1.31988338
0.047571569 1.32220438
0.0476145518 1.32452748
0.0476576491 1.32685268
0.0477008612 1.32917998
0.0477441883 1.3315094
0.0477876308 1.33384093
0.0478311891 1.33617458
0.0478748633 1.33851036
0.0479186539 1.34084827
0.0479625612 1.34318832
0.0480065854 1.34553052
0.048050727 1.34787487
0.0480949861 1.35022137
0.0481393632 1.35257003
0.0481838585 1.35492087
0.0482284724 1.35727387
0.0482732052 1.35962906
0.0483180573 1.36198642
0.0483630289 1.36434598
0.0484081203 1.36670774
0.0484533321 1.3690717
0.0484986643 1.37143787
0.0485441175 1.37380625
0.0485896918 1.37617685
0.0486353877 1.37854968
0.0486812055 1.38092474
0.0487271455 1.38330203
0.0487732081 1.38568158
0.0488193936 1.38806337
0.0488657024 1.39044741
0.0489121347 1.39283372
0.048958691 1.3952223
0.0490053715 1.39761315
0.0490521767 1.40000628
0.0490991069 1.4024017
0.0491461624 1.4047994
0.0491933436 1.40719941
0.0492406508 1.40960172
0.0492880844 1.41200634
0.0493356447 1.41441328
0.0493833322 1.41682254
0.0494311471 1.41923413
0.0494790898 1.42164806
0.0495271607 1.42406433
0.0495753602 1.42648294
0.0496236885 1.42890391
0.0496721461 1.43132724
0.0497207334 1.43375294
0.0497694507 1.43618101
0.0498182984 1.43861146
0.0498672768 1.4410443
0.0499163863 1.44347952
0.0499656273 1.44591715
0.0500150002 1.44835718
0.0500645054 1.45079962
0.0501141432 1.45324448
0.050163914 1.45569177
0.0502138182 1.45814148
0.0502638561 1.46059364
0.0503140283 1.46304823
0.050364335 1.46550528
0.0504147766 1.46796478
0.0504653535 1.47042675
0.0505160662 1.47289119
0.0505669149 1.4753581
0.0506179002 1.4778275
0.0506690224 1.48029939
0.0507202819 1.48277378
0.050771679 1.48525066
0.0508232143 1.48773006
0.050874888 1.49021198
0.0509267007 1.49269642
0.0509786527 1.49518339
0.0510307444 1.4976729
0.0510829762 1.50016495
0.0511353486 1.50265955
0.0511878619 1.50515671
0.0512405165 1.50765644
0.051293313 1.51015874
0.0513462516 1.51266361
0.0513993329 1.51517107
0.0514525571 1.51768113
0.0515059249 1.52019378
0.0515594365 1.52270904
0.0516130924 1.52522691
0.0516668931 1.52774741
0.0517208389 1.53027053
0.0517749303 1.53279628
0.0518291677 1.53532468
0.0518835516 1.53785573
0.0519380824 1.54038943
0.0519927605 1.5429258
0.0520475864 1.54546483
0.0521025606 1.54800655
0.0521576833 1.55055094
0.0522129552 1.55309804
0.0522683766 1.55564783
0.0523239481 1.55820032
0.0523796699 1.56075553
0.0524355427 1.56331347
0.0524915668 1.56587413
0.0525477428 1.56843753
0.052604071 1.57100367
0.0526605519 1.57357256
0.052717186 1.57614421
0.0527739738 1.57871862
0.0528309157 1.58129581
0.0528880122 1.58387578
0.0529452638 1.58645854
0.0530026709 1.5890441
0.0530602339 1.59163246
0.0531179535 1.59422363
0.05317583 1.59681762
0.053233864 1.59941443
0.0532920558 1.60201408
0.0533504061 1.60461657
0.0534089152 1.60722192
0.0534675837 1.60983011
0.0535264121 1.61244118
0.0535854008 1.61505512
0.0536445504 1.61767193
0.0537038613 1.62029164
0.053763334 1.62291424
0.0538229691 1.62553975
0.053882767 1.62816817
0.0539427282 1.63079951
0.0540028533 1.63343378
0.0540631427 1.63607099
0.054123597 1.63871114
0.0541842167 1.64135424
0.0542450023 1.6440003
0.0543059542 1.64664933
0.0543670731 1.64930134
0.0544283594 1.65195633
0.0544898137 1.65461432
0.0545514365 1.6572753
0.0546132283 1.6599393
0.0546751897 1.66260631
0.0547373211 1.66527635
0.0547996232 1.66794943
0.0548620964 1.67062554
0.0549247412 1.67330471
0.0549875583 1.67598694
0.0550505482 1.67867223
0.0551137114 1.6813606
0.0551770485 1.68405206
0.0552405599 1.68674661
0.0553042464 1.68944426
0.0553681083 1.69214502
0.0554321463 1.6948489
0.055496361 1.69755591
0.0555607528 1.70026605
0.0556253224 1.70297934
0.0556900704 1.70569578
0.0557549972 1.70841538
0.0558201035 1.71113815
0.0558853898 1.7138641
0.0559508568 1.71659325
0.0560165049 1.71932558
0.0560823348 1.72206113
0.0561483471 1.72479989
0.0562145423 1.72754187
0.0562809211 1.73028708
0.0563474839 1.73303554
0.0564142315 1.73578725
0.0564811644 1.73854221
0.0565482832 1.74130045
0.0566155885 1.74406196
0.0566830809 1.74682676
0.0567507611 1.74959486
0.0568186295 1.75236626
0.056886687 1.75514098
0.0569549339 1.75791902
0.0570233711 1.76070039
0.057091999 1.7634851
0.0571608183 1.76627317
0.0572298297 1.76906459
0.0572990337 1.77185939
0.057368431 1.77465756
0.0574380223 1.77745913
0.0575078081 1.78026409
0.0575777891 1.78307246
0.057647966 1.78588425
0.0577183393 1.78869947
0.0577889098 1.79151812
0.057859678 1.79434022
0.0579306447 1.79716577
0.0580018105 1.79999479
0.058073176 1.80282728
0.0581447419 1.80566326
0.0582165089 1.80850274
0.0582884776 1.81134572
0.0583606487 1.81419221
0.058433023 1.81704223
0.0585056009 1.81989578
0.0585783833 1.82275288
0.0586513708 1.82561353
0.0587245641 1.82847774
0.0587979639 1.83134553
0.0588715709 1.83421691
0.0589453857 1.83709187
0.0590194091 1.83997045
0.0590936418 1.84285263
0.0591680844 1.84573844
0.0592427377 1.84862789
0.0593176024 1.85152098
0.0593926792 1.85441773
0.0594679688 1.85731815
0.0595434719 1.86022224
0.0596191892 1.86313002
0.0596951216 1.86604149
0.0597712696 1.86895668
0.059847634 1.87187558
0.0599242157 1.87479821
0.0600010152 1.87772458
0.0600780333 1.8806547
0.0601552709 1.88358858
0.0602327286 1.88652623
0.0603104072 1.88946767
0.0603883074 1.8924129
0.06046643 1.89536193
0.0605447757 1.89831478
0.0606233454 1.90127145
0.0607021398 1.90423196
0.0607811596 1.90719632
0.0608604057 1.91016454
0.0609398788 1.91313662
0.0610195796 1.91611259
0.0610995091 1.91909245
0.0611796679 1.92207621
0.0612600569 1.92506388
0.0613406768 1.92805548
0.0614215285 1.93105102
0.0615026128 1.93405051
0.0615839304 1.93705395
0.0616654822 1.94006137
0.0617472689 1.94307277
0.0618292915 1.94608816
0.0619115507 1.94910756
0.0619940474 1.95213097
0.0620767823 1.95515841
0.0621597563 1.95818989
0.0622429703 1.96122543
0.0623264251 1.96426502
0.0624101215 1.96730869
0.0624940604 1.97035645
0.0625782427 1.97340831
0.0626626691 1.97646428
0.0627473405 1.97952437
0.0628322579 1.98258859
0.0629174221 1.98565696
0.0630028339 1.98872949
0.0630884942 1.99180619
0.0631744039 1.99488708
0.0632605639 1.99797215
0.0633469751 2.00106144
0.0634336383 2.00415494
0.0635205545 2.00725268
0.0636077246 2.01035466
0.0636951494 2.01346089
0.0637828299 2.0165714
0.063870767 2.01968619
0.0639589616 2.02280527
0.0640474146 2.02592865
0.0641361269 2.02905636
0.0642250996 2.0321884
0.0643143334 2.03532478
0.0644038294 2.03846552
0.0644935885 2.04161062
0.0645836116 2.04476012
0.0646738996 2.047914
0.0647644537 2.0510723
0.0648552746 2.05423501
0.0649463634 2.05740217
0.065037721 2.06057376
0.0651293485 2.06374982
0.0652212467 2.06693036
0.0653134167 2.07011538
0.0654058594 2.0733049
0.0654985759 2.07649893
0.0655915672 2.0796975
0.0656848341 2.0829006
0.0657783779 2.08610826
0.0658721994 2.08932048
0.0659662996 2.09253728
0.0660606797 2.09575868
0.0661553406 2.09898469
0.0662502833 2.10221532
0.066345509 2.10545059
0.0664410185 2.1086905
0.066536813 2.11193508
0.0666328936 2.11518433
0.0667292612 2.11843828
0.0668259169 2.12169693
0.0669228619 2.1249603
0.0670200971 2.12822841
0.0671176237 2.13150126
0.0672154426 2.13477887
0.0673135551 2.13806126
0.0674119622 2.14134844
0.067510665 2.14464043
0.0676096646 2.14793723
0.067708962 2.15123887
0.0678085585 2.15454536
0.0679084551 2.1578567
0.068008653 2.16117293
0.0681091532 2.16449405
0.068209957 2.16782007
0.0683110653 2.17115102
0.0684124795 2.1744869
0.0685142006 2.17782774
0.0686162299 2.18117354
0.0687185683 2.18452432
0.0688212172 2.1878801
0.0689241777 2.19124089
0.0690274509 2.19460671
0.0691310381 2.19797757
0.0692349405 2.20135349
0.0693391592 2.20473448
0.0694436954 2.20812056
0.0695485504 2.21151174
0.0696537253 2.21490804
0.0697592214 2.21830948
0.0698650398 2.22171607
0.0699711819 2.22512782
0.0700776489 2.22854476
0.070184442 2.23196689
0.0702915624 2.23539424
0.0703990115 2.23882682
0.0705067904 2.24226465
0.0706149004 2.24570773
0.0707233428 2.2491561
0.070832119 2.25260976
0.0709412301 2.25606873
0.0710506774 2.25953302
0.0711604624 2.26300266
0.0712705861 2.26647766
0.0713810501 2.26995804
0.0714918556 2.27344381
0.0716030038 2.27693499
0.0717144963 2.28043159
0.0718263342 2.28393364
0.0719385189 2.28744115
0.0720510518 2.29095414
0.0721639343 2.29447262
0.0722771677 2.29799661
0.0723907533 2.30152613
0.0725046926 2.30506119
0.0726189869 2.30860182
0.0727336376 2.31214803
0.0728486462 2.31569983
0.072964014 2.31925725
0.0730797424 2.3228203
0.073195833 2.32638901
0.073312287 2.32996337
0.0734291059 2.33354343
0.0735462912 2.33712919
0.0736638443 2.34072067
0.0737817666 2.34431788
0.0739000597 2.34792086
0.074018725 2.35152961
0.074137764 2.35514415
0.0742571782 2.3587645
0.074376969 2.36239069
0.074497138 2.36602272
0.0746176866 2.36966062
0.0747386164 2.3733044
0.074859929 2.37695409
0.0749816258 2.3806097
0.0751037083 2.38427125
0.0752261782 2.38793876
0.075349037 2.39161225
0.0754722862 2.39529174
0.0755959275 2.39897724
0.0757199623 2.40266878
0.0758443923 2.40636638
0.0759692191 2.41007005
0.0760944443 2.41377981
0.0762200695 2.41749569
0.0763460963 2.4212177
0.0764725263 2.42494586
0.0765993612 2.42868019
0.0767266027 2.43242072
0.0768542523 2.43616745
0.0769823118 2.43992042
0.0771107828 2.44367964
0.077239667 2.44744513
0.077368966 2.45121692
0.0774986817 2.45499501
0.0776288156 2.45877944
0.0777593696 2.46257022
0.0778903452 2.46636738
0.0780217443 2.47017092
0.0781535687 2.47398088
0.07828582 2.47779728
0.0784185 2.48162013
0.0785516104 2.48544946
0.0786851532 2.48928529
0.07881913 2.49312764
0.0789535426 2.49697652
0.0790883929 2.50083197
0.0792236827 2.504694
0.0793594138 2.50856264
0.079495588 2.5124379
0.0796322072 2.51631981
0.0797692733 2.52020838
0.079906788 2.52410365
0.0800447534 2.52800563
0.0801831711 2.53191435
0.0803220433 2.53582982
0.0804613717 2.53975207
0.0806011583 2.54368113
0.080741405 2.547617
0.0808821138 2.55155972
0.0810232865 2.55550931
0.0811649252 2.5594658
0.0813070318 2.56342919
0.0814496083 2.56739952
0.0815926567 2.57137681
0.081736179 2.57536109
0.0818801771 2.57935237
0.0820246532 2.58335068
0.0821696092 2.58735604
0.0823150472 2.59136848
0.0824609693 2.59538801
0.0826073774 2.59941467
0.0827542737 2.60344848
0.0829016603 2.60748946
0.0830495393 2.61153763
0.0831979127 2.61559301
0.0833467828 2.61965565
0.0834961516 2.62372554
0.0836460212 2.62780273
0.0837963939 2.63188724
0.0839472718 2.63597908
0.084098657 2.64007829
0.0842505519 2.64418488
0.0844029585 2.6482989
0.0845558791 2.65242035
0.084709316 2.65654926
0.0848632713 2.66068567
0.0850177473 2.66482958
0.0851727463 2.66898104
0.0853282705 2.67314007
0.0854843224 2.67730668
0.085640904 2.68148092
0.0857980178 2.68566279
0.0859556662 2.68985233
0.0861138513 2.69404957
0.0862725757 2.69825453
0.0864318416 2.70246724
0.0865916515 2.70668772
0.0867520077 2.710916
0.0869129126 2.71515211
0.0870743687 2.71939607
0.0872363784 2.72364791
0.0873989442 2.72790766
0.0875620684 2.73217534
0.0877257537 2.73645098
0.0878900024 2.74073462
0.0880548171 2.74502627
0.0882202002 2.74932596
0.0883861545 2.75363373
0.0885526822 2.7579496
0.0887197861 2.76227359
0.0888874688 2.76660574
0.0890557327 2.77094607
0.0892245805 2.77529462
0.0893940148 2.77965141
0.0895640383 2.78401647
0.0897346536 2.78838982
0.0899058633 2.7927715
0.0900776702 2.79716154
0.0902500769 2.80155996
0.0904230862 2.8059668
0.0905967008 2.81038208
0.0907709233 2.81480584
0.0909457566 2.8192381
0.0911212035 2.82367889
0.0912972667 2.82812824
0.091473949 2.83258619
0.0916512533 2.83705276
0.0918291824 2.84152798
0.0920077391 2.84601188
0.0921869263 2.8505045
0.092366747 2.85500587
0.0925472039 2.85951601
0.0927283 2.86403496
0.0929100383 2.86856274
0.0930924217 2.8730994
0.0932754532 2.87764496
0.0934591357 2.88219945
0.0936434724 2.8867629
0.0938284661 2.89133535
0.0940141199 2.89591683
0.094200437 2.90050736
0.0943874203 2.90510699
0.0945750729 2.90971575
0.0947633981 2.91433366
0.0949523988 2.91896077
0.0951420784 2.9235971
0.0953324398 2.92824268
0.0955234863 2.93289755
0.0957152212 2.93756175
0.0959076476 2.94223531
0.0961007687 2.94691825
0.0962945879 2.95161062
0.0964891085 2.95631245
0.0966843336 2.96102377
0.0968802667 2.96574462
0.0970769111 2.97047502
0.0972742702 2.97521503
0.0974723472 2.97996467
0.0976711457 2.98472397
0.097870669 2.98949297
0.0980709207 2.99427171
0.098271904 2.99906022
0.0984736227 3.00385854
0.09867608 3.0086667
0.0988792796 3.01348475
0.099083225 3.0183127
0.0992879198 3.02315062
0.0994933676 3.02799851
0.0996995719 3.03285644
0.0999065364 3.03772443
0.100114265 3.04260251
0.100322761 3.04749073
0.100532028 3.05238913
0.10074207 3.05729774
0.100952891 3.06221659
0.101164494 3.06714574
0.101376884 3.07208521
0.101590063 3.07703504
0.101804037 3.08199528
0.102018808 3.08696595
0.102234381 3.09194711
0.10245076 3.09693879
0.102667948 3.10194102
0.102885949 3.10695385
0.103104768 3.11197732
0.103324408 3.11701146
0.103544874 3.12205633
0.103766169 3.12711195
0.103988298 3.13217836
0.104211265 3.13725562
0.104435073 3.14234376
0.104659728 3.14744281
0.104885232 3.15255283
0.105111591 3.15767385
0.105338808 3.16280591
0.105566889 3.16794906
0.105795836 3.17310334
0.106025655 3.17826879
0.10625635 3.18344546
0.106487925 3.18863338
0.106720385 3.1938326
0.106953733 3.19904316
0.107187975 3.2042651
0.107423115 3.20949848
0.107659158 3.21474332
0.107896107 3.21999969
0.108133968 3.22526761
0.108372745 3.23054714
0.108612442 3.23583832
0.108853066 3.24114119
0.109094619 3.24645581
0.109337107 3.2517822
0.109580534 3.25712043
0.109824906 3.26247054
0.110070227 3.26783257
0.110316502 3.27320656
0.110563736 3.27859257
0.110811933 3.28399065
0.111061099 3.28940083
0.111311239 3.29482317
0.111562357 3.30025771
0.111814459 3.30570451
0.11206755 3.3111636
0.112321634 3.31663504
0.112576717 3.32211887
0.112832804 3.32761515
0.1130899 3.33312393
0.113348011 3.33864524
0.113607142 3.34417915
0.113867297 3.3497257
0.114128483 3.35528494
0.114390704 3.36085692
0.114653967 3.3664417
0.114918276 3.37203931
0.115183637 3.37764982
0.115450055 3.38327328
0.115717537 3.38890973
0.115986087 3.39455923
0.116255711 3.40022184
0.116526415 3.40589759
0.116798204 3.41158655
0.117071085 3.41728877
0.117345063 3.4230043
0.117620143 3.42873319
0.117896332 3.43447551
0.118173636 3.44023129
0.11845206 3.44600061
0.11873161 3.4517835
0.119012293 3.45758003
0.119294114 3.46339026
0.11957708 3.46921423
0.119861196 3.475052
0.12014647 3.48090363
0.120432906 3.48676918
0.120720511 3.4926487
0.121009292 3.49854224
0.121299254 3.50444988
0.121590405 3.51037165
0.12188275 3.51630763
0.122176297 3.52225787
0.122471051 3.52822243
0.122767019 3.53420136
0.123064207 3.54019473
0.123362623 3.5462026
0.123662273 3.55222502
0.123963164 3.55826205
0.124265302 3.56431376
0.124568695 3.57038021
0.124873349 3.57646146
0.12517927 3.58255756
0.125486467 3.58866859
0.125794946 3.5947946
0.126104714 3.60093565
0.126415778 3.60709182
0.126728146 3.61326315
0.127041824 3.61944972
0.12735682 3.62565159
0.127673141 3.63186882
0.127990794 3.63810148
0.128309788 3.64434963
0.128630128 3.65061334
0.128951824 3.65689267
0.129274882 3.66318769
0.12959931 3.66949847
0.129925115 3.67582507
0.130252307 3.68216755
0.130580891 3.688526
0.130910876 3.69490047
0.13124227 3.70129103
0.131575081 3.70769775
0.131909317 3.7141207
0.132244986 3.72055996
0.132582096 3.72701558
0.132920655 3.73348764
0.133260671 3.73997621
0.133602153 3.74648137
0.133945109 3.75300318
0.134289548 3.75954171
0.134635477 3.76609703
0.134982907 3.77266923
0.135331844 3.77925837
0.135682297 3.78586452
0.136034277 3.79248777
0.13638779 3.79912817
0.136742846 3.80578582
0.137099455 3.81246078
0.137457624 3.81915313
0.137817363 3.82586294
0.138178681 3.8325903
0.138541588 3.83933527
0.138906092 3.84609794
0.139272202 3.85287838
0.139639929 3.85967667
0.140009281 3.8664929
0.140380268 3.87332713
0.1407529 3.88017945
0.141127187 3.88704994
0.141503137 3.89393868
0.141880761 3.90084576
0.142260068 3.90777124
0.142641069 3.91471522
0.143023774 3.92167777
0.143408193 3.92865898
0.143794335 3.93565894
0.144182211 3.94267772
0.144571832 3.94971542
0.144963207 3.95677211
0.145356348 3.96384788
0.145751265 3.97094282
0.146147967 3.97805701
0.146546467 3.98519054
0.146946775 3.9923435
0.147348902 3.99951598
0.147752858 4.00670806
0.148158655 4.01391983
0.148566304 4.02115139
0.148975815 4.02840282
0.149387201 4.03567422
0.149800473 4.04296567
0.150215642 4.05027727
0.15063272 4.0576091
0.151051717 4.06496127
0.151472647 4.07233387
0.151895521 4.07972698
0.15232035 4.08714071
0.152747148 4.09457514
0.153175924 4.10203039
0.153606693 4.10950653
0.154039466 4.11700367
0.154474256 4.12452191
0.154911075 4.13206134
0.155349935 4.13962206
0.15579085 4.14720418
0.156233832 4.15480779
0.156678894 4.16243299
0.157126048 4.17007988
0.157575308 4.17774857
0.158026688 4.18543916
0.1584802 4.19315175
0.158935857 4.20088644
0.159393674 4.20864334
0.159853663 4.21642256
0.160315839 4.22422419
0.160780215 4.23204835
0.161246805 4.23989515
0.161715623 4.24776468
0.162186683 4.25565707
0.16266 4.26357241
0.163135588 4.27151082
0.163613461 4.27947241
0.164093634 4.28745729
0.164576121 4.29546557
0.165060938 4.30349737
0.165548099 4.31155279
0.16603762 4.31963195
0.166529515 4.32773497
0.1670238 4.33586196
0.16752049 4.34401304
0.168019601 4.35218832
0.168521148 4.36038793
0.169025148 4.36861198
0.169531616 4.37686058
0.170040568 4.38513387
0.170552021 4.39343196
0.17106599 4.40175497
0.171582493 4.41010302
0.172101546 4.41847624
0.172623165 4.42687476
0.173147367 4.43529869
0.17367417 4.44374817
0.17420359 4.45222331
0.174735646 4.46072425
0.175270353 4.46925111
0.175807731 4.47780403
0.176347796 4.48638313
0.176890566 4.49498854
0.17743606 4.5036204
0.177984296 4.51227884
0.178535291 4.52096398
0.179089065 4.52967597
0.179645636 4.53841494
0.180205023 4.54718103
0.180767245 4.55597437
0.18133232 4.5647951
0.181900269 4.57364336
0.18247111 4.58251929
0.183044864 4.59142303
0.183621549 4.60035472
0.184201187 4.6093145
0.184783796 4.61830252
0.185369398 4.62731892
0.185958012 4.63636385
0.18654966 4.64543745
0.187144361 4.65453987
0.187742138 4.66367126
0.188343011 4.67283177
0.188947002 4.68202154
0.189554132 4.69124074
0.190164423 4.70048951
0.190777896 4.70976801
0.191394575 4.71907639
0.19201448 4.7284148
0.192637635 4.73778341
0.193264063 4.74718237
0.193893785 4.75661184
0.194526826 4.76607198
0.195163208 4.77556295
0.195802956 4.78508492
0.196446092 4.79463804
0.19709264 4.80422249
0.197742625 4.81383842
0.198396072 4.82348601
0.199053003 4.83316542
0.199713446 4.84287683
0.200377423 4.85262039
0.201044961 4.86239629
0.201716085 4.8722047
0.202390821 4.88204579
0.203069194 4.89191973
0.203751231 4.90182671
0.204436957 4.9117669
0.2051264 4.92174048
0.205819587 4.93174764
0.206516544 4.94178854
0.207217299 4.95186338
0.20792188 4.96197234
0.208630313 4.97211561
0.209342628 4.98229337
0.210058852 4.99250581
0.210779015 5.00275312
0.211503145 5.01303549
0.212231271 5.02335312
0.212963423 5.0337062
0.213699629 5.04409492
0.214439922 5.05451949
0.215184329 5.06498009
0.215932883 5.07547694
0.216685613 5.08601022
0.217442551 5.09658015
0.218203728 5.10718692
0.218969176 5.11783075
0.219738926 5.12851184
0.220513012 5.1392304
0.221291465 5.14998663
0.222074319 5.16078076
0.222861606 5.171613
0.22365336 5.18248355
0.224449615 5.19339264
0.225250405 5.20434049
0.226055764 5.21532731
0.226865728 5.22635333
0.227680331 5.23741877
0.228499609 5.24852386
0.229323597 5.25966882
0.230152332 5.27085388
0.23098585 5.28207927
0.231824188 5.29334522
0.232667383 5.30465197
0.233515473 5.31599975
0.234368496 5.32738881
0.235226489 5.33881937
0.236089492 5.35029168
0.236957543 5.36180599
0.237830683 5.37336254
0.23870895 5.38496156
0.239592386 5.39660333
0.240481029 5.40828807
0.241374923 5.42001606
0.242274107 5.43178753
0.243178624 5.44360276
0.244088516 5.45546199
0.245003825 5.46736548
0.245924596 5.47931351
0.24685087 5.49130633
0.247782692 5.50334421
0.248720107 5.51542742
0.249663159 5.52755623
0.250611893 5.53973092
0.251566356 5.55195176
0.252526593 5.56421902
0.253492651 5.57653299
0.254464577 5.58889396
0.255442419 5.60130219
0.256426224 5.61375799
0.257416042 5.62626163
0.258411921 5.63881342
0.259413912 5.65141364
0.260422063 5.66406259
0.261436427 5.67676057
0.262457053 5.68950788
0.263483993 5.70230482
0.2645173 5.71515171
0.265557027 5.72804884
0.266603226 5.74099653
0.267655952 5.75399509
0.268715258 5.76704484
0.269781201 5.7801461
0.270853834 5.79329919
0.271933216 5.80650443
0.273019401 5.81976214
0.274112448 5.83307267
0.275212414 5.84643634
0.276319358 5.85985349
0.27743334 5.87332445
0.278554418 5.88684956
0.279682654 5.90042917
0.280818108 5.91406363
0.281960842 5.92775328
0.283110918 5.94149848
0.2842684 5.95529958
0.285433352 5.96915694
0.286605837 5.98307092
0.28778592 5.99704189
0.288973669 6.01107022
0.290169149 6.02515627
0.291372427 6.03930041
0.292583572 6.05350304
0.293802651 6.06776452
0.295029736 6.08208525
0.296264896 6.0964656
0.297508201 6.11090598
0.298759725 6.12540676
0.300019539 6.13996836
0.301287717 6.15459117
0.302564334 6.1692756
0.303849463 6.18402205
0.305143182 6.19883094
0.306445567 6.21370268
0.307756696 6.22863769
0.309076646 6.24363639
0.310405499 6.25869921
0.311743333 6.27382659
0.31309023 6.28901895
0.314446272 6.30427673
0.315811542 6.31960038
0.317186125 6.33499034
0.318570105 6.35044706
0.319963568 6.365971
0.321366601 6.38156261
0.322779292 6.39722236
0.32420173 6.41295071
0.325634005 6.42874813
0.327076208 6.44461511
0.328528431 6.46055211
0.329990767 6.47655963
0.331463311 6.49263814
0.332946158 6.50878816
0.334439403 6.52501016
0.335943146 6.54130466
0.337457484 6.55767217
0.338982517 6.57411318
0.340518348 6.59062823
0.342065077 6.60721783
0.343622808 6.6238825
0.345191647 6.64062279
0.346771699 6.65743922
0.348363072 6.67433233
0.349965874 6.69130268
0.351580214 6.70835082
0.353206205 6.72547729
0.354843959 6.74268267
0.356493589 6.75996752
0.358155211 6.77733242
0.359828942 6.79477794
0.3615149 6.81230467
0.363213205 6.82991319
0.364923976 6.84760411
0.366647338 6.86537802
0.368383415 6.88323553
0.370132331 6.90117726
0.371894214 6.91920382
0.373669193 6.93731585
0.375457398 6.95551396
0.377258961 6.9737988
0.379074015 6.99217101
0.380902697 7.01063125
0.382745144 7.02918017
0.384601493 7.04781843
0.386471885 7.06654671
0.388356464 7.08536567
0.390255372 7.10427601
0.392168757 7.12327841
0.394096765 7.14237358
0.396039547 7.16156221
0.397997254 7.18084502
0.39997004 7.20022273
0.40195806 7.21969606
0.403961473 7.23926575
0.405980437 7.25893253
0.408015115 7.27869716
0.410065671 7.2985604
0.412132271 7.31852301
0.414215082 7.33858575
0.416314276 7.35874942
0.418430024 7.37901479
0.420562503 7.39938267
0.422711889 7.41985386
0.424878362 7.44042918
0.427062105 7.46110944
0.429263301 7.48189549
0.431482138 7.50278814
0.433718805 7.52378827
0.435973495 7.54489671
0.438246401 7.56611435
0.440537723 7.58744205
0.442847658 7.6088807
0.445176411 7.6304312
0.447524188 7.65209445
0.449891195 7.67387136
0.452277645 7.69576286
0.454683751 7.71776989
0.457109732 7.73989338
0.459555807 7.76213429
0.462022199 7.7844936
0.464509134 7.80697226
0.467016843 7.82957128
0.469545558 7.85229164
0.472095515 7.87513436
0.474666954 7.89810046
0.477260116 7.92119096
0.47987525 7.94440691
0.482512603 7.96774937
0.48517243 7.9912194
0.487854988 8.01481807
0.490560537 8.03854649
0.493289342 8.06240575
0.49604167 8.08639697
0.498817795 8.11052127
0.501617992 8.1347798
0.504442541 8.15917371
0.507291728 8.18370417
0.510165839 8.20837236
0.513065168 8.23317947
0.515990012 8.25812672
0.518940672 8.28321532
0.521917454 8.30844651
0.52492067 8.33382155
0.527950633 8.3593417
0.531007663 8.38500823
0.534092086 8.41082245
0.537204231 8.43678567
0.540344433 8.46289922
0.543513031 8.48916443
0.54671037 8.51558266
0.549936801 8.5421553
0.553192678 8.56888373
0.556478363 8.59576936
0.559794223 8.62281362
0.563140629 8.65001795
0.566517959 8.6773838
0.569926598 8.70491267
0.573366936 8.73260604
0.576839368 8.76046543
0.580344297 8.78849237
0.583882132 8.81668842
0.587453287 8.84505515
0.591058185 8.87359414
0.594697253 8.90230701
0.598370928 8.93119539
0.602079651 8.96026093
0.605823872 8.98950531
0.609604047 9.01893022
0.613420642 9.04853737
0.617274126 9.0783285
0.621164981 9.10830537
0.625093692 9.13846976
0.629060756 9.16882347
0.633066675 9.19936834
0.637111961 9.23010622
0.641197136 9.26103897
0.645322726 9.29216851
0.649489271 9.32349675
0.653697317 9.35502565
0.657947421 9.38675717
0.662240146 9.41869333
0.666576069 9.45083615
0.670955775 9.48318769
0.675379857 9.51575002
0.679848922 9.54852526
0.684363583 9.58151555
0.688924469 9.61472306
0.693532214 9.64814997
0.698187467 9.68179852
0.702890888 9.71567096
0.707643147 9.74976959
0.712444926 9.78409671
0.717296921 9.81865469
0.722199837 9.85344589
0.727154396 9.88847275
0.732161328 9.92373771
0.73722138 9.95924324
0.742335309 9.99499188
0.74750389 10.0309862
0.752727907 10.0672287
0.758008163 10.1037221
0.763345471 10.140469
0.768740664 10.1774722
0.774194586 10.2147344
0.779708098 10.2522583
0.785282077 10.2900467
0.790917418 10.3281026
0.79661503 10.3664289
0.80237584 10.4050284
0.808200794 10.4439042
0.814090853 10.4830592
0.820046999 10.5224967
0.82607023 10.5622196
0.832161566 10.6022312
0.838322044 10.6425346
0.844552723 10.6831332
0.850854681 10.7240302
0.857229017 10.765229
0.863676854 10.806733
0.870199333 10.8485457
0.876797619 10.8906706
0.883472903 10.9331112
0.890226394 10.9758712
0.897059331 11.0189542
0.903972972 11.0623641
0.910968606 11.1061045
0.918047543 11.1501794
0.925211122 11.1945926
0.932460709 11.2393481
0.939797699 11.28445
0.947223513 11.3299024
0.954739603 11.3757093
0.962347451 11.4218752
0.97004857 11.4684042
0.977844503 11.5153007
0.985736827 11.5625692
0.993727151 11.6102142
1.00181712 11.6582402
1.01000841 11.706652
1.01830274 11.7554542
1.02670186 11.8046517
1.03520755 11.8542493
1.04382165 11.9042521
1.05254603 11.9546651
1.06138258 12.0054934
1.07033326 12.0567423
1.07940007 12.1084171
1.08858504 12.1605232
1.09789025 12.213066
1.10731783 12.2660512
1.11686996 12.3194846
1.12654886 12.3733717
1.13635681 12.4277186
1.14629614 12.4825313
1.15636924 12.5378158
1.16657852 12.5935783
1.1769265 12.6498251
1.18741571 12.7065627
1.19804877 12.7637976
1.20882835 12.8215365
1.21975719 12.8797861
1.23083807 12.9385533
1.24207388 12.9978451
1.25346753 13.0576688
1.26502204 13.1180315
1.27674049 13.1789406
1.28862602 13.2404038
1.30068186 13.3024287
1.31291133 13.3650231
1.32531781 13.4281951
1.33790478 13.4919527
1.35067579 13.5563042
1.36363451 13.6212581
1.37678466 13.6868229
1.39013009 13.7530074
1.40367474 13.8198206
1.41742263 13.8872715
1.43137791 13.9553694
1.44554483 14.0241239
1.45992774 14.0935444
1.47453112 14.163641
1.48935955 14.2344235
1.50441775 14.3059022
1.51971056 14.3780876
1.53524294 14.4509903
1.55101999 14.5246211
1.56704695 14.5989912
1.58332921 14.6741118
1.5998723 14.7499944
1.61668189 14.8266509
1.63376384 14.9040933
1.65112414 14.9823337
1.66876896 15.0613848
1.68670466 15.1412593
1.70493776 15.2219703
1.72347497 15.3035311
1.74232321 15.3859553
1.76148959 15.4692568
1.78098142 15.5534498
1.80080623 15.6385489
1.82097177 15.7245688
1.84148604 15.8115248
1.86235725 15.8994322
1.88359388 15.9883069
1.90520465 16.0781652
1.92719857 16.1690235
1.94958489 16.2608987
1.97237318 16.3538082
1.9955733 16.4477696
2.01919541 16.5428011
2.04325 16.638921
2.06774788 16.7361484
2.09270023 16.8345026
2.11811858 16.9340035
2.14401481 17.0346712
2.17040123 17.1365266
2.19729053 17.239591
2.22469583 17.343886
2.25263068 17.449434
2.2811091 17.5562577
2.31014557 17.6643806
2.33975508 17.7738265
2.36995313 17.88462
2.40075574 17.9967862
2.43217954 18.1103509
2.46424168 18.2253403
2.49695998 18.3417816
2.53035286 18.4597024
2.56443941 18.5791311
2.59923943 18.700097
2.63477343 18.8226298
2.67106269 18.9467601
2.70812927 19.0725195
2.74599608 19.1999401
2.78468686 19.329055
2.82422631 19.4598981
2.86464004 19.5925043
2.90595466 19.7269093
2.94819784 19.8631498
2.99139833 20.0012633
3.03558605 20.1412887
3.08079208 20.2832655
3.1270488 20.4272346
3.1743899 20.5732378
3.22285047 20.7213181
3.27246706 20.8715197
3.32327774 21.0238879
3.37532224 21.1784694
3.42864194 21.3353121
3.48328006 21.4944651
3.53928168 21.655979
3.59669387 21.8199059
3.65556581 21.9862991
3.71594887 22.1552136
3.77789677 22.3267056
3.84146568 22.5008333
3.9067144 22.6776562
3.97370443 22.8572355
4.04250023 23.0396342
4.11316929 23.2249169
4.18578237 23.4131502
4.26041369 23.6044023
4.3371411 23.7987433
4.41604633 23.9962453
4.49721521 24.1969823
4.58073792 24.4010303
4.66670928 24.6084672
4.755229 24.8193731
4.84640202 25.0338299
4.94033884 25.2519219
5.03715583 25.4737353
5.13697569 25.6993582
5.23992777 25.9288811
5.34614859 26.1623963
5.45578224 26.3999982
5.56898093 26.6417832
5.68590552 26.8878494
5.80672609 27.1382967
5.93162258 27.3932268
6.06078545 27.6527426
6.19441641 27.9169486
6.33272918 28.18595
6.47595031 28.4598529
6.62432009 28.7387638
6.77809345 29.022789
6.93754103 29.3120343
7.10295018 29.6066045
7.27462615 29.9066022
7.4528933 30.2121277
7.63809633 30.5232774
7.83060166 30.840143
8.03079884 31.16281
8.23910197 31.4913564
8.45595121 31.8258508
8.68181433 32.1663503
8.91718823 32.5128983
9.16260048 32.8655217
9.41861074 33.2242278
9.68581221 33.5890009
9.96483278 33.9597983
10.2563361 34.3365458
10.5610221 34.7191324
10.8796274 35.1074051
11.2129252 35.5011623
11.5617239 35.9001471
11.9268657 36.3040399
12.3092234 36.7124505
12.709697 37.1249094
13.1292072 37.5408594
13.5686895 37.9596465
14.0290843 38.3805117
14.5113266 38.8025821
15.0163332 39.224864
15.5449874 39.6462367
16.0981226 40.0654477
16.6765036 40.4811105
17.2808065 40.8917045
17.9115973 41.2955773
18.5693097 41.6909506
19.254222 42.0759284
19.9664335 42.4485091
20.7058401 42.8066004
21.4721089 43.1480393
22.2646531 43.4706168
23.0826066 43.7721102
23.9247996 44.0503227
24.78974 44.3031343
25.675601 44.5285615
26.5802221 44.7248284
27.5011263 44.8904438
28.4355586 45.0242802
29.3805467 45.12565
30.3329845 45.1943678
31.2897354 45.2307956
32.2477479 45.235861
33.2041786 45.2110478
34.1565113 45.1583559
35.1026673 45.080233
36.0410961 44.9794818
36.9708451 44.8591473
37.8916 44.7223914
38.803697 44.5723612
39.7081025 44.4120593
40.6063646 44.2442241
41.5005379 44.0712291
42.3930896 43.8950063
43.2867957 43.7170011
44.1846375 43.538157
45.0897095 43.3589278
46.0051468 43.1793118
46.9340768 42.9988957
47.8795968 42.816901
48.8447744 42.6322204
49.8326651 42.4434384
50.8463401 42.2488305
51.8889156 42.0463386
52.9635765 41.833522
54.0735867 41.6074854
55.2222786 41.3647864
56.4130131 41.1013247
57.6491029 40.8122226
58.9336909 40.4917029
60.2695781 40.1329795
61.6589993 39.7281773
63.1033501 39.268299
64.6028765 38.7432576
66.1563418 38.1419915
67.7606953 37.4526716
69.4107676 36.6630062
71.0990205 35.7606399
72.8153792 34.7336364
74.5471718 33.5710259
76.2791963 32.2633934
77.9939321 30.803474
79.6719011 29.1867206
81.2921768 27.4118009
82.8330271 25.480983
84.2726624 23.4003722
85.5900494 21.1799651
86.7657414 18.8335043
87.7826677 16.3781284
88.6268257 13.8338331
89.2878259 11.2227735
89.7592497 8.56845512
90.038798 5.89487033
90.1282257 3.22563882
90.0330777 0.583211479
89.7622553 -2.01181451
89.3274571 -4.54123301
88.7425432 -6.98959888
88.022873 -9.34442694
87.1846623 -11.5962313
86.2443966 -13.738428
85.2183266 -15.7671319
84.1220583 -17.6808796
82.9702419 -19.4803112
81.776352 -21.167836
80.5525493 -22.7473039
79.3096091 -24.2236958
78.0569035 -25.6028406
76.8024245 -26.8911649
75.5528369 -28.0954751
74.3135522 -29.2227725
73.0888161 -30.2800983
71.8818026 -31.2744086
70.6947095 -32.2124742
69.5288517 -33.1008021
68.3847479 -33.9455753
67.2622 -34.7526059
66.1603624 -35.5272965
65.0778039 -36.2746056
64.0125636 -36.9990127
62.9622036 -37.7044811
61.9238647 -38.3944159
60.8943284 -39.0716197
59.8700893 -39.7382487
58.8474401 -40.395774
57.822568 -41.0449524
56.7916611 -41.6858137
55.7510202 -42.317664
54.6971706 -42.9391103
53.6269707 -43.5481029
52.5377128 -44.1419957
51.4272139 -44.7176217
50.2938941 -45.271382
49.1368422 -45.7993459
47.9558674 -46.2973621
46.7515339 -46.7611789
45.525177 -47.1865726
44.2788984 -47.5694815
43.0155359 -47.9061421
41.7386074 -48.1932216
40.4522269 -48.4279414
39.1609946 -48.6081834
37.8698646 -48.7325729
36.5839953 -48.8005307
35.3085926 -48.8122919
34.0487526 -48.7688881
32.8093162 -48.6720961
31.5947415 -48.5243564
30.4090021 -48.3286692
29.2555149 -48.0884754
28.1370979 -47.807532
27.0559581 -47.4897888
26.013704 -47.1392745
25.0113795 -46.7599956
24.0495128 -46.3558525
23.1281754 -45.930573
22.2470459 -45.4876629
21.4054748 -45.0303735
20.6025469 -44.5616824
19.8371393 -44.0842866
19.1079737 -43.6006038
18.4136621 -43.1127823
17.7527452 -42.6227141
17.1237259 -42.1320525
16.5250949 -41.6422308
15.9553526 -41.1544823
15.4130252 -40.6698595
14.8966774 -40.1892534
14.4049215 -39.7134117
13.936424 -39.2429553
13.4899091 -38.7783936
13.0641621 -38.320139
12.6580292 -37.8685192
12.2704182 -37.4237884
11.9002969 -36.9861374
11.546692 -36.5557026
11.2086867 -36.1325737
10.8854184 -35.7168005
10.5760764 -35.3083988
10.2798991 -34.9073558
9.99617154 -34.5136347
9.72422246 -34.1271781
9.46342196 -33.7479122
9.21317889 -33.3757491
8.97293847 -33.0105895
8.74218 -32.6523252
8.5204146 -32.3008406
8.30718324 -31.9560143
8.10205468 -31.617721
7.90462373 -31.2858321
7.71450946 -30.9602167
7.53135366 -30.640743
7.35481924 -30.3272785
7.18458894 -30.019691
7.02036393 -29.7178488
6.86186265 -29.421621
6.70881964 -29.1308785
6.56098452 -28.8454937
6.41812099 -28.565341
6.2800059 -28.2902967
6.14642844 -28.0202397
6.01718934 -27.7550511
5.89210012 -27.4946146
5.77098242 -27.2388162
5.65366737 -26.9875448
5.539995 -26.7406918
5.42981368 -26.4981513
5.32297962 -26.2598197
5.21935639 -26.0255966
5.11881447 -25.7953836
5.02123085 -25.5690853
4.92648863 -25.3466085
4.83447669 -25.1278628
4.74508929 -24.91276
4.65822585 -24.7012143
4.57379055 -24.4931425
4.49169217 -24.2884633
4.41184373 -24.087098
4.33416232 -23.8889698
4.25856885 -23.6940042
4.18498783 -23.5021287
4.11334721 -23.3132728
4.04357815 -23.127368
3.97561488 -22.9443476
3.90939453 -22.764147
3.84485695 -22.586703
3.78194462 -22.4119545
3.72060248 -22.2398418
3.6607778 -22.0703072
3.60242007 -21.9032943
3.54548091 -21.7387483
3.48991392 -21.576616
3.43567461 -21.4168454
3.3827203 -21.2593863
3.33101005 -21.1041895
3.28050454 -20.9512073
3.23116601 -20.8003933
3.18295818 -20.6517022
3.13584622 -20.5050901
3.08979661 -20.3605141
3.04477714 -20.2179326
3.00075682 -20.0773048
2.95770582 -19.9385913
2.91559544 -19.8017535
2.87439806 -19.6667539
2.83408706 -19.5335561
2.7946368 -19.4021243
2.75602257 -19.2724239
2.71822056 -19.144421
2.6812078 -19.0180827
2.64496215 -18.8933769
2.60946224 -18.7702722
2.57468745 -18.6487381
2.54061788 -18.5287448
2.50723431 -18.4102633
2.47451818 -18.2932652
2.44245157 -18.1777229
2.41101716 -18.0636093
2.38019819 -17.9508983
2.3499785 -17.839564
2.32034242 -17.7295815
2.29127483 -17.6209262
2.26276107 -17.5135743
2.23478698 -17.4075024
2.20733885 -17.3026878
2.18040339 -17.1991081
2.15396776 -17.0967417
2.1280195 -16.9955673
2.10254656 -16.8955641
2.07753724 -16.796712
2.05298023 -16.698991
2.02886454 -16.6023819
2.00517953 -16.5068657
1.98191489 -16.4124238
1.95906059 -16.3190382
1.93660695 -16.2266913
1.91454452 -16.1353656
1.89286417 -16.0450443
1.87155702 -15.9557109
1.85061446 -15.8673491
1.83002811 -15.7799431
1.80978986 -15.6934773
1.78989182 -15.6079367
1.7703263 -15.5233064
1.75108587 -15.4395718
1.73216328 -15.3567187
1.71355149 -15.2747332
1.69524366 -15.1936016
1.67723314 -15.1133106
1.65951345 -15.0338471
1.6420783 -14.9551983
1.62492157 -14.8773516
1.6080373 -14.8002948
1.59141968 -14.7240158
1.57506309 -14.6485028
1.55896202 -14.5737442
1.54311112 -14.4997287
1.5275052 -14.4264453
1.51213917 -14.3538829
1.4970081 -14.282031
1.48210717 -14.210879
1.4674317 -14.1404167
1.45297711 -14.0706341
1.43873897 -14.0015212
1.42471291 -13.9330684
1.41089472 -13.8652662
1.39728028 -13.7981053
1.38386554 -13.7315765
1.37064661 -13.665671
1.35761964 -13.6003798
1.34478091 -13.5356943
1.33212677 -13.4716062
1.31965368 -13.408107
1.30735816 -13.3451887
1.29523683 -13.2828431
1.28328639 -13.2210625
1.27150362 -13.1598391
1.25988536 -13.0991653
1.24842854 -13.0390337
1.23713017 -12.979437
1.2259873 -12.920368
1.21499708 -12.8618196
1.2041567 -12.803785
1.19346344 -12.7462573
1.18291462 -12.6892298
1.17250763 -12.632696
1.16223992 -12.5766493
1.15210899 -12.5210836
1.14211242 -12.4659925
1.13224782 -12.4113698
1.12251285 -12.3572097
1.11290523 -12.3035061
1.10342275 -12.2502533
1.09406322 -12.1974456
1.08482451 -12.1450772
1.07570452 -12.0931427
1.06670123 -12.0416367
1.05781264 -11.9905537
1.04903679 -11.9398886
1.04037176 -11.8896362
1.0318157 -11.8397913
1.02336676 -11.7903491
1.01502316 -11.7413045
1.00678313 -11.6926527
0.99864496 -11.644389
0.990606967 -11.5965087
0.982667502 -11.5490071
0.97482495 -11.5018797
0.96707773 -11.4551221
0.959424293 -11.4087299
0.951863121 -11.3626987
0.944392728 -11.3170243
0.937011658 -11.2717025
0.929718483 -11.2267292
0.922511804 -11.1821002
0.915390251 -11.1378117
0.908352479 -11.0938597
0.901397173 -11.0502402
0.89452304 -11.0069495
0.887728815 -10.9639839
0.881013256 -10.9213395
0.874375147 -10.8790129
0.867813295 -10.8370003
0.861326529 -10.7952983
0.854913701 -10.7539033
0.848573685 -10.712812
0.842305377 -10.6720209
0.836107693 -10.6315268
0.829979571 -10.5913263
0.823919968 -10.5514162
0.81792786 -10.5117933
0.812002243 -10.4724545
0.806142132 -10.4333967
0.800346559 -10.3946168
0.794614576 -10.3561119
0.78894525 -10.3178789
0.783337666 -10.279915
0.777790927 -10.2422172
0.772304152 -10.2047828
0.766876473 -10.167609
0.761507042 -10.1306929
0.756195023 -10.0940318
0.750939598 -10.0576232
0.74573996 -10.0214643
0.740595319 -9.98555253
0.735504899 -9.94988532
0.730467936 -9.91446014
0.725483681 -9.87927449
0.720551398 -9.8443259
0.715670363 -9.80961195
0.710839864 -9.77513023
0.706059205 -9.74087837
0.701327697 -9.70685405
0.696644667 -9.67305496
0.692009452 -9.63947883
0.687421399 -9.60612342
0.682879868 -9.57298652
0.67838423 -9.54006594
0.673933866 -9.50735954
0.669528166 -9.47486518
0.665166533 -9.44258079
0.660848379 -9.41050427
0.656573124 -9.3786336
0.652340201 -9.34696676
0.648149049 -9.31550176
0.643999118 -9.28423663
0.639889868 -9.25316945
0.635820767 -9.22229829
0.63179129 -9.19162128
0.627800923 -9.16113653
0.623849159 -9.13084223
0.619935501 -9.10073655
0.616059457 -9.07081769
0.612220545 -9.04108388
0.608418291 -9.01153339
0.604652228 -8.98216447
0.600921895 -8.95297543
0.597226841 -8.92396458
0.593566621 -8.89513026
0.589940796 -8.86647083
0.586348935 -8.83798466
0.582790614 -8.80967016
0.579265414 -8.78152574
0.575772925 -8.75354983
0.572312742 -8.72574091
0.568884466 -8.69809743
0.565487704 -8.6706179
0.56212207 -8.64330083
0.558787184 -8.61614474
0.55548267 -8.58914818
0.55220816 -8.56230973
0.548963291 -8.53562796
0.545747704 -8.50910146
0.542561047 -8.48272887
0.539402973 -8.4565088
0.53627314 -8.43043991
0.533171212 -8.40452086
0.530096855 -8.37875033
0.527049744 -8.35312702
0.524029556 -8.32764964
0.521035974 -8.30231691
0.518068686 -8.27712757
0.515127384 -8.25208038
0.512211764 -8.22717411
0.509321526 -8.20240755
0.506456377 -8.17777948
0.503616026 -8.15328872
0.500800187 -8.1289341
0.498008577 -8.10471445
0.495240919 -8.08062863
0.492496938 -8.0566755
0.489776366 -8.03285393
0.487078934 -8.00916282
0.484404381 -7.98560108
0.481752448 -7.9621676
0.479122881 -7.93886133
0.476515427 -7.91568119
0.473929838 -7.89262615
0.471365871 -7.86969516
0.468823283 -7.84688719
0.466301839 -7.82420124
0.463801302 -7.80163629
0.461321442 -7.77919136
0.458862031 -7.75686545
0.456422844 -7.73465761
0.45400366 -7.71256686
0.451604259 -7.69059227
0.449224427 -7.66873288
0.44686395 -7.64698777
0.444522618 -7.62535601
0.442200226 -7.60383671
0.439896567 -7.58242895
0.437611442 -7.56113184
0.435344651 -7.53994451
0.433095998 -7.51886608
0.43086529 -7.49789569
0.428652335 -7.47703249
0.426456946 -7.45627563
0.424278937 -7.43562427
0.422118124 -7.41507758
0.419974327 -7.39463475
0.417847366 -7.37429498
0.415737066 -7.35405744
0.413643253 -7.33392136
0.411565755 -7.31388595
0.409504402 -7.29395043
0.407459028 -7.27411402
0.405429468 -7.25437598
0.403415557 -7.23473554
0.401417137 -7.21519196
0.399434047 -7.19574451
0.397466132 -7.17639244
0.395513236 -7.15713504
0.393575206 -7.13797159
0.391651893 -7.11890138
0.389743147 -7.09992372
0.387848821 -7.08103789
0.385968769 -7.06224323
0.38410285 -7.04353904
0.38225092 -7.02492466
0.380412841 -7.0063994
0.378588474 -6.98796263
0.376777684 -6.96961367
0.374980334 -6.95135188
0.373196294 -6.93317662
0.37142543 -6.91508725
0.369667615 -6.89708315
0.367922719 -6.87916369
0.366190616 -6.86132826
0.364471181 -6.84357624
0.362764291 -6.82590703
0.361069823 -6.80832002
0.359387658 -6.79081463
0.357717677 -6.77339027
0.356059761 -6.75604636
0.354413796 -6.73878231
0.352779665 -6.72159757
0.351157256 -6.70449155
0.349546457 -6.68746371
0.347947157 -6.67051348
0.346359247 -6.65364032
0.344782618 -6.63684368
0.343217165 -6.62012302
0.341662781 -6.60347781
0.340119362 -6.58690752
0.338586806 -6.57041163
0.33706501 -6.55398961
0.335553874 -6.53764095
0.334053299 -6.52136514
0.332563186 -6.50516167
0.331083438 -6.48903005
0.329613958 -6.47296978
0.328154654 -6.45698036
0.326705429 -6.44106131
0.325266192 -6.42521214
0.323836852 -6.40943239
0.322417316 -6.39372157
0.321007497 -6.37807922
0.319607305 -6.36250486
0.318216653 -6.34699804
0.316835454 -6.33155831
0.315463623 -6.3161852
0.314101075 -6.30087828
0.312747726 -6.28563709
0.311403495 -6.2704612
0.310068298 -6.25535016
0.308742056 -6.24030355
0.307424689 -6.22532093
0.306116116 -6.21040189
0.304816261 -6.19554599
0.303525045 -6.18075283
0.302242394 -6.16602198
0.300968229 -6.15135304
0.299702478 -6.1367456
0.298445067 -6.12219926
0.297195921 -6.10771361
0.295954969 -6.09328826
0.294722139 -6.07892282
0.29349736 -6.0646169
0.292280563 -6.05037011
0.291071679 -6.03618206
0.289870638 -6.02205239
0.288677373 -6.00798071
0.287491817 -5.99396665
0.286313904 -5.98000984
0.285143569 -5.96610991
0.283980746 -5.9522665
0.282825371 -5.93847925
0.28167738 -5.9247478
0.280536712 -5.9110718
0.279403304 -5.8974509
0.278277094 -5.88388474
0.277158021 -5.87037298
0.276046026 -5.85691528
0.274941049 -5.84351131
0.27384303 -5.83016071
0.272751912 -5.81686316
0.271667637 -5.80361833
0.270590148 -5.79042589
0.269519389 -5.77728551
0.268455302 -5.76419687
0.267397834 -5.75115964
0.266346929 -5.73817352
0.265302534 -5.72523818
0.264264593 -5.71235332
0.263233056 -5.69951861
0.262207868 -5.68673377
0.261188979 -5.67399847
0.260176336 -5.66131242
0.259169888 -5.64867531
0.258169586 -5.63608686
0.257175379 -5.62354676
0.256187218 -5.61105472
0.255205054 -5.59861045
0.254228838 -5.58621366
0.253258524 -5.57386407
0.252294062 -5.56156139
0.251335407 -5.54930534
0.250382512 -5.53709564
0.249435331 -5.52493202
0.248493818 -5.51281419
0.247557928 -5.5007419
0.246627617 -5.48871486
0.24570284 -5.47673281
0.244783554 -5.46479549
0.243869715 -5.45290262
0.24296128 -5.44105395
0.242058208 -5.42924921
0.241160455 -5.41748816
0.24026798 -5.40577052
0.239380742 -5.39409606
0.2384987 -5.38246451
0.237621814 -5.37087563
0.236750044 -5.35932917
0.235883349 -5.34782487
0.235021691 -5.33636251
0.234165031 -5.32494184
0.23331333 -5.31356261
0.23246655 -5.30222458
0.231624653 -5.29092753
0.230787602 -5.27967121
0.22995536 -5.26845539
0.22912789 -5.25727984
0.228305156 -5.24614434
0.227487121 -5.23504864
0.226673751 -5.22399253
0.225865009 -5.21297578
0.225060861 -5.20199817
0.224261273 -5.19105948
0.223466208 -5.18015949
0.222675635 -5.16929797
0.221889519 -5.15847472
0.221107826 -5.14768952
0.220330524 -5.13694216
0.21955758 -5.12623241
0.218788961 -5.11556009
0.218024635 -5.10492497
0.217264571 -5.09432685
0.216508736 -5.08376552
0.2157571 -5.07324078
0.215009632 -5.06275243
0.214266301 -5.05230027
0.213527076 -5.0418841
0.212791927 -5.03150371
0.212060826 -5.02115892
0.211333741 -5.01084953
0.210610643 -5.00057535
0.209891505 -4.99033617
0.209176296 -4.98013182
0.208464988 -4.9699621
0.207757554 -4.95982683
0.207053965 -4.94972581
0.206354193 -4.93965887
0.205658211 -4.92962581
0.204965991 -4.91962647
0.204277508 -4.90966064
0.203592733 -4.89972816
0.20291164 -4.88982885
0.202234204 -4.87996252
0.201560397 -4.870129
0.200890195 -4.86032812
0.200223571 -4.85055971
0.1995605 -4.84082358
0.198900958 -4.83111958
0.198244919 -4.82144752
0.197592358 -4.81180724
0.196943252 -4.80219858
0.196297575 -4.79262136
0.195655304 -4.78307542
0.195016415 -4.77356059
0.194380884 -4.76407672
0.193748688 -4.75462364
0.193119804 -4.74520119
0.192494208 -4.73580921
0.191871879 -4.72644754
0.191252792 -4.71711603
0.190636926 -4.70781451
0.190024259 -4.69854283
0.189414769 -4.68930084
0.188808433 -4.68008839
0.18820523 -4.67090532
0.187605139 -4.66175148
0.187008138 -4.65262672
0.186414206 -4.64353089
0.185823323 -4.63446384
0.185235467 -4.62542543
0.184650618 -4.61641552
0.184068755 -4.60743394
0.183489859 -4.59848057
0.18291391 -4.58955525
0.182340887 -4.58065786
0.18177077 -4.57178823
0.181203541 -4.56294624
0.180639179 -4.55413174
0.180077666 -4.5453446
0.179518983 -4.53658468
0.17896311 -4.52785184
0.178410029 -4.51914595
0.177859722 -4.51046687
0.177312169 -4.50181446
0.176767353 -4.4931886
0.176225255 -4.48458916
0.175685858 -4.47601599
0.175149144 -4.46746897
0.174615095 -4.45894798
0.174083693 -4.45045288
0.173554921 -4.44198354
0.173028762 -4.43353984
0.172505199 -4.42512165
0.171984215 -4.41672885
0.171465792 -4.40836131
0.170949915 -4.40001891
0.170436567 -4.39170152
0.169925731 -4.38340902
0.169417391 -4.3751413
0.16891153 -4.36689823
0.168408134 -4.35867968
0.167907186 -4.35048555
0.16740867 -4.34231571
0.16691257 -4.33417005
0.166418872 -4.32604845
0.165927559 -4.31795079
0.165438617 -4.30987696
0.16495203 -4.30182684
0.164467783 -4.29380032
0.163985862 -4.28579729
0.163506251 -4.27781763
0.163028936 -4.26986124
0.162553903 -4.26192799
0.162081137 -4.25401779
0.161610623 -4.24613052
0.161142348 -4.23826607
0.160676297 -4.23042434
0.160212456 -4.22260521
0.159750812 -4.21480859
0.159291351 -4.20703436
0.158834058 -4.19928241
0.158378922 -4.19155265
0.157925927 -4.18384497
0.157475061 -4.17615927
0.157026311 -4.16849544
0.156579663 -4.16085338
0.156135105 -4.15323299
0.155692623 -4.14563417
0.155252205 -4.13805681
0.154813837 -4.13050083
0.154377508 -4.12296611
0.153943205 -4.11545256
0.153510915 -4.10796008
0.153080626 -4.10048858
0.152652326 -4.09303796
0.152226002 -4.08560812
0.151801643 -4.07819897
0.151379237 -4.0708104
0.150958771 -4.06344234
0.150540234 -4.05609468
0.150123614 -4.04876732
0.1497089 -4.04146019
0.149296081 -4.03417318
0.148885143 -4.0269062
0.148476078 -4.01965916
0.148068872 -4.01243198
0.147663515 -4.00522456
0.147259996 -3.99803681
0.146858304 -3.99086864
0.146458428 -3.98371997
0.146060356 -3.97659071
0.145664079 -3.96948077
0.145269586 -3.96239006
0.144876866 -3.95531849
0.144485908 -3.94826599
0.144096702 -3.94123246
0.143709238 -3.93421783
0.143323506 -3.927222
0.142939494 -3.92024489
0.142557194 -3.91328643
0.142176594 -3.90634652
0.141797686 -3.89942508
0.141420459 -3.89252204
0.141044903 -3.88563731
0.140671008 -3.87877081
0.140298765 -3.87192246
0.139928165 -3.86509218
0.139559197 -3.85827989
0.139191852 -3.85148551
0.13882612 -3.84470897
0.138461994 -3.83795018
0.138099462 -3.83120907
0.137738516 -3.82448555
0.137379147 -3.81777957
0.137021345 -3.81109103
0.136665102 -3.80441986
0.136310409 -3.79776598
0.135957256 -3.79112933
0.135605635 -3.78450982
0.135255538 -3.77790739
0.134906955 -3.77132195
0.134559878 -3.76475344
0.134214298 -3.75820178
0.133870207 -3.7516669
0.133527596 -3.74514873
0.133186457 -3.73864719
0.132846782 -3.73216222
0.132508562 -3.72569374
0.132171789 -3.71924169
0.131836455 -3.71280598
0.131502552 -3.70638657
0.131170072 -3.69998336
0.130839007 -3.69359631
0.130509349 -3.68722532
0.130181089 -3.68087035
0.129854221 -3.67453132
0.129528736 -3.66820816
0.129204627 -3.66190081
0.128881887 -3.6556092
0.128560506 -3.64933326
0.128240479 -3.64307293
0.127921797 -3.63682815
0.127604453 -3.63059884
0.12728844 -3.62438494
0.12697375 -3.61818639
0.126660376 -3.61200313
0.12634831 -3.60583508
0.126037547 -3.59968219
0.125728077 -3.5935444
0.125419895 -3.58742163
0.125112994 -3.58131384
0.124807365 -3.57522095
0.124503003 -3.56914291
0.124199901 -3.56307965
0.123898051 -3.55703111
0.123597447 -3.55099723
0.123298081 -3.54497796
0.122999949 -3.53897323
0.122703041 -3.53298298
0.122407353 -3.52700715
0.122112878 -3.52104569
0.121819608 -3.51509853
0.121527538 -3.50916562
0.12123666 -3.50324689
0.12094697 -3.4973423
0.120658459 -3.49145177
0.120371123 -3.48557527
0.120084954 -3.47971272
0.119799947 -3.47386408
0.119516094 -3.46802928
0.119233391 -3.46220827
0.118951831 -3.45640099
0.118671408 -3.4506074
0.118392116 -3.44482743
0.118113948 -3.43906102
0.1178369 -3.43330814
0.117560965 -3.42756871
0.117286137 -3.42184269
0.11701241 -3.41613002
0.116739779 -3.41043065
0.116468237 -3.40474453
0.11619778 -3.3990716
0.115928401 -3.39341181
0.115660095 -3.38776511
0.115392856 -3.38213144
0.115126679 -3.37651077
0.114861558 -3.37090302
0.114597488 -3.36530816
0.114334462 -3.35972613
0.114072477 -3.35415688
0.113811525 -3.34860036
0.113551603 -3.34305651
0.113292705 -3.3375253
0.113034825 -3.33200668
0.112777958 -3.32650058
0.112522099 -3.32100696
0.112267242 -3.31552578
0.112013384 -3.31005698
0.111760518 -3.30460052
0.111508639 -3.29915635
0.111257743 -3.29372441
0.111007824 -3.28830467
0.110758877 -3.28289708
0.110510898 -3.27750158
0.110263881 -3.27211814
0.110017822 -3.2667467
0.109772716 -3.26138721
0.109528558 -3.25603964
0.109285343 -3.25070394
0.109043066 -3.24538005
0.108801723 -3.24006794
0.108561309 -3.23476757
0.108321819 -3.22947887
0.108083249 -3.22420182
0.107845594 -3.21893635
0.107608849 -3.21368245
0.10737301 -3.20844004
0.107138072 -3.2032091
0.106904032 -3.19798958
0.106670883 -3.19278144
0.106438623 -3.18758462
0.106207246 -3.1823991
0.105976748 -3.17722482
0.105747125 -3.17206175
0.105518373 -3.16690983
0.105290486 -3.16176904
0.105063462 -3.15663932
0.104837295 -3.15152064
0.104611981 -3.14641295
0.104387517 -3.14131622
0.104163897 -3.13623039
0.103941118 -3.13115544
0.103719176 -3.12609131
0.103498067 -3.12103798
0.103277786 -3.11599539
0.10305833 -3.11096351
0.102839694 -3.1059423
0.102621875 -3.10093171
0.102404868 -3.09593172
0.10218867 -3.09094227
0.101973276 -3.08596334
0.101758683 -3.08099487
0.101544887 -3.07603684
0.101331884 -3.0710892
0.10111967 -3.06615192
0.100908241 -3.06122495
0.100697594 -3.05630827
0.100487725 -3.05140182
0.10027863 -3.04650558
0.100070305 -3.0416195
0.0998627469 -3.03674355
0.0996559518 -3.03187769
0.099449916 -3.02702189
0.0992446359 -3.0221761
0.099040108 -3.01734029
0.0988363285 -3.01251443
0.0986332941 -3.00769848
0.098431001 -3.00289239
0.0982294459 -2.99809614
0.0980286252 -2.9933097
0.0978285354 -2.98853301
0.0976291731 -2.98376606
0.0974305348 -2.97900879
0.0972326172 -2.97426119
0.0970354167 -2.96952321
0.0968389302 -2.96479482
0.0966431541 -2.96007598
0.0964480852 -2.95536666
0.0962537201 -2.95066683
0.0960600556 -2.94597645
0.0958670883 -2.94129548
0.0956748151 -2.9366239
0.0954832326 -2.93196166
0.0952923377 -2.92730875
0.0951021272 -2.92266511
0.0949125979 -2.91803073
0.0947237465 -2.91340556
0.09453557 -2.90878957
0.0943480653 -2.90418273
0.0941612292 -2.89958502
0.0939750587 -2.89499638
0.0937895506 -2.89041681
0.093604702 -2.88584625
0.0934205097 -2.88128468
0.0932369708 -2.87673207
0.0930540823 -2.87218838
0.0928718411 -2.86765359
0.0926902444 -2.86312766
0.0925092891 -2.85861056
0.0923289724 -2.85410227
0.0921492913 -2.84960274
0.0919702429 -2.84511195
0.0917918244 -2.84062986
0.0916140328 -2.83615646
0.0914368654 -2.8316917
0.0912603192 -2.82723555
0.0910843916 -2.822788
0.0909090796 -2.818349
0.0907343805 -2.81391852
0.0905602915 -2.80949654
0.09038681 -2.80508303
0.090213933 -2.80067796
0.090041658 -2.79628129
0.0898699821 -2.791893
0.0896989028 -2.78751307
0.0895284174 -2.78314145
0.0893585231 -2.77877813
0.0891892174 -2.77442306
0.0890204975 -2.77007624
0.088852361 -2.76573762
0.0886848052 -2.76140717
0.0885178275 -2.75708488
0.0883514253 -2.75277071
0.0881855961 -2.74846463
0.0880203373 -2.74416662
0.0878556464 -2.73987664
0.087691521 -2.73559468
0.0875279584 -2.7313207
0.0873649563 -2.72705468
0.0872025121 -2.72279658
0.0870406233 -2.71854639
0.0868792876 -2.71430407
0.0867185025 -2.71006959
0.0865582656 -2.70584294
0.0863985745 -2.70162409
0.0862394268 -2.697413
0.0860808201 -2.69320965
0.085922752 -2.68901402
0.0857652202 -2.68482608
0.0856082224 -2.6806458
0.0854517563 -2.67647315
0.0852958194 -2.67230812
0.0851404096 -2.66815067
0.0849855245 -2.66400079
0.0848311619 -2.65985844
0.0846773194 -2.65572359
0.0845239949 -2.65159624
0.0843711862 -2.64747634
0.0842188909 -2.64336387
0.0840671069 -2.63925881
0.0839158319 -2.63516114
0.0837650639 -2.63107082
0.0836148005 -2.62698784
0.0834650397 -2.62291217
0.0833157792 -2.61884379
0.0831670171 -2.61478266
0.083018751 -2.61072878
0.0828709789 -2.60668211
0.0827236987 -2.60264262
0.0825769083 -2.5986103
0.0824306056 -2.59458513
0.0822847885 -2.59056707
0.082139455 -2.5865561
0.0819946031 -2.58255221
0.0818502306 -2.57855536
0.0817063355 -2.57456553
0.0815629159 -2.57058271
0.0814199697 -2.56660687
0.081277495 -2.56263798
0.0811354897 -2.55867602
0.0809939518 -2.55472097
0.0808528795 -2.5507728
0.0807122707 -2.5468315
0.0805721235 -2.54289704
0.0804324359 -2.5389694
0.0802932062 -2.53504856
0.0801544322 -2.53113449
0.0800161122 -2.52722717
0.0798782442 -2.52332659
0.0797408264 -2.51943271
0.0796038568 -2.51554551
0.0794673337 -2.51166498
0.0793312551 -2.5077911
0.0791956193 -2.50392383
0.0790604243 -2.50006317
0.0789256684 -2.49620908
0.0787913498 -2.49236155
0.0786574666 -2.48852055
0.078524017 -2.48468607
0.0783909993 -2.48085808
0.0782584117 -2.47703657
0.0781262524 -2.47322151
0.0779945196 -2.46941287
0.0778632117 -2.46561065
0.0777323268 -2.46181482
0.0776018633 -2.45802535
0.0774718194 -2.45424224
0.0773421933 -2.45046545
0.0772129835 -2.44669497
0.0770841882 -2.44293077
0.0769558057 -2.43917285
0.0768278343 -2.43542117
0.0767002725 -2.43167572
0.0765731184 -2.42793647
0.0764463704 -2.42420341
0.076320027 -2.42047652
0.0761940865 -2.41675578
0.0760685472 -2.41304117
0.0759434075 -2.40933267
0.0758186659 -2.40563025
0.0756943207 -2.40193391
0.0755703703 -2.39824362
0.0754468131 -2.39455936
0.0753236476 -2.39088111
0.0752008722 -2.38720885
0.0750784854 -2.38354257
0.0749564855 -2.37988225
0.074834871 -2.37622786
0.0747136405 -2.3725794
0.0745927923 -2.36893683
0.074472325 -2.36530014
0.074352237 -2.36166932
0.0742325268 -2.35804434
0.0741131929 -2.35442518
0.0739942339 -2.35081183
0.0738756482 -2.34720428
0.0737574344 -2.34360249
0.073639591 -2.34000646
0.0735221166 -2.33641616
0.0734050096 -2.33283158
0.0732882687 -2.32925269
0.0731718924 -2.32567949
0.0730558793 -2.32211196
0.0729402279 -2.31855007
0.0728249368 -2.3149938
0.0727100046 -2.31144315
0.07259543 -2.3078981
0.0724812114 -2.30435861
0.0723673476 -2.30082469
0.0722538372 -2.29729631
0.0721406787 -2.29377346
0.0720278708 -2.29025611
0.0719154121 -2.28674425
0.0718033013 -2.28323786
0.0716915371 -2.27973694
0.071580118 -2.27624145
0.0714690428 -2.27275138
0.0713583101 -2.26926672
0.0712479186 -2.26578745
0.071137867 -2.26231356
0.0710281539 -2.25884501
0.0709187782 -2.25538181
0.0708097384 -2.25192394
0.0707010333 -2.24847137
0.0705926616 -2.24502409
0.070484622 -2.24158208
0.0703769133 -2.23814534
0.0702695341 -2.23471384
0.0701624833 -2.23128756
0.0700557595 -2.22786649
0.0699493616 -2.22445062
0.0698432883 -2.22103993
0.0697375383 -2.2176344
0.0696321105 -2.21423402
0.0695270035 -2.21083877
0.0694222163 -2.20744863
0.0693177475 -2.2040636
0.069213596 -2.20068365
0.0691097605 -2.19730877
0.0690062399 -2.19393895
0.0689030331 -2.19057416
0.0688001387 -2.1872144
0.0686975557 -2.18385965
0.0685952828 -2.18050989
0.0684933189 -2.1771651
0.0683916629 -2.17382528
0.0682903135 -2.17049041
0.0681892697 -2.16716048
0.0680885303 -2.16383546
0.0679880941 -2.16051534
0.0678879601 -2.15720012
0.067788127 -2.15388977
0.0676885939 -2.15058428
0.0675893595 -2.14728363
0.0674904227 -2.14398781
0.0673917825 -2.14069681
0.0672934378 -2.13741062
0.0671953874 -2.13412921
0.0670976303 -2.13085257
0.0670001654 -2.12758069
0.0669029916 -2.12431356
0.0668061078 -2.12105115
0.0667095129 -2.11779346
0.066613206 -2.11454048
0.0665171859 -2.11129218
0.0664214516 -2.10804856
0.066326002 -2.1048096
0.0662308362 -2.10157528
0.066135953 -2.0983456
0.0660413514 -2.09512053
0.0659470304 -2.09190008
0.065852989 -2.08868421
0.0657592261 -2.08547292
0.0656657408 -2.0822662
0.065572532 -2.07906402
0.0654795987 -2.07586639
0.06538694 -2.07267328
0.0652945548 -2.06948468
0.0652024421 -2.06630057
0.065110601 -2.06312096
0.0650190304 -2.05994581
0.0649277295 -2.05677512
0.0648366971 -2.05360887
0.0647459324 -2.05044706
0.0646554344 -2.04728967
0.0645652022 -2.04413668
0.0644752347 -2.04098808
0.064385531 -2.03784387
0.0642960903 -2.03470402
0.0642069114 -2.03156853
0.0641179936 -2.02843738
0.0640293358 -2.02531055
0.0639409372 -2.02218805
0.0638527968 -2.01906984
0.0637649137 -2.01595593
0.063677287 -2.0128463
0.0635899157 -2.00974093
0.063502799 -2.00663982
0.063415936 -2.00354295
0.0633293258 -2.00045031
0.0632429674 -1.99736188
0.06315686 -1.99427766
0.0630710027 -1.99119763
0.0629853945 -1.98812178
0.0629000348 -1.9850501
0.0628149225 -1.98198258
0.0627300567 -1.9789192
0.0626454367 -1.97585995
0.0625610616 -1.97280482
0.0624769304 -1.9697538
0.0623930424 -1.96670687
0.0623093967 -1.96366403
0.0622259925 -1.96062527
0.0621428288 -1.95759056
0.0620599049 -1.9545599
0.06197722 -1.95153328
0.0618947731 -1.94851069
0.0618125635 -1.94549211
0.0617305904 -1.94247753
0.0616488528 -1.93946694
0.0615673501 -1.93646034
0.0614860814 -1.9334577
0.0614050459 -1.93045902
0.0613242428 -1.92746428
0.0612436712 -1.92447348
0.0611633305 -1.9214866
0.0610832197 -1.91850364
0.0610033381 -1.91552457
0.0609236849 -1.9125494
0.0608442593 -1.9095781
0.0607650606 -1.90661067
0.060686088 -1.9036471
0.0606073406 -1.90068737
0.0605288178 -1.89773147
0.0604505187 -1.8947794
0.0603724426 -1.89183114
0.0602945887 -1.88888669
0.0602169563 -1.88594602
0.0601395447 -1.88300914
0.060062353 -1.88007602
0.0599853805 -1.87714666
0.0599086265 -1.87422105
0.0598320903 -1.87129918
0.0597557711 -1.86838104
0.0596796681 -1.86546661
0.0596037807 -1.86255589
0.0595281081 -1.85964886
0.0594526495 -1.85674551
0.0593774044 -1.85384585
0.0593023719 -1.85094984
0.0592275513 -1.84805749
0.059152942 -1.84516878
0.0590785432 -1.84228371
0.0590043542 -1.83940226
0.0589303743 -1.83652442
0.0588566028 -1.83365018
0.0587830391 -1.83077954
0.0587096823 -1.82791247
0.058636532 -1.82504898
0.0585635872 -1.82218905
0.0584908474 -1.81933268
0.0584183119 -1.81647984
0.0583459801 -1.81363054
0.0582738511 -1.81078476
0.0582019244 -1.8079425
0.0581301993 -1.80510373
0.0580586751 -1.80226846
0.0579873512 -1.79943667
0.0579162269 -1.79660836
0.0578453016 -1.7937835
0.0577745745 -1.79096211
0.0577040451 -1.78814415
0.0576337126 -1.78532963
0.0575635765 -1.78251854
0.0574936361 -1.77971086
0.0574238908 -1.77690659
0.0573543399 -1.77410571
0.0572849828 -1.77130822
0.0572158188 -1.76851411
0.0571468474 -1.76572337
0.0570780679 -1.76293598
0.0570094796 -1.76015194
0.056941082 -1.75737125
0.0568728745 -1.75459388
0.0568048563 -1.75181984
0.056737027 -1.74904911
0.0566693859 -1.74628168
0.0566019323 -1.74351755
END
