SIMP
NP=4096
SW=30000
TYPE=SPE
DATA
8.20221734 351.633579
8.2207719 352.234629
8.23940967 352.837038
8.25813105 353.440814
8.27693644 354.045962
8.29582623 354.652489
8.31480085 355.260401
8.3338607 355.869703
8.35300621 356.480403
8.3722378 357.092506
8.39155588 357.706019
8.41096091 358.320948
8.4304533 358.9373
8.4500335 359.55508
8.46970196 360.174296
8.48945912 360.794954
8.50930543 361.417059
8.52924136 362.04062
8.54926737 362.665642
8.56938392 363.292132
8.58959148 363.920096
8.60989054 364.549542
8.63028156 365.180475
8.65076504 365.812903
8.67134147 366.446833
8.69201133 367.08227
8.71277513 367.719223
8.73363337 368.357698
8.75458657 368.997702
8.77563522 369.639241
8.79677985 370.282323
8.81802099 370.926955
8.83935915 371.573144
8.86079488 372.220897
8.88232871 372.870221
8.90396117 373.521123
8.92569283 374.173611
8.94752422 374.827692
8.9694559 375.483373
8.99148845 376.140661
9.01362242 376.799564
9.03585838 377.460089
9.05819692 378.122244
9.08063861 378.786037
9.10318405 379.451474
9.12583382 380.118563
9.14858853 380.787313
9.17144877 381.45773
9.19441516 382.129822
9.21748831 382.803598
9.24066884 383.479065
9.26395737 384.156231
9.28735454 384.835103
9.31086097 385.51569
9.33447732 386.198
9.35820424 386.882041
9.38204236 387.567821
9.40599236 388.255348
9.43005489 388.944629
9.45423063 389.635675
9.47852026 390.328492
9.50292445 391.023089
9.5274439 391.719475
9.55207929 392.417658
9.57683134 393.117646
9.60170074 393.819448
9.62668821 394.523072
9.65179447 395.228528
9.67702025 395.935824
9.70236627 396.644968
9.72783327 397.35597
9.75342201 398.068838
9.77913322 398.783581
9.80496767 399.500209
9.83092613 400.218729
9.85700936 400.939152
9.88321814 401.661487
9.90955326 402.385742
9.93601551 403.111926
9.96260569 403.84005
9.9893246 404.570123
10.0161731 405.302154
10.0431519 406.036152
10.0702619 406.772127
10.097504 407.510088
10.1248789 408.250046
10.1523875 408.99201
10.1800308 409.73599
10.2078094 410.481995
10.2357244 411.230036
10.2637766 411.980122
10.2919669 412.732265
10.3202961 413.486472
10.3487652 414.242756
10.3773752 415.001126
10.4061268 415.761592
10.4350211 416.524165
10.4640589 417.288855
10.4932413 418.055673
10.5225692 418.824629
10.5520435 419.595735
10.5816653 420.369
10.6114354 421.144435
10.6413549 421.922052
10.6714248 422.701861
10.701646 423.483874
10.7320197 424.268101
10.7625468 425.054553
10.7932283 425.843242
10.8240654 426.63418
10.855059 427.427377
10.8862102 428.222844
10.9175201 429.020595
10.9489897 429.820639
10.9806203 430.622989
11.0124128 431.427657
11.0443684 432.234654
11.0764881 433.043992
11.1087732 433.855684
11.1412248 434.669742
11.173844 435.486177
11.206632 436.305002
11.23959 437.126229
11.2727191 437.949871
11.3060206 438.77594
11.3394956 439.60445
11.3731454 440.435412
11.4069712 441.268839
11.4409742 442.104744
11.4751558 442.943141
11.5095171 443.784042
11.5440595 444.62746
11.5787842 445.47341
11.6136925 446.321903
11.6487858 447.172954
11.6840654 448.026576
11.7195325 448.882782
11.7551887 449.741587
11.7910352 450.603004
11.8270734 451.467048
11.8633047 452.333731
11.8997305 453.203069
11.9363522 454.075076
11.9731713 454.949765
12.0101892 455.827152
12.0474073 456.707251
12.0848272 457.590076
12.1224503 458.475643
12.1602782 459.363966
12.1983122 460.25506
12.2365541 461.14894
12.2750052 462.045622
12.3136673 462.94512
12.3525418 463.847451
12.3916303 464.75263
12.4309345 465.660672
12.470456 466.571593
12.5101964 467.48541
12.5501574 468.402137
12.5903407 469.321792
12.6307479 470.244391
12.6713807 471.169949
12.7122409 472.098484
12.7533302 473.030012
12.7946504 473.96455
12.8362032 474.902114
12.8779905 475.842723
12.920014 476.786392
12.9622756 477.733139
13.0047771 478.682982
13.0475204 479.635939
13.0905074 480.592026
13.13374 481.551262
13.1772201 482.513665
13.2209497 483.479252
13.2649307 484.448042
13.3091651 485.420054
13.3536549 486.395306
13.3984022 487.373817
13.4434089 488.355605
13.4886773 489.340689
13.5342092 490.329089
13.580007 491.320824
13.6260726 492.315914
13.6724083 493.314377
13.7190162 494.316234
13.7658986 495.321504
13.8130576 496.330209
13.8604955 497.342367
13.9082147 498.357999
13.9562173 499.377127
14.0045057 500.39977
14.0530822 501.425949
14.1019493 502.455687
14.1511094 503.489003
14.2005647 504.525919
14.2503179 505.566457
14.3003713 506.610639
14.3507275 507.658486
14.401389 508.710022
14.4523584 509.765267
14.5036382 510.824245
14.5552311 511.886978
14.6071397 512.95349
14.6593666 514.023802
14.7119147 515.09794
14.7647865 516.175925
14.8179849 517.257782
14.8715127 518.343535
14.9253727 519.433207
14.9795677 520.526824
15.0341006 521.624409
15.0889744 522.725987
15.144192 523.831583
15.1997564 524.941222
15.2556705 526.05493
15.3119375 527.172732
15.3685605 528.294655
15.4255425 529.420723
15.4828868 530.550963
15.5405965 531.685402
15.5986748 532.824067
15.6571251 533.966984
15.7159506 535.11418
15.7751547 536.265684
15.8347407 537.421522
15.8947121 538.581723
15.9550723 539.746315
16.0158249 540.915326
16.0769735 542.088784
16.1385214 543.26672
16.2004725 544.449161
16.2628304 545.636138
16.3255988 546.82768
16.3887814 548.023818
16.4523821 549.22458
16.5164047 550.429999
16.5808531 551.640105
16.6457313 552.854928
16.7110432 554.074501
16.7767929 555.298855
16.8429845 556.528022
16.909622 557.762035
16.9767098 559.000925
17.044252 560.244726
17.1122529 561.493472
17.1807169 562.747194
17.2496484 564.005928
17.3190517 565.269708
17.3889315 566.538568
17.4592923 567.812542
17.5301387 569.091666
17.6014754 570.375976
17.6733071 571.665507
17.7456386 572.960295
17.8184748 574.260377
17.8918206 575.56579
17.9656809 576.876571
18.0400609 578.192757
18.1149655 579.514387
18.1904001 580.841499
18.2663698 582.174131
18.3428799 583.512323
18.4199359 584.856114
18.4975431 586.205543
18.5757071 587.560652
18.6544334 588.921481
18.7337278 590.28807
18.8135959 591.660462
18.8940436 593.038698
18.9750767 594.422821
19.0567013 595.812873
19.1389233 597.208897
19.2217489 598.610937
19.3051843 600.019038
19.3892357 601.433243
19.4739096 602.853598
19.5592124 604.280147
19.6451506 605.712938
19.731731 607.152016
19.8189601 608.597428
19.9068449 610.049222
19.9953921 611.507445
20.084609 612.972145
20.1745024 614.443373
20.2650797 615.921176
20.3563481 617.405605
20.448315 618.89671
20.540988 620.394542
20.6343746 621.899153
20.7284826 623.410595
20.8233197 624.92892
20.9188939 626.454182
21.0152133 627.986434
21.1122859 629.52573
21.2101202 631.072127
21.3087244 632.625678
21.4081071 634.186441
21.5082769 635.754472
21.6092427 637.329828
21.7110131 638.912568
21.8135974 640.50275
21.9170046 642.100433
22.021244 643.705678
22.126325 645.318545
22.2322572 646.939096
22.3390503 648.567392
22.4467141 650.203497
22.5552587 651.847473
22.6646941 653.499385
22.7750306 655.159299
22.8862787 656.827278
22.998449 658.503391
23.1115522 660.187704
23.2255993 661.880285
23.3406013 663.581203
23.4565695 665.290527
23.5735154 667.008329
23.6914506 668.734678
23.8103867 670.469648
23.9303359 672.213311
24.0513103 673.96574
24.1733222 675.727011
24.2963841 677.497199
24.4205088 679.276381
24.5457093 681.064634
24.6719986 682.862035
24.7993901 684.668666
24.9278974 686.484605
25.0575343 688.309934
25.1883148 690.144735
25.320253 691.989092
25.4533635 693.843088
25.587661 695.706809
25.7231603 697.580342
25.8598767 699.463774
25.9978256 701.357192
26.1370226 703.260688
26.2774837 705.174352
26.4192252 707.098276
26.5622634 709.032552
26.7066152 710.977276
26.8522975 712.932543
26.9993277 714.898449
27.1477235 716.875092
27.2975026 718.862572
27.4486833 720.86099
27.6012842 722.870447
27.7553241 724.891047
27.9108221 726.922893
28.0677979 728.966093
28.2262711 731.020753
28.3862621 733.086983
28.5477912 735.164892
28.7108796 737.254592
28.8755483 739.356197
29.0418192 741.469821
29.2097141 743.595581
29.3792556 745.733594
29.5504665 747.883981
29.7233699 750.046862
29.8979897 752.222361
30.0743498 754.410601
30.2524748 756.61171
30.4323897 758.825815
30.6141199 761.053046
30.7976914 763.293536
30.9831305 765.547416
31.1704641 767.814824
31.3597197 770.095897
31.550925 772.390773
31.7441085 774.699594
31.9392993 777.022504
32.1365267 779.359649
32.335821 781.711175
32.5372126 784.077233
32.740733 786.457975
32.9464139 788.853555
33.1542878 791.264129
33.3643878 793.689857
33.5767477 796.1309
33.7914018 798.587421
34.0083853 801.059586
34.2277339 803.547565
34.4494842 806.051528
34.6736735 808.57165
34.9003395 811.108106
35.1295213 813.661077
35.3612582 816.230744
35.5955906 818.817292
35.8325597 821.420909
36.0722075 824.041785
36.3145769 826.680115
36.5597117 829.336094
36.8076566 832.009924
37.0584571 834.701806
37.31216 837.411949
37.5688126 840.14056
37.8284638 842.887854
38.091163 845.654046
38.3569609 848.439358
38.6259093 851.244012
38.8980612 854.068237
39.1734706 856.912263
39.4521926 859.776326
39.7342839 862.660664
40.0198019 865.565521
40.3088058 868.491144
40.6013557 871.437785
40.8975135 874.405698
41.1973419 877.395144
41.5009056 880.406388
41.8082704 883.439698
42.1195037 886.495349
42.4346745 889.573619
42.7538534 892.674792
43.0771125 895.799156
43.4045258 898.947005
43.7361688 902.118638
44.0721189 905.314359
44.4124554 908.534478
44.7572594 911.77931
45.1066138 915.049177
45.4606038 918.344406
45.8193164 921.665329
46.1828409 925.012286
46.5512685 928.385623
46.9246931 931.785691
47.3032105 935.212849
47.6869189 938.667463
48.0759193 942.149905
48.470315 945.660555
48.8702117 949.199799
49.2757181 952.768032
49.6869457 956.365655
50.1040085 959.993079
50.5270238 963.650722
50.9561117 967.339008
51.3913957 971.058374
51.8330021 974.809262
52.2810611 978.592124
52.7357058 982.407422
53.1970732 986.255626
53.6653038 990.137217
54.1405421 994.052685
54.6229363 998.00253
55.1126386 1001.98726
55.6098057 1006.0074
56.1145983 1010.06349
56.6271816 1014.15605
57.1477257 1018.28566
57.6764051 1022.45288
58.2133995 1026.65828
58.7588936 1030.90245
59.3130774 1035.18601
59.8761463 1039.50957
60.4483014 1043.87377
61.0297499 1048.27923
61.6207046 1052.72664
62.2213849 1057.21666
62.8320167 1061.74997
63.4528326 1066.3273
64.0840722 1070.94935
64.7259822 1075.61687
65.378817 1080.33061
66.0428387 1085.09134
66.7183176 1089.89986
67.4055323 1094.75698
68.10477 1099.66352
68.8163271 1104.62033
69.5405093 1109.62828
70.277632 1114.68827
71.0280209 1119.80119
71.7920119 1124.968
72.5699522 1130.18964
73.3622001 1135.46709
74.1691257 1140.80137
74.9911115 1146.19349
75.8285527 1151.64452
76.6818579 1157.15555
77.5514494 1162.72767
78.4377641 1168.36204
79.3412536 1174.05982
80.2623854 1179.82222
81.2016432 1185.65046
82.1595278 1191.54581
83.1365574 1197.50956
84.133269 1203.54306
85.1502187 1209.64767
86.1879826 1215.8248
87.2471581 1222.0759
88.3283641 1228.40244
89.4322427 1234.80596
90.5594599 1241.28803
91.7107065 1247.85027
92.8866996 1254.49432
94.0881835 1261.22191
95.3159312 1268.03479
96.5707456 1274.93476
97.8534609 1281.9237
99.1649442 1289.00351
100.506097 1296.17617
101.877856 1303.44372
103.281198 1310.80824
104.717136 1318.27191
106.186728 1325.83694
107.691073 1333.50562
109.231317 1341.28033
110.808655 1349.16349
112.42433 1357.15764
114.07964 1365.26536
115.77594 1373.48933
117.514641 1381.83233
119.297219 1390.29721
121.125212 1398.88692
123.000228 1407.60451
124.92395 1416.45314
126.898133 1425.43605
128.924616 1434.55663
131.005321 1443.81835
133.14226 1453.22481
135.337541 1462.77975
137.593372 1472.48703
139.912065 1482.35065
142.296046 1492.37473
144.747861 1502.56358
147.270178 1512.92163
149.865802 1523.4535
152.537677 1534.16395
155.288898 1545.05794
158.122717 1556.14061
161.042559 1567.41729
164.052023 1578.89351
167.154905 1590.57504
170.3552 1602.46783
173.657119 1614.57809
177.065106 1626.91226
180.583848 1639.47706
184.218297 1652.27945
187.973679 1665.32668
191.855525 1678.62631
195.86968 1692.18618
200.022332 1706.01448
204.320035 1720.11973
208.769732 1734.51081
213.378787 1749.19697
218.155012 1764.18786
223.106703 1779.49354
228.242673 1795.1245
233.572293 1811.0917
239.105533 1827.40657
244.853011 1844.08105
250.826036 1861.12759
257.036673 1878.55923
263.497794 1896.38957
270.223148 1914.63284
277.22743 1933.3039
284.526361 1952.4183
292.136773 1971.99229
300.076701 1992.0429
308.365489 2012.5879
317.023902 2033.6459
326.074252 2055.2364
335.540531 2077.37975
345.448569 2100.09728
355.826195 2123.41129
366.703426 2147.34511
378.11267 2171.92314
390.088952 2197.17087
402.670163 2223.11496
415.897345 2249.78323
429.814991 2277.20474
444.471398 2305.40977
459.919045 2334.42987
476.215021 2364.29785
493.421506 2395.0478
511.606295 2426.71503
530.843402 2459.33608
551.213721 2492.94861
572.805774 2527.59132
595.716547 2563.30379
620.052427 2600.1263
645.930252 2638.09955
673.478498 2677.26431
702.838597 2717.66099
734.166425 2759.32902
767.633974 2802.30615
803.431218 2846.6275
841.768205 2892.32435
882.877396 2939.4227
927.016266 2987.94134
974.470196 3037.88956
1025.55566 3089.2642
1080.62372 3142.04606
1140.06385 3196.19532
1204.30799 3251.64594
1273.83486 3308.29871
1349.17438 3366.0126
1430.91208 3424.59413
1519.69311 3483.78421
1616.2257 3543.2421
1721.28321 3602.52571
1835.70414 3661.06777
1960.38887 3718.14708
2096.29147 3772.85438
2244.40437 3824.0522
2405.73303 3870.32876
2581.25668 3909.94656
2771.87041 3940.78735
2978.30302 3960.29721
3201.00436 3965.43825
3439.99629 3952.65708
3694.68326 3917.88565
3963.62316 3856.59544
4244.26776 3763.93183
4532.69596 3634.95815
4823.38224 3465.03568
5109.06478 3250.35084
5380.79603 2988.57057
5628.26241 2679.55886
5840.43346 2326.03116
6006.53679 1933.9769
6117.2557 1512.67384
6165.94245 1074.17635
6149.57776 632.284733
6069.23133 201.157039
5929.897 -206.155002
5739.74832 -578.938097
5509.0131 -909.589531
5248.73691 -1193.84789
4969.68128 -1430.54708
4681.51152 -1621.05075
4392.32288 -1768.54685
4108.47038 -1877.35106
3834.62385 -1952.31281
3573.96087 -1998.36436
3328.42319 -2020.21392
3098.98367 -2022.16211
2885.89206 -2008.01279
2688.88399 -1981.04951
2507.34923 -1944.0537
2340.46114 -1899.34648
2187.27282 -1848.84141
2046.78587 -1794.10006
1917.99802 -1736.38548
1799.93466 -1676.71102
1691.6685 -1615.88337
1592.33096 -1554.53949
1501.1175 -1493.17799
1417.28909 -1432.18513
1340.17093 -1371.85654
1269.14967 -1312.41484
1203.66955 -1254.0242
1143.22815 -1196.8021
1087.37199 -1140.82887
1035.6921 -1086.15541
987.819861 -1032.80946
943.423051 -980.800594
902.2022 -930.124255
863.887249 -880.765023
828.234523 -832.699201
795.023991 -785.896901
764.056799 -740.323702
735.153071 -695.941977
708.149929 -652.711941
682.899737 -610.59248
659.268524 -569.541807
637.134589 -529.517966
616.387251 -490.47923
596.925739 -452.384401
578.658201 -415.19304
561.500821 -378.865631
545.377033 -343.363705
530.216818 -308.649922
515.956074 -274.688122
502.536059 -241.443353
489.902888 -208.881885
478.007081 -176.971198
466.803164 -145.679973
456.249305 -114.978064
446.306991 -84.8364654
436.940736 -55.2272791
428.117816 -26.1236728
419.808038 2.50016048
411.98352 30.6690457
404.618506 58.4068692
397.689184 85.7366231
391.173535 112.680448
385.05119 139.259676
379.303297 165.494875
373.912411 191.405885
368.86238 217.011863
364.138258 242.331319
359.726209 267.382156
355.613434 292.181701
351.788095 316.746746
348.239254 341.093579
344.956808 365.238015
341.931438 389.19543
339.15456 412.980789
336.61828 436.608677
334.315352 460.093322
332.239142 483.44863
330.383596 506.688204
328.743208 529.825372
327.312994 552.873209
326.088465 575.844567
325.06561 598.752088
324.240871 621.608235
323.611129 644.425308
323.173689 667.215468
322.926264 689.990756
322.866963 712.763117
322.994288 735.544413
323.307117 758.346449
323.804704 781.180991
324.486671 804.059782
325.353007 826.994565
326.404064 849.997101
327.640558 873.079186
329.06357 896.252675
330.674551 919.529494
332.475322 942.921667
334.468083 966.441329
336.65542 990.100752
339.040314 1013.91236
341.626149 1037.88875
344.416731 1062.04272
347.416295 1086.38727
350.629527 1110.93566
354.06158 1135.70141
357.718093 1160.6983
361.605217 1185.94044
365.729638 1211.44228
370.098609 1237.2186
374.719975 1263.2846
379.60221 1289.65587
384.754458 1316.34846
390.186569 1343.37887
395.909146 1370.76413
401.933595 1398.52178
408.27218 1426.66995
414.938081 1455.22736
421.945461 1484.21338
429.309537 1513.64806
437.04666 1543.55216
445.174398 1573.9472
453.711635 1604.85551
462.678673 1636.30026
472.097349 1668.30551
481.991157 1700.89626
492.385391 1734.0985
503.307298 1767.93926
514.786245 1802.44665
526.853908 1837.64993
539.544478 1873.57952
552.894888 1910.26711
566.945067 1947.74567
581.738223 1986.0495
597.321151 2025.2143
613.744581 2065.27716
631.063564 2106.27666
649.337897 2148.25284
668.632604 2191.24723
689.018469 2235.30286
710.572628 2280.46422
733.37924 2326.77725
757.530223 2374.28922
783.126094 2423.04864
810.2769 2473.10507
839.103262 2524.50894
869.737551 2577.31122
902.3252 2631.56298
937.026182 2687.31494
974.016662 2744.61676
1013.49085 2803.51618
1055.66307 2864.05794
1100.77009 2926.28242
1149.07367 2990.22389
1200.86349 3055.90834
1256.46024 3123.35078
1316.21915 3192.55184
1380.53381 3263.49353
1449.84019 3336.13399
1524.62104 3410.40094
1605.41035 3486.18359
1692.79791 3563.32263
1787.43359 3641.59784
1890.03108 3720.71295
2001.37061 3800.27702
2122.29969 3879.78188
2253.73113 3958.57483
2396.63649 4035.82608
2552.03326 4110.49031
2720.96276 4181.26227
2904.45537 4246.52675
3103.47853 4304.30433
3318.86214 4352.19605
3551.19517 4387.33254
3800.68751 4406.33678
4066.99222 4405.31439
4348.98741 4379.89103
4644.52404 4325.32216
4950.15883 4236.70448
5260.90878 4109.31691
5570.08601 3939.10786
5869.29147 3723.31959
6148.65534 3461.19707
6397.39522 3154.67321
6604.70943 2808.87078
6760.93134 2432.2411
6858.76393 2036.19888
6894.33513 1634.22151
6867.81272 1240.53332
6783.41277 868.630773
6648.80005 529.960206
6474.04351 233.00609
6270.38746 -17.0867388
6049.0985 -218.386042
5820.5713 -371.679574
5593.769 -479.79689
5375.98265 -546.906317
5172.8388 -577.896567
4988.46768 -577.89689
4825.75259 -551.946126
4686.60108 -504.794757
4572.20052 -440.812678
4483.23772 -363.974073
4420.07501 -277.894624
4382.88194 -185.902001
4371.72503 -91.1260894
4386.61902 3.40016563
4427.54172 94.6354945
4494.41346 179.42541
4587.04 254.402596
4705.01622 315.899128
4847.58761 359.88028
5013.46709 381.91424
5200.60895 377.197754
5405.94921 340.66324
5625.13493 267.196225
5852.28343 151.989373
6079.83413 -8.95411441
6298.57479 -218.183902
6497.92932 -476.094949
6666.57149 -780.267524
6793.36808 -1125.02149
6868.55845 -1501.36286
6884.97185 -1897.44861
6839.01631 -2299.57605
6731.18783 -2693.54888
6565.96004 -3066.14652
6351.08436 -3406.38718
6096.48779 -3706.34635
5813.03578 -3961.43541
5511.41073 -4170.1935
5201.27055 -4333.74442
4890.7447 -4455.09827
4586.23902 -4538.45075
4292.47327 -4588.57887
4012.66397 -4610.37754
3748.77656 -4608.54111
3501.7919 -4587.37029
3271.95374 -4550.67597
3058.98053 -4501.75089
2862.23649 -4443.38496
2680.8638 -4377.90543
2513.88083 -4307.22898
2360.25276 -4232.91711
2218.94045 -4156.22991
2088.93284 -4078.17515
1969.26737 -3999.55177
1859.04161 -3920.9873
1757.41898 -3842.96955
1663.63018 -3765.87308
1576.97207 -3689.98106
1496.80477 -3615.50332
1422.54777 -3542.59097
1353.67562 -3471.34839
1289.71334 -3401.84291
1230.232 -3334.11259
1174.84438 -3268.17261
1123.20091 -3204.02025
1074.98598 -3141.63908
1029.91446 -3081.00215
987.728627 -3022.07464
948.195291 -2964.81597
911.103303 -2909.18144
876.261261 -2855.12356
843.495481 -2802.59312
812.648175 -2751.53999
783.57583 -2701.91375
756.147756 -2653.66424
730.2448 -2606.74189
705.75819 -2561.09806
682.588512 -2516.68522
660.64479 -2473.45713
639.84367 -2431.36893
620.108687 -2390.37722
601.369613 -2350.44012
583.561871 -2311.51725
566.626012 -2273.56977
550.507244 -2236.56034
535.155008 -2200.4531
520.522603 -2165.21363
506.566843 -2130.80893
493.247749 -2097.20737
480.528272 -2064.37863
468.374046 -2032.29366
456.753159 -2000.92463
445.63595 -1970.24489
434.994822 -1940.22889
424.80408 -1910.85218
415.03977 -1882.09131
405.67955 -1853.92383
396.702555 -1826.32822
388.089291 -1799.28384
379.821524 -1772.7709
371.882189 -1746.77044
364.2553 -1721.26425
356.925872 -1696.23484
349.879848 -1671.66546
343.104032 -1647.53998
336.586028 -1623.84294
330.314183 -1600.55945
324.277539 -1577.67522
318.465778 -1555.17648
312.869188 -1533.05
307.478614 -1511.28304
302.285428 -1489.8633
297.281489 -1468.77898
292.459115 -1448.01866
287.811054 -1427.57136
283.330454 -1407.42644
279.010842 -1387.57368
274.846097 -1368.00318
270.830431 -1348.70537
266.95837 -1329.67101
263.224732 -1310.89116
259.624613 -1292.35716
256.153371 -1274.06063
252.806608 -1255.99344
249.58016 -1238.14773
246.470085 -1220.51585
243.472645 -1203.09039
240.584302 -1185.86416
237.801704 -1168.83015
235.121674 -1151.98157
232.541205 -1135.31179
230.05745 -1118.81438
227.667714 -1102.48306
225.369444 -1086.31171
223.16023 -1070.29436
221.037789 -1054.42518
218.999966 -1038.6985
217.044726 -1023.10873
215.170151 -1007.65044
213.374431 -992.318307
211.655864 -977.107108
210.01285 -962.011725
208.443888 -947.027138
206.947569 -932.148416
205.522581 -917.370714
204.167695 -902.689264
202.881773 -888.099375
201.663758 -873.596422
200.512674 -859.175847
199.427626 -844.833149
198.407796 -830.563881
197.45244 -816.363648
196.560889 -802.228097
195.732549 -788.152919
194.966896 -774.133837
194.263476 -760.166609
193.621907 -746.247019
193.041875 -732.370873
192.523136 -718.533999
192.065515 -704.732236
191.668905 -690.961434
191.333268 -677.21745
191.058634 -663.496143
190.845105 -649.793368
190.692849 -636.104974
190.602108 -622.426799
190.573194 -608.754665
190.606492 -595.084375
190.70246 -581.411708
190.861632 -567.732413
191.084619 -554.042205
191.37211 -540.336763
191.724877 -526.611722
192.143773 -512.862669
192.629736 -499.085138
193.183795 -485.274605
193.807069 -471.426485
194.500772 -457.536121
195.266217 -443.598783
196.104816 -429.609661
197.018092 -415.56386
198.007677 -401.456391
199.075317 -387.282166
200.222882 -373.035994
201.452369 -358.712568
202.765905 -344.306465
204.165761 -329.812133
205.654351 -315.223885
207.234247 -300.535892
208.908181 -285.742172
210.679059 -270.836584
212.549969 -255.812816
214.52419 -240.664376
216.605203 -225.384585
218.796708 -209.966559
221.10263 -194.403206
223.527137 -178.687209
226.074656 -162.811016
228.749888 -146.766823
231.557824 -130.546569
234.503767 -114.14191
237.593351 -97.5442147
240.832564 -80.7445418
244.227772 -63.7336258
247.785746 -46.5018593
251.513688 -29.0392743
255.419266 -11.3355228
259.510644 6.62014381
263.796518 24.8388958
268.28616 43.3323483
272.989457 62.1125845
277.916959 81.1921813
283.07993 100.584235
288.490406 120.302389
294.161253 140.360864
300.106236 160.774485
306.34009 181.558716
312.878602 202.729693
319.738697 224.304257
326.938535 246.299989
334.497618 268.735251
342.436903 291.62922
350.778931 315.001932
359.547973 338.874316
368.770175 363.268243
378.473742 388.206563
388.689118 413.713147
399.449202 439.812928
410.789576 466.531943
422.74877 493.897369
435.368543 521.937557
448.694202 550.682067
462.774959 580.161685
477.664328 610.408446
493.420558 641.455637
510.107133 673.337787
527.793317 706.090643
546.55477 739.751118
566.474233 774.357216
587.642303 809.947916
610.158294 846.563012
634.131206 884.242896
659.680811 923.028267
686.938874 962.959758
716.050524 1004.07744
747.175785 1046.42022
780.491305 1090.02499
816.192283 1134.9257
854.494628 1181.152
895.63737 1228.72772
939.885341 1277.66881
987.532149 1327.98086
1038.90345 1379.65602
1094.36053 1432.66904
1154.30419 1486.97249
1219.17888 1542.49073
1289.47705 1599.11251
1365.74353 1656.68174
1448.57987 1714.98614
1538.64818 1773.74331
1636.6742 1832.58359
1743.44878 1891.02924
1859.82701 1948.46917
1986.72353 2004.12866
2125.10241 2057.03348
2275.95898 2105.96794
2440.29062 2149.42727
2619.05215 2185.56488
2813.09112 2212.13721
3023.05679 2226.45025
3249.27685 2225.31558
3491.59632 2205.02742
3749.17578 2161.37816
4020.25184 2089.73498
4301.87311 1985.20578
4589.64031 1842.92361
4877.49989 1658.47224
5157.66196 1428.45652
5420.72855 1151.18437
5656.11383 827.376247
5852.80017 460.761647
6000.397 58.3859151
6090.365 -369.537208
6117.17225 -810.310584
6079.11116 -1249.91983
5978.561 -1674.47389
5821.62344 -2071.61939
5617.23135 -2431.63726
5375.9626 -2748.03797
5108.82925 -3017.62442
4826.26257 -3240.12442
4537.41312 -3417.5636
4249.78373 -3553.55221
3969.14237 -3652.61741
3699.6306 -3719.65595
3443.9833 -3759.53299
3203.79202 -3776.81937
2979.76643 -3775.64256
2771.96816 -3759.62206
2580.00577 -3731.86171
2403.18932 -3694.97719
2240.64777 -3651.14223
2091.41525 -3602.1428
1954.49201 -3549.43211
1828.88615 -3494.1826
1713.64075 -3437.33267
1607.85044 -3379.62757
1510.67056 -3321.65438
1421.321 -3263.87136
1339.08671 -3206.63245
1263.31578 -3150.20743
1193.41632 -3094.79849
1128.85242 -3040.5537
1069.13983 -2987.57798
1013.84156 -2935.94198
962.563598 -2885.68923
914.950731 -2836.84196
870.682785 -2789.40578
829.47106 -2743.37336
791.055117 -2698.72749
755.199847 -2655.44349
721.692846 -2613.4911
690.342038 -2572.83606
660.973563 -2533.44131
633.429879 -2495.26797
607.568074 -2458.27608
583.258355 -2422.42525
560.382709 -2387.67509
538.833702 -2353.98556
518.513417 -2321.3173
499.332501 -2289.63179
481.209317 -2258.8915
464.069191 -2229.06003
447.843735 -2200.10217
432.470241 -2171.98394
417.891148 -2144.6726
404.053554 -2118.13669
390.908784 -2092.34599
378.412004 -2067.27152
366.521872 -2042.88553
355.200223 -2019.16142
344.411787 -1996.07374
334.123939 -1973.59818
324.306465 -1951.71145
314.931361 -1930.39132
305.972639 -1909.61652
297.406164 -1889.36675
289.209499 -1869.62258
281.361764 -1850.36546
273.843515 -1831.57767
266.636623 -1813.24226
259.724176 -1795.34304
253.090379 -1777.86451
246.720472 -1760.79188
240.600648 -1744.11098
234.717982 -1727.80827
229.060365 -1711.8708
223.616445 -1696.28616
218.375568 -1681.04249
213.327733 -1666.1284
208.46354 -1651.53303
203.774151 -1637.24593
199.25125 -1623.25711
194.887004 -1609.55699
190.674034 -1596.13638
186.605383 -1582.98647
182.674487 -1570.0988
178.875146 -1557.46526
175.201507 -1545.07805
171.648035 -1532.92968
168.209497 -1521.01298
164.880938 -1509.32104
161.657667 -1497.8472
158.535242 -1486.5851
155.509449 -1475.52857
152.576293 -1464.67173
149.731982 -1454.00887
146.972916 -1443.53452
144.295674 -1433.24342
141.697007 -1423.13048
139.173824 -1413.19081
136.723183 -1403.41968
134.342287 -1393.81256
132.02847 -1384.36505
129.779193 -1375.07293
127.592036 -1365.93211
125.46469 -1356.93865
123.394956 -1348.08874
121.380731 -1339.37871
119.42001 -1330.80501
117.510876 -1322.3642
115.651499 -1314.05298
113.840128 -1305.86814
112.07509 -1297.80657
110.354783 -1289.86527
108.677675 -1282.04136
107.042299 -1274.33201
105.447248 -1266.73451
103.891177 -1259.24623
102.372796 -1251.86462
100.890866 -1244.5872
99.4442015 -1237.41159
98.0316633 -1230.33547
96.6521587 -1223.35659
95.3046384 -1216.47277
93.9880947 -1209.68189
92.7015596 -1202.98191
91.4441026 -1196.37083
90.2148294 -1189.84673
89.0128799 -1183.40772
87.8374268 -1177.05199
86.6876741 -1170.77778
85.5628557 -1164.58335
84.462234 -1158.46706
83.3850986 -1152.42726
82.3307652 -1146.4624
81.2985746 -1140.57093
80.2878912 -1134.75138
79.2981024 -1129.00228
78.3286174 -1123.32224
77.3788662 -1117.70988
76.4482989 -1112.16386
75.536385 -1106.6829
74.6426121 -1101.26573
73.7664855 -1095.91112
72.9075276 -1090.61786
72.0652767 -1085.3848
71.2392869 -1080.2108
70.4291273 -1075.09476
69.634381 -1070.03558
68.8546452 -1065.03223
68.0895302 -1060.08367
67.338659 -1055.18892
66.6016669 -1050.34699
65.8782007 -1045.55693
65.1679188 -1040.81782
64.4704902 -1036.12876
63.7855945 -1031.48885
63.1129213 -1026.89725
62.4521699 -1022.35311
61.8030489 -1017.85562
61.1652758 -1013.40396
60.5385768 -1008.99736
59.9226865 -1004.63506
59.3173473 -1000.31631
58.7223095 -996.040386
58.1373309 -991.806569
57.5621763 -987.614168
56.9966176 -983.462502
56.4404332 -979.350907
55.8934082 -975.278735
55.3553337 -971.24535
54.8260069 -967.250132
54.3052308 -963.292473
53.792814 -959.37178
53.2885705 -955.487473
52.7923196 -951.638982
52.3038856 -947.825753
51.8230976 -944.04724
51.3497895 -940.302912
50.8837999 -936.592248
50.4249715 -932.914737
49.9731515 -929.26988
49.5281911 -925.657188
49.0899458 -922.076181
48.6582744 -918.526392
48.2330401 -915.007359
47.8141092 -911.518635
47.4013517 -908.059776
46.9946411 -904.630352
46.5938541 -901.229939
46.1988704 -897.858122
45.8095732 -894.514495
45.4258484 -891.198658
45.0475847 -887.910221
44.674674 -884.6488
44.3070106 -881.41402
43.9444916 -878.205513
43.5870165 -875.022916
43.2344875 -871.865876
42.8868091 -868.734044
42.5438881 -865.627079
42.2056337 -862.544647
41.8719572 -859.486419
41.5427721 -856.452073
41.2179939 -853.441291
40.8975403 -850.453765
40.5813307 -847.489188
40.2692866 -844.547262
39.9613313 -841.627693
39.6573899 -838.730191
39.3573891 -835.854474
39.0612576 -833.000264
38.7689256 -830.167287
38.4803248 -827.355274
38.1953885 -824.563962
37.9140517 -821.793092
37.6362507 -819.042409
37.3619232 -816.311663
37.0910084 -813.600609
36.8234469 -810.909003
36.5591806 -808.23661
36.2981525 -805.583196
36.040307 -802.94853
35.7855898 -800.332389
35.5339477 -797.734549
35.2853285 -795.154793
35.0396815 -792.592906
34.7969567 -790.048678
34.5571054 -787.521901
34.3200798 -785.012371
34.0858334 -782.519887
33.8543202 -780.044253
33.6254957 -777.585273
33.3993159 -775.142757
33.175738 -772.716517
32.9547198 -770.306368
32.7362204 -767.912127
32.5201993 -765.533616
32.3066171 -763.170659
32.0954352 -760.823081
31.8866155 -758.490712
31.680121 -756.173384
31.4759154 -753.870931
31.2739629 -751.58319
31.0742287 -749.31
30.8766784 -747.051205
30.6812785 -744.806647
30.4879962 -742.576173
30.2967991 -740.359634
30.1076556 -738.156879
29.9205348 -735.967763
29.7354061 -733.79214
29.5522397 -731.62987
29.3710065 -729.480812
29.1916777 -727.344827
29.0142251 -725.221781
28.8386211 -723.111538
28.6648387 -721.013968
28.4928512 -718.928939
28.3226327 -716.856324
28.1541573 -714.795996
27.9874001 -712.74783
27.8223364 -710.711704
27.658942 -708.687497
27.4971931 -706.675089
27.3370663 -704.674363
27.1785389 -702.685202
27.0215882 -700.707492
26.8661923 -698.74112
26.7123294 -696.785976
26.5599782 -694.841949
26.4091179 -692.90893
26.2597278 -690.986814
26.1117879 -689.075495
25.9652782 -687.174869
25.8201793 -685.284834
25.6764721 -683.405288
25.5341378 -681.536132
25.3931579 -679.677268
25.2535142 -677.828598
25.115189 -675.990026
24.9781646 -674.161458
24.8424239 -672.342802
24.7079499 -670.533963
24.574726 -668.734853
24.4427357 -666.945381
24.311963 -665.165458
24.1823922 -663.394998
24.0540075 -661.633914
23.9267937 -659.88212
23.8007358 -658.139534
23.675819 -656.406071
23.5520287 -654.68165
23.4293507 -652.96619
23.3077707 -651.259611
23.1872751 -649.561835
23.0678501 -647.872783
22.9494824 -646.192378
22.8321588 -644.520544
22.7158662 -642.857207
22.600592 -641.202292
22.4863236 -639.555727
22.3730486 -637.917438
22.2607548 -636.287354
22.1494304 -634.665406
22.0390634 -633.051522
21.9296422 -631.445635
21.8211556 -629.847675
21.7135922 -628.257577
21.6069409 -626.675274
21.5011909 -625.100699
21.3963315 -623.533788
21.292352 -621.974477
21.1892421 -620.422703
21.0869915 -618.878403
20.9855901 -617.341515
20.8850281 -615.811978
20.7852956 -614.289732
20.686383 -612.774717
20.5882808 -611.266873
20.4909796 -609.766143
20.3944703 -608.272469
20.2987438 -606.785793
20.2037911 -605.30606
20.1096034 -603.833213
20.016172 -602.367198
19.9234884 -600.907959
19.8315442 -599.455444
19.7403311 -598.009598
19.6498408 -596.570369
19.5600654 -595.137706
19.4709968 -593.711555
19.3826273 -592.291868
19.2949491 -590.878592
19.2079546 -589.471678
19.1216363 -588.071077
19.0359868 -586.67674
18.9509989 -585.288619
18.8666652 -583.906667
18.7829788 -582.530835
18.6999327 -581.161077
18.6175199 -579.797347
18.5357337 -578.4396
18.4545673 -577.08779
18.3740142 -575.741872
18.2940679 -574.401802
18.2147219 -573.067536
18.1359698 -571.739032
18.0578055 -570.416245
17.9802227 -569.099134
17.9032155 -567.787657
17.8267777 -566.481772
17.7509034 -565.181437
17.6755869 -563.886613
17.6008223 -562.597259
17.526604 -561.313336
17.4529264 -560.034802
17.3797839 -558.761621
17.307171 -557.493752
17.2350825 -556.231158
17.1635129 -554.973801
17.092457 -553.721643
17.0219096 -552.474647
16.9518657 -551.232777
16.8823201 -549.995995
16.813268 -548.764267
16.7447043 -547.537556
16.6766243 -546.315827
16.6090231 -545.099045
16.5418961 -543.887175
16.4752384 -542.680184
16.4090457 -541.478037
16.3433132 -540.2807
16.2780365 -539.088141
16.2132112 -537.900326
16.1488329 -536.717223
16.0848972 -535.538799
16.0214 -534.365023
15.9583369 -533.195862
15.8957038 -532.031285
15.8334967 -530.871262
15.7717114 -529.71576
15.7103439 -528.564751
15.6493903 -527.418203
15.5888467 -526.276087
15.5287092 -525.138373
15.4689739 -524.005031
15.4096372 -522.876032
15.3506952 -521.751349
15.2921444 -520.630951
15.233981 -519.514811
15.1762015 -518.402901
15.1188023 -517.295192
15.06178 -516.191658
15.005131 -515.092271
14.948852 -513.997003
14.8929395 -512.90583
14.8373903 -511.818722
14.782201 -510.735655
14.7273683 -509.656603
14.672889 -508.581539
14.61876 -507.510438
14.5649781 -506.443274
14.5115401 -505.380023
14.4584431 -504.320659
14.4056839 -503.265158
14.3532596 -502.213495
14.3011672 -501.165646
14.2494037 -500.121587
14.1979663 -499.081295
14.146852 -498.044745
14.0960581 -497.011914
14.0455817 -495.982778
13.9954201 -494.957316
13.9455705 -493.935504
13.8960302 -492.917319
13.8467965 -491.90274
13.7978668 -490.891743
13.7492385 -489.884307
13.700909 -488.88041
13.6528756 -487.88003
13.605136 -486.883146
13.5576875 -485.889737
13.5105277 -484.899781
13.4636541 -483.913257
13.4170644 -482.930145
13.3707561 -481.950424
13.3247269 -480.974074
13.2789743 -480.001075
13.2334962 -479.031406
13.1882901 -478.065047
13.1433539 -477.10198
13.0986853 -476.142183
13.054282 -475.185639
13.010142 -474.232327
12.9662629 -473.282228
12.9226426 -472.335324
12.8792791 -471.391596
12.8361703 -470.451025
12.7933139 -469.513593
12.7507081 -468.579281
12.7083507 -467.648071
12.6662397 -466.719946
12.6243731 -465.794886
12.5827491 -464.872876
12.5413655 -463.953896
12.5002205 -463.03793
12.4593122 -462.124959
12.4186387 -461.214968
12.3781981 -460.307939
12.3379885 -459.403856
12.2980082 -458.5027
12.2582552 -457.604456
12.2187279 -456.709107
12.1794244 -455.816637
12.140343 -454.92703
12.1014819 -454.040269
12.0628394 -453.156338
12.0244138 -452.275222
11.9862034 -451.396905
11.9482066 -450.521371
11.9104216 -449.648605
11.8728469 -448.778591
11.8354809 -447.911314
11.7983218 -447.046759
11.7613682 -446.184911
11.7246184 -445.325755
11.688071 -444.469276
11.6517243 -443.615459
11.6155768 -442.764291
11.5796271 -441.915755
11.5438736 -441.069839
11.5083148 -440.226528
11.4729493 -439.385807
11.4377756 -438.547663
11.4027923 -437.712081
11.367998 -436.879049
11.3333912 -436.048551
11.2989706 -435.220576
11.2647347 -434.395108
11.2306822 -433.572134
11.1968118 -432.751642
11.1631221 -431.933618
11.1296117 -431.118049
11.0962794 -430.304922
11.0631238 -429.494223
11.0301436 -428.685941
10.9973377 -427.880062
10.9647046 -427.076574
10.9322431 -426.275464
10.8999521 -425.476719
10.8678302 -424.680328
10.8358763 -423.886278
10.8040891 -423.094556
10.7724675 -422.305151
10.7410101 -421.518051
10.709716 -420.733244
10.6785839 -419.950717
10.6476126 -419.170459
10.616801 -418.392459
10.586148 -417.616705
10.5556525 -416.843184
10.5253133 -416.071887
10.4951293 -415.302801
10.4650995 -414.535915
10.4352228 -413.771218
10.405498 -413.008699
10.3759242 -412.248346
10.3465002 -411.49015
10.3172251 -410.734098
10.2880979 -409.98018
10.2591173 -409.228386
10.2302826 -408.478704
10.2015926 -407.731124
10.1730464 -406.985636
10.144643 -406.242229
10.1163813 -405.500893
10.0882605 -404.761617
10.0602796 -404.024391
10.0324376 -403.289205
10.0047335 -402.556049
9.9771665 -401.824913
9.9497356 -401.095787
9.92243989 -400.36866
9.89527846 -399.643524
9.8682504 -398.920368
9.84135484 -398.199183
9.81459086 -397.479959
9.78795761 -396.762686
9.76145419 -396.047356
9.73507976 -395.333958
9.70883346 -394.622483
9.68271443 -393.912922
9.65672183 -393.205265
9.63085484 -392.499504
9.60511262 -391.795629
9.57949435 -391.093631
9.55399922 -390.393501
9.52862643 -389.69523
9.50337518 -388.99881
9.47824466 -388.304231
9.45323411 -387.611485
9.42834274 -386.920563
9.40356978 -386.231456
9.37891446 -385.544156
9.35437603 -384.858653
9.32995373 -384.174941
9.30564681 -383.493009
9.28145455 -382.81285
9.25737619 -382.134456
9.23341103 -381.457817
9.20955833 -380.782927
9.18581738 -380.109776
9.16218747 -379.438357
9.13866791 -378.768661
9.11525798 -378.100681
9.09195701 -377.434408
9.0687643 -376.769835
9.04567918 -376.106953
9.02270097 -375.445755
8.999829 -374.786233
8.97706261 -374.12838
8.95440114 -373.472187
8.93184394 -372.817647
8.90939037 -372.164753
8.88703978 -371.513496
8.86479153 -370.86387
8.842645 -370.215867
8.82059956 -369.569479
8.79865459 -368.924699
8.77680947 -368.281521
8.75506359 -367.639935
8.73341635 -366.999936
8.71186715 -366.361517
8.69041539 -365.724669
8.66906048 -365.089386
8.64780183 -364.455662
8.62663886 -363.823488
8.605571 -363.192858
8.58459768 -362.563765
8.56371832 -361.936202
8.54293236 -361.310162
8.52223925 -360.685639
8.50163844 -360.062626
8.48112936 -359.441115
8.46071148 -358.821101
8.44038426 -358.202577
8.42014716 -357.585535
8.39999965 -356.96997
8.3799412 -356.355876
8.35997128 -355.743244
8.34008939 -355.13207
8.32029499 -354.522346
8.30058759 -353.914067
8.28096667 -353.307225
8.26143174 -352.701816
8.24198228 -352.097831
8.22261781 -351.495266
8.20333784 -350.894114
8.18414188 -350.294368
8.16502944 -349.696023
8.14600005 -349.099073
8.12705322 -348.503512
8.1081885 -347.909333
8.0894054 -347.31653
8.07070346 -346.725098
8.05208223 -346.135031
8.03354125 -345.546323
8.01508005 -344.958968
7.9966982 -344.37296
7.97839523 -343.788293
7.96017072 -343.204962
7.94202422 -342.622961
7.9239553 -342.042284
7.90596351 -341.462926
7.88804844 -340.884881
7.87020965 -340.308143
7.85244673 -339.732707
7.83475925 -339.158567
7.81714679 -338.585719
7.79960895 -338.014155
7.78214531 -337.443872
7.76475546 -336.874863
7.74743901 -336.307123
7.73019555 -335.740647
7.71302469 -335.175429
7.69592603 -334.611465
7.67889917 -334.048749
7.66194374 -333.487275
7.64505935 -332.927039
7.62824561 -332.368035
7.61150215 -331.810258
7.59482858 -331.253704
7.57822455 -330.698366
7.56168967 -330.14424
7.54522358 -329.591322
7.52882591 -329.039605
7.51249631 -328.489084
7.49623441 -327.939756
7.48003986 -327.391615
7.46391231 -326.844656
7.44785141 -326.298874
7.4318568 -325.754264
7.41592814 -325.210822
7.4000651 -324.668542
7.38426733 -324.127421
7.36853449 -323.587452
7.35286626 -323.048632
7.33726229 -322.510956
7.32172227 -321.974419
7.30624586 -321.439016
7.29083275 -320.904743
7.27548261 -320.371595
7.26019512 -319.839567
7.24496997 -319.308656
7.22980684 -318.778856
7.21470543 -318.250163
7.19966543 -317.722572
7.18468652 -317.196079
7.16976842 -316.67068
7.15491082 -316.146369
7.14011341 -315.623144
7.12537591 -315.100999
7.11069802 -314.579929
7.09607945 -314.059931
7.08151992 -313.541
7.06701914 -313.023133
7.05257682 -312.506324
7.03819268 -311.990569
7.02386645 -311.475864
7.00959785 -310.962206
6.99538661 -310.449589
6.98123245 -309.938009
6.96713511 -309.427463
6.95309432 -308.917946
6.93910982 -308.409455
6.92518134 -307.901984
6.91130863 -307.39553
6.89749143 -306.89009
6.88372949 -306.385658
6.87002254 -305.88223
6.85637035 -305.379804
6.84277267 -304.878374
6.82922925 -304.377938
6.81573984 -303.87849
6.80230422 -303.380027
6.78892213 -302.882545
6.77559335 -302.38604
6.76231764 -301.890508
6.74909477 -301.395946
6.73592452 -300.902349
6.72280665 -300.409714
6.70974095 -299.918037
6.69672719 -299.427314
6.68376515 -298.937541
6.67085462 -298.448714
6.65799538 -297.960831
6.64518722 -297.473886
6.63242994 -296.987877
6.61972332 -296.502799
6.60706717 -296.018649
6.59446127 -295.535423
6.58190544 -295.053118
6.56939947 -294.57173
6.55694317 -294.091255
6.54453635 -293.61169
6.53217882 -293.13303
6.5198704 -292.655274
6.50761089 -292.178416
6.49540012 -291.702453
6.48323792 -291.227382
6.4711241 -290.753199
6.45905849 -290.279902
6.44704092 -289.807485
6.43507122 -289.335946
6.42314924 -288.865281
6.4112748 -288.395487
6.39944776 -287.92656
6.38766794 -287.458497
6.37593521 -286.991294
6.3642494 -286.524948
6.35261038 -286.059456
6.341018 -285.594814
6.32947211 -285.131018
6.31797259 -284.668066
6.3065193 -284.205954
6.2951121 -283.744679
6.28375087 -283.284236
6.27243549 -282.824624
6.26116583 -282.365838
6.24994178 -281.907875
6.23876323 -281.450733
6.22763006 -280.994406
6.21654217 -280.538894
6.20549946 -280.084191
6.19450184 -279.630295
6.1835492 -279.177202
6.17264146 -278.724909
6.16177853 -278.273414
6.15096034 -277.822712
6.14018681 -277.3728
6.12945787 -276.923676
6.11877344 -276.475335
6.10813348 -276.027775
6.09753792 -275.580993
6.08698671 -275.134984
6.07647981 -274.689747
6.06601717 -274.245277
6.05559877 -273.801572
6.04522457 -273.358629
6.03489456 -272.916443
6.02460871 -272.475013
6.01436702 -272.034334
6.00416948 -271.594404
5.9940161 -271.155219
5.9839069 -270.716776
5.97384188 -270.279072
5.96382108 -269.842104
5.95384453 -269.405868
5.94391228 -268.970362
5.93402437 -268.535581
5.92418087 -268.101524
5.91438185 -267.668186
5.90462739 -267.235565
5.89491758 -266.803657
5.88525252 -266.372459
5.87563233 -265.941968
5.86605712 -265.512181
5.85652703 -265.083094
5.84704221 -264.654704
5.83760283 -264.227007
5.82820905 -263.800002
5.81886106 -263.373683
5.80955908 -262.948049
5.80030331 -262.523095
5.791094 -262.098819
5.78193139 -261.675217
5.77281577 -261.252285
5.76374741 -260.830021
5.75472664 -260.408421
5.74575377 -259.987481
5.73682916 -259.567198
5.72795319 -259.147569
5.71912626 -258.728591
5.71034879 -258.310259
5.70162122 -257.89257
5.69294405 -257.475522
5.68431778 -257.059109
5.67574295 -256.643329
5.66722014 -256.228178
5.65874994 -255.813652
5.65033301 -255.399748
5.64197004 -254.986461
5.63366174 -254.573789
5.62540889 -254.161727
5.6172123 -253.750271
5.60907283 -253.339418
5.6009914 -252.929163
5.59296899 -252.519503
5.58500662 -252.110433
5.57710538 -251.70195
5.56926643 -251.294049
5.561491 -250.886726
5.55378039 -250.479976
5.54613598 -250.073795
5.53855925 -249.668179
5.53105176 -249.263124
5.52361515 -248.858623
5.51625119 -248.454674
5.50896174 -248.05127
5.5017488 -247.648408
5.49461448 -247.246081
5.48756104 -246.844285
5.48059087 -246.443015
5.47370652 -246.042265
5.46691072 -245.64203
5.46020636 -245.242304
5.45359656 -244.843081
5.44708462 -244.444355
5.44067406 -244.046121
5.43436868 -243.648371
5.4281725 -243.2511
5.42208986 -242.8543
5.41612539 -242.457966
5.41028406 -242.062089
5.40457119 -241.666663
5.39899251 -241.27168
5.39355417 -240.877132
5.38826277 -240.483012
5.38312543 -240.089311
5.37814982 -239.69602
5.37334419 -239.303131
5.36871746 -238.910634
5.36427928 -238.518521
5.36004004 -238.126781
5.35601101 -237.735404
5.35220442 -237.344379
5.34863349 -236.953696
5.34531259 -236.563344
5.34225736 -236.173311
5.33948478 -235.783585
5.33701335 -235.394153
5.33486327 -235.005003
5.33305655 -234.616122
5.33161728 -234.227496
5.3305718 -233.839111
5.32994897 -233.450953
5.32978043 -233.063009
5.33010094 -232.675263
5.3309487 -232.287701
5.33236577 -231.900308
5.33439848 -231.513071
5.33709795 -231.125975
5.34052062 -230.739008
5.34472889 -230.352157
5.34979179 -229.965412
5.3557858 -229.578764
5.36279563 -229.192207
5.37091525 -228.80574
5.38024889 -228.419363
5.39091219 -228.033086
5.4030334 -227.646924
5.41675475 -227.260901
5.43223372 -226.875054
5.44964448 -226.489436
5.46917911 -226.104116
5.49104879 -225.719189
5.51548455 -225.334777
5.54273756 -224.951039
5.57307848 -224.568179
5.60679555 -224.186453
5.64419063 -223.806183
5.68557264 -223.427774
5.73124699 -223.051721
5.78149989 -222.678633
5.83657582 -222.309248
5.89664616 -221.944445
5.96176734 -221.585263
6.03182675 -221.232899
6.10647624 -220.888699
6.18505484 -220.554126
6.26650641 -220.2307
6.34930289 -219.919892
6.431391 -219.622976
6.51018602 -219.340844
6.58263979 -219.073786
6.64540549 -218.821277
6.69510584 -218.581816
6.72868415 -218.352875
6.74378445 -218.131005
6.73908194 -217.912095
6.71448236 -217.691775
6.67113653 -217.46587
6.61126606 -217.230809
6.53784757 -216.983919
6.45423452 -216.723546
6.36379776 -216.449029
6.26964283 -216.160549
6.17442982 -215.858921
6.08029213 -215.545377
5.98883339 -215.22137
5.90117541 -214.888418
5.81803274 -214.547998
5.73979501 -214.201477
5.66660546 -213.850074
5.59842917 -213.494851
5.53510905 -213.13671
5.47640943 -212.776411
5.42204883 -212.414577
5.37172372 -212.051723
5.32512512 -211.688263
5.28194977 -211.324531
5.24190732 -210.960793
5.20472451 -210.597259
5.17014741 -210.234093
5.13794219 -209.871424
5.10789498 -209.509347
5.07981113 -209.147938
5.05351413 -208.78725
5.02884431 -208.42732
5.00565752 -208.068177
4.98382374 -207.709835
4.96322578 -207.352305
4.94375805 -206.995587
4.92532541 -206.63968
4.90784209 -206.284579
4.89123075 -205.930274
4.87542158 -205.576756
4.86035155 -205.22401
4.84596369 -204.872025
4.83220646 -204.520786
4.81903319 -204.170279
4.80640156 -203.820487
4.7942732 -203.471397
4.78261324 -203.122993
4.77138997 -202.77526
4.76057457 -202.428184
4.75014074 -202.081749
4.74006453 -201.735943
4.73032407 -201.390749
4.72089941 -201.046156
4.71177228 -200.70215
4.70292599 -200.358718
4.69434526 -200.015848
4.68601609 -199.673527
4.67792566 -199.331743
4.67006221 -198.990486
4.66241497 -198.649743
4.65497404 -198.309504
4.64773036 -197.969759
4.64067561 -197.630496
4.63380217 -197.291707
4.62710306 -196.95338
4.62057188 -196.615507
4.61420276 -196.278078
4.60799037 -195.941084
4.60192981 -195.604516
4.59601664 -195.268366
4.59024682 -194.932623
4.58461669 -194.597281
4.57912293 -194.26233
4.57376258 -193.927763
4.56853298 -193.593571
4.56343177 -193.259746
4.55845687 -192.926281
4.55360646 -192.593166
4.548879 -192.260396
4.54427317 -191.927961
4.5397879 -191.595854
4.53542235 -191.264067
4.53117587 -190.932593
4.52704806 -190.601424
4.5230387 -190.270552
4.51914779 -189.939969
4.51537554 -189.609669
4.51172232 -189.279642
4.50818873 -188.949882
4.50477555 -188.62038
4.50148376 -188.291129
4.49831454 -187.96212
4.49526927 -187.633346
4.4923495 -187.304798
4.48955703 -186.976468
4.48689383 -186.648348
4.4843621 -186.320428
4.48196426 -185.992702
4.47970293 -185.665159
4.47758099 -185.33779
4.47560155 -185.010587
4.47376796 -184.683541
4.47208384 -184.356641
4.47055308 -184.029878
4.46917985 -183.703242
4.46796862 -183.376722
4.46692417 -183.050309
4.4660516 -182.723992
4.46535638 -182.397758
4.46484434 -182.071598
4.46452167 -181.7455
4.46439502 -181.41945
4.46447145 -181.093438
4.46475847 -180.76745
4.46526412 -180.441473
4.46599696 -180.115494
4.46696609 -179.789497
4.46818125 -179.46347
4.46965281 -179.137396
4.47139182 -178.81126
4.47341009 -178.485047
4.47572024 -178.158738
4.47833572 -177.832318
4.48127094 -177.505767
4.48454129 -177.179068
4.48816324 -176.8522
4.49215443 -176.525143
4.49653376 -176.197878
4.5013215 -175.870381
4.50653939 -175.54263
4.5122108 -175.214601
4.51836083 -174.886271
4.52501648 -174.557612
4.53220685 -174.228599
4.53996327 -173.899204
4.54831956 -173.569398
4.55731224 -173.239151
4.56698077 -172.908432
4.57736787 -172.577207
4.5885198 -172.245444
4.60048673 -171.913107
4.61332313 -171.580159
4.6270882 -171.246564
4.64184635 -170.912281
4.65766776 -170.57727
4.67462897 -170.24149
4.69281356 -169.904897
4.71231293 -169.567449
4.73322711 -169.229099
4.75566577 -168.889802
4.77974922 -168.549513
4.80560967 -168.208186
4.83339255 -167.865776
4.86325799 -167.522238
4.89538256 -167.177531
4.92996111 -166.831616
4.96720886 -166.484458
5.0073638 -166.136029
5.05068917 -165.786309
5.09747644 -165.435289
5.14804829 -165.082973
5.20276207 -164.729386
5.26201335 -164.374572
5.32623972 -164.018608
5.39592456 -163.661609
5.47160082 -163.303733
5.55385437 -162.945202
5.64332662 -162.586307
5.74071588 -162.227434
5.84677657 -161.869079
5.96231528 -161.511877
6.08818201 -161.156633
6.22525465 -160.804356
6.37441382 -160.456298
6.53650469 -160.114004
6.71228141 -159.779352
6.90232927 -159.4546
7.10695931 -159.142425
7.3260709 -158.845935
7.55898027 -158.568657
7.80421773 -158.314466
8.05930574 -158.087441
8.32054293 -157.891615
8.58283698 -157.730611
8.83964707 -157.607152
9.08310881 -157.522486
9.30440876 -157.47579
9.49444198 -157.463684
9.64471887 -157.479995
9.74839906 -157.515918
9.80125175 -157.560621
9.80231524 -157.602252
9.75408149 -157.629163
9.66215521 -157.631081
9.53448218 -157.600012
9.38034634 -157.530705
9.20936263 -157.42068
9.03064519 -157.269906
8.85224447 -157.08026
8.68086286 -156.854946
8.52180085 -156.597939
8.37906234 -156.313548
8.25554835 -156.006103
8.15328344 -155.679756
8.07363733 -155.338379
8.01752031 -154.985544
7.98554269 -154.624547
7.97813578 -154.258462
7.99563536 -153.890229
8.0383296 -153.522746
8.10647289 -153.158965
8.20026552 -152.802001
8.31979752 -152.455227
8.46495317 -152.122367
8.63527208 -151.807572
8.82976298 -151.515454
9.04666984 -151.251084
9.2831969 -151.019892
9.53521162 -150.827477
9.79696315 -150.67926
10.0608772 -150.579982
10.3175111 -150.53305
10.5557662 -150.539763
10.7634403 -150.598554
10.9281519 -150.704395
11.0385722 -150.848572
11.0857826 -151.019
11.0644827 -151.201125
10.9737526 -151.379323
10.8171654 -151.538512
10.6022182 -151.665658
10.3392357 -151.750859
10.0400243 -151.787848
9.7165693 -151.773932
9.37999326 -151.709489
9.03987683 -151.597241
8.7039386 -151.441463
8.37800199 -151.247275
8.06615375 -151.020081
7.77100431 -150.765162
7.49398134 -150.487424
7.23561232 -150.191257
6.99577204 -149.880486
6.77388616 -149.558371
6.56909066 -149.227646
6.38035187 -148.890572
6.20655366 -148.548998
6.04655865 -148.204424
5.89924942 -147.858051
5.763555 -147.510836
5.63846659 -147.163535
5.52304583 -146.816738
5.41642779 -146.470901
5.31782058 -146.126371
5.22650273 -145.783407
5.14181927 -145.442202
5.06317708 -145.102889
4.99003997 -144.765559
4.92192377 -144.430266
4.85839147 -144.097039
4.79904874 -143.765883
4.74353971 -143.436789
4.69154308 -143.109732
4.64276858 -142.784678
4.59695381 -142.461589
4.55386134 -142.140418
4.51327611 -141.821116
4.47500314 -141.50363
4.43886546 -141.187909
4.40470225 -140.873898
4.37236718 -140.561543
4.341727 -140.250792
4.31266015 -139.94159
4.28505567 -139.633888
4.2588121 -139.327635
4.23383659 -139.022782
4.21004403 -138.719281
4.18735635 -138.417087
4.16570184 -138.116156
4.14501455 -137.816446
4.12523376 -137.517914
4.10630351 -137.220522
4.08817216 -136.924232
4.07079201 -136.629008
4.05411897 -136.334814
4.03811221 -136.041618
4.02273392 -135.749386
4.00794902 -135.458089
3.99372494 -135.167696
3.98003143 -134.87818
3.96684036 -134.589512
3.95412554 -134.301667
3.94186257 -134.01462
3.93002871 -133.728347
3.91860273 -133.442824
3.90756481 -133.158029
3.89689645 -132.873941
3.88658031 -132.590539
3.87660019 -132.307803
3.86694092 -132.025715
3.85758829 -131.744257
3.84852897 -131.463409
3.83975045 -131.183156
3.83124101 -130.903481
3.82298964 -130.624368
3.81498597 -130.345801
3.8072203 -130.067767
3.79968348 -129.79025
3.79236692 -129.513237
3.78526252 -129.236714
3.7783627 -128.960668
3.77166027 -128.685088
3.76514852 -128.40996
3.75882109 -128.135272
3.75267202 -127.861014
3.74669569 -127.587174
3.74088681 -127.31374
3.7352404 -127.040704
3.72975177 -126.768053
3.72441654 -126.495778
3.71923055 -126.22387
3.71418993 -125.952318
3.70929101 -125.681113
3.70453038 -125.410246
3.69990483 -125.139709
3.69541135 -124.869491
3.69104712 -124.599585
3.68680955 -124.329982
3.68269616 -124.060673
3.67870471 -123.791651
3.67483308 -123.522907
3.67107932 -123.254434
3.66744165 -122.986223
3.6639184 -122.718267
3.66050809 -122.450558
3.65720934 -122.183089
3.65402093 -121.915851
3.65094174 -121.648839
3.64797082 -121.382043
3.64510731 -121.115458
3.64235048 -120.849075
3.63969973 -120.582887
3.63715457 -120.316888
3.63471463 -120.05107
3.63237965 -119.785425
3.63014947 -119.519948
3.62802409 -119.25463
3.62600356 -118.989464
3.62408809 -118.724444
3.62227799 -118.459562
3.62057367 -118.194811
3.61897566 -117.930183
3.61748461 -117.665672
3.61610128 -117.40127
3.61482655 -117.13697
3.61366141 -116.872764
3.61260698 -116.608644
3.6116645 -116.344604
3.61083534 -116.080636
3.61012098 -115.816731
3.60952305 -115.552883
3.6090433 -115.289082
3.60868365 -115.025321
3.60844612 -114.761593
3.6083329 -114.497887
3.60834634 -114.234197
3.60848893 -113.970513
3.60876334 -113.706827
3.60917241 -113.443129
3.60971913 -113.179411
3.61040672 -112.915664
3.61123855 -112.651877
3.61221822 -112.388041
3.61334954 -112.124147
3.61463651 -111.860183
3.61608339 -111.59614
3.61769469 -111.332007
3.61947514 -111.067772
3.62142976 -110.803426
3.62356384 -110.538955
3.625883 -110.274348
3.62839311 -110.009594
3.63110043 -109.744678
3.63401154 -109.479589
3.63713338 -109.214313
3.64047329 -108.948837
3.64403903 -108.683145
3.64783878 -108.417223
3.65188119 -108.151057
3.65617539 -107.88463
3.66073105 -107.617927
3.66555838 -107.35093
3.67066819 -107.083623
3.67607189 -106.815986
3.68178159 -106.548003
3.68781009 -106.279653
3.69417096 -106.010916
3.70087858 -105.741772
3.70794818 -105.472199
3.71539594 -105.202174
3.72323903 -104.931676
3.73149565 -104.660678
3.74018517 -104.389157
3.74932817 -104.117085
3.75894655 -103.844436
3.7690636 -103.571182
3.77970415 -103.297292
3.79089463 -103.022736
3.80266326 -102.747483
3.81504013 -102.471497
3.82805739 -102.194745
3.8417494 -101.91719
3.8561529 -101.638793
3.87130722 -101.359516
3.88725449 -101.079316
3.9040399 -100.79815
3.92171189 -100.515972
3.94032254 -100.232736
3.95992778 -99.9483918
3.9805878 -99.6628871
4.00236743 -99.376168
4.02533653 -99.0881778
4.04957045 -98.7988574
4.07515061 -98.5081447
4.102165 -98.2159752
4.13070883 -97.9222813
4.16088525 -97.6269925
4.19280613 -97.3300352
4.22659288 -97.0313329
4.26237749 -96.7308056
4.30030354 -96.4283705
4.34052744 -96.1239413
4.38321975 -95.8174287
4.42856671 -95.5087405
4.47677185 -95.1977814
4.52805798 -94.8844538
4.58266917 -94.5686577
4.64087321 -94.2502914
4.70296422 -93.9292522
4.7692656 -93.6054371
4.84013343 -93.2787441
4.91596016 -92.9490737
4.99717883 -92.6163305
5.08426777 -92.2804261
5.17775591 -91.9412812
5.27822861 -91.5988303
5.38633424 -91.2530259
5.50279148 -90.9038441
5.62839734 -90.5512929
5.76403597 -90.1954202
5.91068825 -89.836326
6.06944207 -89.4741764
6.24150318 -89.1092207
6.42820637 -88.7418137
6.63102645 -88.3724421
6.85158862 -88.0017577
7.09167697 -87.630618
7.35323983 -87.2601354
7.63838984 -86.8917373
7.94939579 -86.5272388
8.28866207 -86.1689283
8.65869035 -85.8196686
9.06201582 -85.4830131
9.50110861 -85.1633356
9.97822833 -84.8659684
10.4952175 -84.5973414
11.0532181 -84.365104
11.6522969 -84.1782049
12.2909686 -84.0468916
12.9656189 -83.9825743
13.6698504 -83.9974903
14.3938097 -84.1040906
15.1236023 -84.3140858
15.8409563 -84.6371192
16.5233453 -85.0791175
17.1447868 -85.6404833
17.6774718 -86.3144422
18.0942161 -87.0859697
18.3714775 -87.9317435
18.4924174 -88.8214218
18.4493301 -89.7202308
18.2448169 -90.5924606
17.8913858 -91.4051586
17.4095856 -92.131245
16.8251736 -92.7514722
16.1659975 -93.2550192
15.4592108 -93.6388803
14.7292181 -93.9064443
13.9964719 -94.0657175
13.2770374 -94.1275648
12.5827271 -94.1042095
11.921585 -94.0080925
11.2985325 -93.8510955
10.7160419 -93.6440752
10.1747565 -93.3966372
9.67401893 -93.1170749
9.21229605 -92.8124147
8.78750657 -92.4885215
8.39726388 -92.1502308
8.03905027 -91.8014897
7.71033733 -91.445491
7.4086657 -91.0847971
7.13169514 -90.7214482
6.87723312 -90.357056
6.64324858 -89.9928823
6.42787558 -89.6299056
6.22941024 -89.268875
6.04630361 -88.9103555
5.87715212 -88.5547644
5.72068676 -88.202401
5.57576196 -87.8534707
5.44134452 -87.5081049
5.31650302 -87.1663762
5.20039792 -86.8283115
5.09227228 -86.4939021
4.9914434 -86.1631119
4.89729514 -85.8358838
4.80927099 -85.5121453
4.7268679 -85.1918123
4.64963066 -84.874793
4.57714693 -84.56099
4.50904282 -84.2503025
4.44497889 -83.9426283
4.38464662 -83.6378648
4.32776527 -83.33591
4.27407908 -83.0366634
4.22335474 -82.7400264
4.17537918 -82.445903
4.12995758 -82.1541997
4.0869116 -81.8648262
4.04607778 -81.5776951
4.00730611 -81.2927222
3.9704588 -81.0098267
3.93540912 -80.7289307
3.90204037 -80.4499595
3.87024499 -80.1728417
3.83992371 -79.8975087
3.81098485 -79.6238948
3.7833436 -79.3519374
3.75692148 -79.0815764
3.73164574 -78.8127543
3.70744893 -78.5454164
3.68426839 -78.2795102
3.66204591 -78.0149855
3.64072735 -77.7517944
3.62026227 -77.4898911
3.60060369 -77.2292318
3.58170778 -76.9697747
3.56353364 -76.7114798
3.54604302 -76.4543087
3.52920018 -76.1982249
3.51297167 -75.9431932
3.49732616 -75.6891803
3.48223428 -75.436154
3.46766848 -75.1840835
3.45360289 -74.9329395
3.44001323 -74.6826938
3.42687665 -74.4333192
3.41417166 -74.18479
3.40187804 -73.9370813
3.38997674 -73.6901693
3.37844978 -73.4440311
3.36728022 -73.1986447
3.35645208 -72.9539892
3.34595025 -72.7100442
3.33576044 -72.4667904
3.32586918 -72.2242091
3.31626367 -71.9822823
3.30693184 -71.7409927
3.29786223 -71.5003237
3.28904399 -71.2602593
3.28046682 -71.0207843
3.27212096 -70.7818836
3.26399713 -70.5435431
3.25608654 -70.305749
3.24838081 -70.068488
3.24087199 -69.8317474
3.23355252 -69.5955149
3.22641519 -69.3597785
3.21945315 -69.1245267
3.21265987 -68.8897485
3.20602912 -68.6554332
3.19955498 -68.4215705
3.19323179 -68.1881503
3.18705414 -67.9551631
3.18101688 -67.7225994
3.17511509 -67.4904503
3.16934407 -67.258707
3.16369931 -67.0273611
3.15817653 -66.7964044
3.15277161 -66.565829
3.14748062 -66.3356271
3.14229979 -66.1057915
3.13722551 -65.8763149
3.13225433 -65.6471903
3.12738294 -65.4184109
3.12260817 -65.1899703
3.11792697 -64.9618619
3.11333641 -64.7340798
3.10883371 -64.5066177
3.10441616 -64.2794701
3.10008119 -64.0526311
3.09582631 -63.8260953
3.09164915 -63.5998574
3.0875474 -63.3739122
3.08351886 -63.1482546
3.07956142 -62.9228798
3.07567303 -62.697783
3.07185174 -62.4729596
3.06809565 -62.248405
3.06440295 -62.0241149
3.06077188 -61.8000849
3.05720075 -61.5763111
3.05368795 -61.3527892
3.05023189 -61.1295153
3.04683108 -60.9064857
3.04348404 -60.6836965
3.04018938 -60.4611441
3.03694573 -60.2388249
3.03375178 -60.0167355
3.03060628 -59.7948725
3.02750799 -59.5732326
3.02445574 -59.3518126
3.02144839 -59.1306092
3.01848483 -58.9096195
3.015564 -58.6888404
3.01268487 -58.468269
3.00984644 -58.2479025
3.00704775 -58.0277379
3.00428787 -57.8077728
3.00156589 -57.5880042
2.99888094 -57.3684297
2.99623217 -57.1490466
2.99361877 -56.9298526
2.99103995 -56.710845
2.98849493 -56.4920216
2.98598297 -56.27338
2.98350334 -56.0549179
2.98105536 -55.8366331
2.97863834 -55.6185234
2.97625162 -55.4005865
2.97389457 -55.1828205
2.97156656 -54.9652233
2.969267 -54.7477928
2.9669953 -54.530527
2.9647509 -54.313424
2.96253325 -54.096482
2.96034181 -53.879699
2.95817607 -53.6630732
2.95603552 -53.4466028
2.95391968 -53.230286
2.95182807 -53.0141212
2.94976023 -52.7981066
2.94771571 -52.5822406
2.94569408 -52.3665215
2.9436949 -52.1509477
2.94171778 -51.9355176
2.9397623 -51.7202298
2.93782807 -51.5050826
2.93591473 -51.2900746
2.93402189 -51.0752043
2.93214919 -50.8604702
2.9302963 -50.645871
2.92846286 -50.4314053
2.92664855 -50.2170716
2.92485304 -50.0028686
2.92307601 -49.7887951
2.92131717 -49.5748496
2.9195762 -49.361031
2.91785283 -49.1473379
2.91614676 -48.9337691
2.91445772 -48.7203233
2.91278545 -48.5069995
2.91112967 -48.2937963
2.90949013 -48.0807126
2.90786658 -47.8677473
2.90625877 -47.6548993
2.90466648 -47.4421673
2.90308947 -47.2295503
2.9015275 -47.0170473
2.89998037 -46.8046571
2.89844784 -46.5923788
2.89692972 -46.3802111
2.8954258 -46.1681533
2.89393588 -45.9562041
2.89245976 -45.7443627
2.89099724 -45.532628
2.88954815 -45.3209991
2.8881123 -45.109475
2.88668951 -44.8980548
2.88527961 -44.6867376
2.88388243 -44.4755223
2.88249779 -44.2644082
2.88112555 -44.0533943
2.87976553 -43.8424798
2.87841758 -43.6316637
2.87708156 -43.4209452
2.87575731 -43.2103234
2.87444468 -42.9997976
2.87314354 -42.7893668
2.87185375 -42.5790303
2.87057516 -42.3687872
2.86930765 -42.1586368
2.86805109 -41.9485781
2.86680535 -41.7386106
2.8655703 -41.5287333
2.86434582 -41.3189456
2.86313179 -41.1092466
2.8619281 -40.8996356
2.86073463 -40.6901119
2.85955126 -40.4806747
2.8583779 -40.2713234
2.85721442 -40.0620571
2.85606073 -39.8528752
2.85491672 -39.6437769
2.8537823 -39.4347617
2.85265735 -39.2258287
2.85154179 -39.0169774
2.85043552 -38.8082069
2.84933844 -38.5995168
2.84825047 -38.3909062
2.84717151 -38.1823746
2.84610149 -37.9739213
2.8450403 -37.7655457
2.84398787 -37.5572471
2.84294411 -37.3490248
2.84190895 -37.1408784
2.8408823 -36.932807
2.83986408 -36.7248102
2.83885423 -36.5168874
2.83785266 -36.3090378
2.83685929 -36.101261
2.83587407 -35.8935563
2.83489691 -35.6859231
2.83392775 -35.4783609
2.83296652 -35.2708691
2.83201315 -35.0634471
2.83106758 -34.8560944
2.83012973 -34.6488103
2.82919956 -34.4415943
2.82827699 -34.2344459
2.82736197 -34.0273645
2.82645443 -33.8203496
2.82555432 -33.6134007
2.82466157 -33.4065171
2.82377614 -33.1996984
2.82289796 -32.992944
2.82202699 -32.7862534
2.82116316 -32.5796261
2.82030643 -32.3730616
2.81945673 -32.1665593
2.81861403 -31.9601188
2.81777827 -31.7537395
2.81694941 -31.547421
2.81612738 -31.3411627
2.81531215 -31.1349641
2.81450368 -30.9288248
2.8137019 -30.7227442
2.81290678 -30.516722
2.81211828 -30.3107575
2.81133635 -30.1048503
2.81056094 -29.899
2.80979202 -29.693206
2.80902954 -29.4874679
2.80827347 -29.2817853
2.80752376 -29.0761576
2.80678037 -28.8705844
2.80604327 -28.6650652
2.80531242 -28.4595997
2.80458777 -28.2541872
2.8038693 -28.0488275
2.80315696 -27.8435199
2.80245072 -27.6382642
2.80175055 -27.4330598
2.80105641 -27.2279064
2.80036826 -27.0228033
2.79968608 -26.8177504
2.79900983 -26.612747
2.79833948 -26.4077927
2.79767499 -26.2028873
2.79701634 -25.9980301
2.79636349 -25.7932208
2.79571642 -25.588459
2.79507509 -25.3837442
2.79443948 -25.1790761
2.79380955 -24.9744542
2.79318528 -24.7698781
2.79256663 -24.5653473
2.79195359 -24.3608616
2.79134612 -24.1564204
2.7907442 -23.9520234
2.79014781 -23.7476702
2.7895569 -23.5433603
2.78897147 -23.3390934
2.78839148 -23.134869
2.78781691 -22.9306868
2.78724774 -22.7265464
2.78668394 -22.5224474
2.78612548 -22.3183893
2.78557235 -22.1143719
2.78502453 -21.9103947
2.78448198 -21.7064573
2.78394469 -21.5025593
2.78341263 -21.2987005
2.78288579 -21.0948802
2.78236413 -20.8910983
2.78184765 -20.6873544
2.78133632 -20.4836479
2.78083012 -20.2799786
2.78032903 -20.0763462
2.77983304 -19.8727501
2.77934211 -19.6691901
2.77885623 -19.4656658
2.77837539 -19.2621768
2.77789956 -19.0587228
2.77742872 -18.8553033
2.77696287 -18.6519181
2.77650197 -18.4485667
2.77604602 -18.2452488
2.77559499 -18.0419641
2.77514888 -17.8387121
2.77470765 -17.6354926
2.7742713 -17.4323051
2.7738398 -17.2291493
2.77341315 -17.0260249
2.77299133 -16.8229315
2.77257432 -16.6198687
2.7721621 -16.4168362
2.77175467 -16.2138337
2.771352 -16.0108608
2.77095408 -15.8079171
2.7705609 -15.6050023
2.77017245 -15.4021161
2.7697887 -15.1992581
2.76940964 -14.996428
2.76903527 -14.7936254
2.76866556 -14.59085
2.76830051 -14.3881014
2.7679401 -14.1853793
2.76758432 -13.9826835
2.76723315 -13.7800134
2.76688659 -13.5773688
2.76654461 -13.3747494
2.76620722 -13.1721549
2.76587439 -12.9695848
2.76554612 -12.7670389
2.76522239 -12.5645168
2.76490319 -12.3620181
2.76458851 -12.1595427
2.76427834 -11.9570901
2.76397267 -11.75466
2.76367149 -11.552252
2.76337478 -11.3498659
2.76308254 -11.1475013
2.76279475 -10.945158
2.76251141 -10.7428355
2.76223251 -10.5405335
2.76195803 -10.3382517
2.76168797 -10.1359899
2.76142231 -9.93374763
2.76116105 -9.73152461
2.76090418 -9.52932052
2.76065168 -9.32713504
2.76040356 -9.12496786
2.76015979 -8.92281865
2.75992038 -8.72068709
2.75968531 -8.51857287
2.75945457 -8.31647568
2.75922816 -8.11439518
2.75900607 -7.91233107
2.75878828 -7.71028303
2.7585748 -7.50825075
2.75836561 -7.30623392
2.7581607 -7.10423221
2.75796008 -6.90224532
2.75776372 -6.70027293
2.75757163 -6.49831473
2.75738379 -6.29637042
2.7572002 -6.09443967
2.75702085 -5.89252218
2.75684574 -5.69061764
2.75667485 -5.48872574
2.75650818 -5.28684618
2.75634573 -5.08497863
2.75618749 -4.8831228
2.75603344 -4.68127837
2.75588359 -4.47944505
2.75573793 -4.27762252
2.75559645 -4.07581048
2.75545915 -3.87400862
2.75532602 -3.67221663
2.75519705 -3.47043422
2.75507224 -3.26866108
2.75495158 -3.0668969
2.75483507 -2.86514138
2.7547227 -2.66339421
2.75461447 -2.46165511
2.75451037 -2.25992375
2.75441039 -2.05819984
2.75431454 -1.85648308
2.7542228 -1.65477317
2.75413518 -1.45306981
2.75405166 -1.25137269
2.75397224 -1.04968151
2.75389692 -0.847995986
2.75382569 -0.646315804
2.75375854 -0.444640669
2.75369549 -0.242970282
2.75363651 -0.0413043453
2.7535816 0.16035744
2.75353077 0.362015372
2.753484 0.563669748
2.7534413 0.765320866
2.75340265 0.966969022
2.75336806 1.16861451
2.75333752 1.37025764
2.75331103 1.57189869
2.75328858 1.77353796
2.75327017 1.97517576
2.7532558 2.17681237
2.75324547 2.37844809
2.75323916 2.58008321
2.75323688 2.78171804
2.75323863 2.98335286
2.75324439 3.18498797
2.75325418 3.38662366
2.75326798 3.58826023
2.75328579 3.78989797
2.75330761 3.99153717
2.75333344 4.19317813
2.75336327 4.39482114
2.7533971 4.59646649
2.75343494 4.79811448
2.75347677 4.9997654
2.75352259 5.20141954
2.75357241 5.40307719
2.75362621 5.60473864
2.75368401 5.80640419
2.75374579 6.00807413
2.75381155 6.20974875
2.7538813 6.41142834
2.75395502 6.6131132
2.75403273 6.8148036
2.75411441 7.01649985
2.75420006 7.21820224
2.75428969 7.41991105
2.75438329 7.62162658
2.75448086 7.82334912
2.7545824 8.02507896
2.7546879 8.22681638
2.75479738 8.42856168
2.75491081 8.63031515
2.75502821 8.83207708
2.75514958 9.03384776
2.7552749 9.23562747
2.75540419 9.43741652
2.75553743 9.63921518
2.75567464 9.84102375
2.7558158 10.0428425
2.75596092 10.2446718
2.75611 10.4465118
2.75626303 10.6483629
2.75642002 10.8502254
2.75658096 11.0520995
2.75674586 11.2539855
2.75691471 11.4558837
2.75708752 11.6577945
2.75726428 11.8597181
2.75744499 12.0616548
2.75762966 12.2636048
2.75781828 12.4655685
2.75801086 12.6675462
2.75820738 12.8695381
2.75840787 13.0715446
2.7586123 13.2735659
2.75882069 13.4756023
2.75903304 13.6776541
2.75924934 13.8797216
2.75946959 14.0818051
2.7596938 14.2839049
2.75992197 14.4860212
2.76015409 14.6881544
2.76039018 14.8903047
2.76063022 15.0924725
2.76087422 15.2946579
2.76112218 15.4968614
2.7613741 15.6990832
2.76162998 15.9013236
2.76188982 16.1035829
2.76215363 16.3058613
2.76242141 16.5081592
2.76269315 16.7104769
2.76296885 16.9128146
2.76324853 17.1151726
2.76353218 17.3175513
2.7638198 17.5199509
2.76411139 17.7223716
2.76440696 17.9248139
2.7647065 18.1272779
2.76501002 18.3297641
2.76531752 18.5322726
2.76562901 18.7348037
2.76594448 18.9373578
2.76626393 19.1399352
2.76658737 19.3425361
2.7669148 19.5451608
2.76724622 19.7478096
2.76758164 19.9504829
2.76792105 20.1531808
2.76826446 20.3559037
2.76861187 20.558652
2.76896328 20.7614258
2.7693187 20.9642255
2.76967813 21.1670513
2.77004157 21.3699036
2.77040903 21.5727827
2.77078049 21.7756888
2.77115598 21.9786222
2.77153549 22.1815833
2.77191903 22.3845723
2.77230659 22.5875896
2.77269819 22.7906353
2.77309382 22.9937099
2.77349349 23.1968136
2.77389719 23.3999467
2.77430495 23.6031095
2.77471674 23.8063022
2.7751326 24.0095253
2.7755525 24.212779
2.77597646 24.4160635
2.77640449 24.6193793
2.77683658 24.8227265
2.77727274 25.0261055
2.77771297 25.2295166
2.77815729 25.43296
2.77860568 25.6364362
2.77905816 25.8399452
2.77951473 26.0434876
2.77997539 26.2470636
2.78044015 26.4506734
2.78090901 26.6543173
2.78138198 26.8579958
2.78185907 27.061709
2.78234026 27.2654573
2.78282559 27.469241
2.78331503 27.6730603
2.78380861 27.8769156
2.78430632 28.0808072
2.78480818 28.2847354
2.78531418 28.4887004
2.78582433 28.6927027
2.78633864 28.8967424
2.78685711 29.10082
2.78737975 29.3049356
2.78790656 29.5090897
2.78843755 29.7132824
2.78897273 29.9175142
2.78951209 30.1217853
2.79005565 30.326096
2.79060341 30.5304467
2.79115539 30.7348376
2.79171157 30.9392691
2.79227198 31.1437414
2.79283661 31.3482549
2.79340548 31.5528099
2.79397858 31.7574067
2.79455594 31.9620455
2.79513754 32.1667268
2.79572341 32.3714508
2.79631355 32.5762179
2.79690795 32.7810283
2.79750664 32.9858823
2.79810962 33.1907803
2.7987169 33.3957226
2.79932848 33.6007096
2.79994437 33.8057414
2.80056457 34.0108184
2.80118911 34.215941
2.80181798 34.4211095
2.80245119 34.6263242
2.80308875 34.8315853
2.80373068 35.0368933
2.80437697 35.2422484
2.80502763 35.4476509
2.80568268 35.6531013
2.80634213 35.8585997
2.80700597 36.0641466
2.80767423 36.2697422
2.80834691 36.4753868
2.80902401 36.6810809
2.80970556 36.8868247
2.81039156 37.0926185
2.81108201 37.2984626
2.81177693 37.5043575
2.81247633 37.7103033
2.81318022 37.9163005
2.81388861 38.1223494
2.81460151 38.3284503
2.81531892 38.5346035
2.81604087 38.7408094
2.81676736 38.9470683
2.8174984 39.1533805
2.81823401 39.3597463
2.81897419 39.5661661
2.81971895 39.7726403
2.82046832 39.9791692
2.82122229 40.185753
2.82198089 40.3923922
2.82274413 40.599087
2.823512 40.8058379
2.82428454 41.0126451
2.82506176 41.219509
2.82584365 41.4264299
2.82663025 41.6334082
2.82742156 41.8404443
2.8282176 42.0475384
2.82901837 42.2546909
2.8298239 42.4619022
2.8306342 42.6691726
2.83144928 42.8765024
2.83226916 43.0838921
2.83309385 43.2913419
2.83392337 43.4988522
2.83475773 43.7064234
2.83559695 43.9140558
2.83644104 44.1217498
2.83729003 44.3295057
2.83814392 44.5373238
2.83900274 44.7452047
2.8398665 44.9531485
2.84073522 45.1611557
2.84160891 45.3692266
2.8424876 45.5773616
2.8433713 45.7855611
2.84426004 45.9938254
2.84515382 46.2021549
2.84605267 46.4105499
2.8469566 46.6190109
2.84786565 46.8275382
2.84877982 47.0361321
2.84969915 47.2447931
2.85062364 47.4535215
2.85155332 47.6623178
2.85248821 47.8711822
2.85342834 48.0801152
2.85437372 48.2891171
2.85532439 48.4981884
2.85628035 48.7073293
2.85724164 48.9165404
2.85820828 49.125822
2.85918029 49.3351744
2.86015771 49.5445982
2.86114054 49.7540935
2.86212883 49.963661
2.86312259 50.1733009
2.86412186 50.3830137
2.86512665 50.5927998
2.866137 50.8026595
2.86715294 51.0125933
2.8681745 51.2226016
2.86920169 51.4326847
2.87023457 51.6428432
2.87127315 51.8530774
2.87231746 52.0633877
2.87336754 52.2737746
2.87442343 52.4842384
2.87548514 52.6947797
2.87655273 52.9053987
2.87762621 53.116096
2.87870564 53.326872
2.87979103 53.5377271
2.88088244 53.7486618
2.88197989 53.9596764
2.88308343 54.1707714
2.8841931 54.3819474
2.88530892 54.5932046
2.88643096 54.8045436
2.88755924 55.0159648
2.88869381 55.2274687
2.88983471 55.4390557
2.89098199 55.6507263
2.8921357 55.862481
2.89329587 56.0743202
2.89446257 56.2862443
2.89563582 56.498254
2.8968157 56.7103495
2.89800224 56.9225315
2.8991955 57.1348005
2.90039553 57.3471568
2.90160239 57.559601
2.90281614 57.7721335
2.90403682 57.984755
2.9052645 58.1974658
2.90649925 58.4102666
2.90774111 58.6231577
2.90899016 58.8361398
2.91024646 59.0492133
2.91151008 59.2623788
2.91278108 59.4756368
2.91405953 59.6889879
2.91534551 59.9024325
2.91663909 60.1159712
2.91794035 60.3296046
2.91924936 60.5433333
2.9205662 60.7571577
2.92189096 60.9710785
2.92322371 61.1850962
2.92456455 61.3992114
2.92591357 61.6134247
2.92727085 61.8277367
2.92863649 62.0421479
2.93001058 62.2566591
2.93139323 62.4712707
2.93278454 62.6859834
2.93418461 62.9007979
2.93559355 63.1157147
2.93701147 63.3307346
2.93843849 63.545858
2.93987472 63.7610858
2.94132029 63.9764186
2.94277533 64.1918569
2.94423995 64.4074016
2.9457143 64.6230533
2.94719851 64.8388127
2.94869272 65.0546805
2.95019709 65.2706574
2.95171176 65.4867442
2.95323688 65.7029415
2.95477263 65.9192502
2.95631916 66.135671
2.95787664 66.3522046
2.95944526 66.5688519
2.96102521 66.7856136
2.96261666 67.0024906
2.96421981 67.2194836
2.96583488 67.4365935
2.96746206 67.6538212
2.96910158 67.8711674
2.97075367 68.0886331
2.97241855 68.3062192
2.97409647 68.5239266
2.97578769 68.7417561
2.97749246 68.9597088
2.97921104 69.1777855
2.98094374 69.3959874
2.98269082 69.6143152
2.98445261 69.8327701
2.9862294 70.0513532
2.98802154 70.2700653
2.98982935 70.4889077
2.99165319 70.7078814
2.99349342 70.9269875
2.99535044 71.1462272
2.99722463 71.3656016
2.99911642 71.585112
3.00102622 71.8047595
3.0029545 72.0245454
3.00490172 72.244471
3.00686837 72.4645376
3.00885496 72.6847466
3.01086202 72.9050992
3.01289011 73.1255969
3.01493981 73.3462411
3.01701173 73.5670334
3.0191065 73.7879752
3.02122479 74.0090681
3.02336729 74.2303136
3.02553473 74.4517135
3.02772788 74.6732693
3.02994753 74.894983
3.03219451 75.1168561
3.03446972 75.3388905
3.03677407 75.5610882
3.03910854 75.7834511
3.04147413 76.0059811
3.04387192 76.2286803
3.04630304 76.4515509
3.04876868 76.674595
3.05127007 76.8978149
3.05380853 77.121213
3.05638545 77.3447916
3.05900229 77.5685532
3.06166059 77.7925004
3.06436198 78.0166358
3.06710818 78.2409623
3.069901 78.4654826
3.07274237 78.6901998
3.07563433 78.9151168
3.07857904 79.1402368
3.08157877 79.3655631
3.08463596 79.5910992
3.08775318 79.8168485
3.09093316 80.0428147
3.09417881 80.2690017
3.09749322 80.4954133
3.10087969 80.7220538
3.10434172 80.9489273
3.10788304 81.1760384
3.11150765 81.4033917
3.1152198 81.6309919
3.11902405 81.8588442
3.12292527 82.0869537
3.12692867 82.3153259
3.13103983 82.5439666
3.13526474 82.7728815
3.13960984 83.002077
3.14408204 83.2315594
3.14868876 83.4613354
3.15343801 83.6914122
3.1583384 83.9217969
3.16339923 84.1524973
3.16863054 84.3835213
3.17404318 84.6148771
3.17964889 84.8465735
3.18546038 85.0786195
3.19149146 85.3110244
3.19775709 85.543798
3.20427354 85.7769504
3.21105852 86.0104922
3.21813131 86.2444343
3.22551294 86.478788
3.2332264 86.7135649
3.24129678 86.948777
3.24975158 87.1844366
3.25862091 87.4205561
3.26793783 87.6571485
3.27773866 87.8942263
3.28806332 88.1318026
3.2989558 88.3698898
3.31046457 88.6085004
3.32264316 88.8476459
3.33555069 89.0873372
3.34925253 89.3275838
3.36382107 89.5683935
3.37933649 89.8097716
3.39588767 90.0517204
3.41357319 90.294238
3.43250241 90.5373175
3.45279661 90.7809449
3.4745903 91.025098
3.49803249 91.2697436
3.52328804 91.5148352
3.55053893 91.7603091
3.57998549 92.0060803
3.61184722 92.2520376
3.64636335 92.4980371
3.68379247 92.7438943
3.72441117 92.9893754
3.76851092 93.2341862
3.81639257 93.4779594
3.86835749 93.7202403
3.92469407 93.9604707
3.98565803 94.1979724
4.05144495 94.4319309
4.12215285 94.6613825
4.19773343 94.885207
4.27793102 95.1021326
4.36221014 95.3107597
4.44967564 95.5096109
4.53899435 95.6972171
4.62833289 95.8722473
4.7153334 96.0336801
4.79715298 96.1810112
4.8705915 96.3144666
4.93232097 96.4351828
4.97920612 96.5452982
5.00867432 96.6479073
5.01906434 96.746852
5.0098718 96.8463685
4.98182675 96.9506518
4.93678193 97.0634285
4.87744232 97.1876272
4.8070064 97.3251999
4.72880064 97.4771045
4.64597365 97.6434171
4.56128571 97.8235212
4.47699874 98.0163238
4.39485063 98.2204565
4.31608849 98.4344408
4.24153516 98.6568085
4.17166884 98.886181
4.10670205 99.1213136
4.04665213 99.3611157
3.99140004 99.6046521
3.94073694 99.8511349
3.89439958 100.09991
3.85209628 100.35044
3.81352524 100.602287
3.77838717 100.8551
3.74639337 101.108597
3.7172708 101.362554
3.69076474 101.616796
3.66664003 101.871186
3.64468111 102.125619
3.62469155 102.380013
3.60649302 102.634311
3.58992411 102.888469
3.574839 103.142455
3.56110617 103.396252
3.54860703 103.649846
3.53723477 103.903234
3.52689313 104.156413
3.51749536 104.409389
3.50896326 104.662169
3.50122629 104.91476
3.49422076 105.167174
3.48788913 105.419423
3.48217938 105.671519
3.47704441 105.923477
3.47244158 106.175309
3.46833218 106.42703
3.46468111 106.678654
3.46145646 106.930195
3.45862921 107.181666
3.45617294 107.433081
3.45406358 107.684453
3.45227917 107.935795
3.45079969 108.18712
3.44960682 108.43844
3.44868384 108.689767
3.44801545 108.941113
3.44758765 109.192488
3.44738761 109.443905
3.4474036 109.695373
3.44762485 109.946903
3.44804151 110.198504
3.44864455 110.450188
3.44942568 110.701963
3.45037733 110.953838
3.45149257 111.205822
3.45276504 111.457925
3.45418894 111.710155
3.45575898 111.96252
3.45747033 112.215028
3.45931861 112.467688
3.46129982 112.720507
3.46341038 112.973493
3.46564704 113.226654
3.46800688 113.479997
3.47048731 113.733529
3.47308604 113.987259
3.47580105 114.241192
3.47863059 114.495337
3.48157317 114.7497
3.48462754 115.004288
3.4877927 115.259109
3.49106784 115.514169
3.49445241 115.769476
3.49794604 116.025036
3.5015486 116.280856
3.50526012 116.536944
3.50908086 116.793306
3.51301128 117.04995
3.51705201 117.306882
3.52120389 117.56411
3.52546796 117.821641
3.52984543 118.079482
3.53433774 118.337641
3.5389465 118.596126
3.54367354 118.854943
3.54852087 119.114101
3.55349074 119.373607
3.55858561 119.63347
3.56380814 119.893697
3.56916123 120.154297
3.57464803 120.415279
3.58027193 120.676651
3.58603656 120.938422
3.59194585 121.200601
3.59800397 121.463198
3.60421542 121.726222
3.61058498 121.989684
3.61711779 122.253592
3.62381929 122.517958
3.63069532 122.782792
3.63775207 123.048106
3.64499618 123.313911
3.65243467 123.580218
3.66007506 123.84704
3.66792535 124.11439
3.67599404 124.38228
3.68429022 124.650724
3.69282355 124.919736
3.70160433 125.18933
3.71064356 125.459521
3.71995296 125.730326
3.72954503 126.001759
3.73943314 126.273838
3.74963156 126.546581
3.76015553 126.820004
3.77102136 127.094128
3.78224653 127.368971
3.79384972 127.644555
3.80585099 127.920899
3.81827183 128.198027
3.83113532 128.475962
3.84446626 128.754726
3.85829132 129.034346
3.87263919 129.314847
3.88754081 129.596257
3.9030295 129.878603
3.91914127 130.161916
3.935915 130.446225
3.95339276 130.731563
3.9716201 131.017962
3.99064638 131.305458
4.01052518 131.594087
4.03131473 131.883884
4.05307832 132.17489
4.07588491 132.467144
4.09980967 132.760686
4.12493466 133.05556
4.15134955 133.351809
4.1791525 133.649478
4.20845101 133.948611
4.23936304 134.249254
4.27201811 134.551453
4.30655868 134.855254
4.34314154 135.1607
4.38193951 135.467834
4.42314326 135.776697
4.46696333 136.087323
4.51363247 136.399743
4.56340813 136.713979
4.61657524 137.030045
4.67344931 137.347939
4.73437975 137.667644
4.7997534 137.989121
4.86999833 138.312302
4.94558767 138.637085
5.02704349 138.963323
5.11494031 139.290815
5.20990809 139.61929
5.31263409 139.94839
5.42386293 140.277651
5.54439373 140.606478
5.67507315 140.934117
5.81678214 141.259619
5.97041411 141.581798
6.13684105 141.899194
6.31686364 142.210022
6.51114051 142.512124
6.72009127 142.802932
6.94376863 143.079444
7.18169603 143.33822
7.4326721 143.57544
7.69455012 143.787017
7.9640134 143.968813
8.23638338 144.11697
8.50551658 144.228361
8.76386107 144.301155
9.00274545 144.335421
9.2129491 144.333677
9.38554571 144.301225
9.51292704 144.246142
9.5898262 144.17881
9.61411133 144.111021
9.58714574 144.054782
9.5136163 144.021082
9.4008784 144.018864
9.25799207 144.054397
9.09467929 144.131106
8.92040676 144.249799
8.74372003 144.409153
8.57186436 144.606308
8.41065976 144.837445
8.26456213 145.098275
8.13683667 145.384399
8.02978116 145.691546
7.94495515 146.015705
7.88338822 146.353172
7.84575426 146.700544
7.83250719 147.054666
7.84397826 147.412558
7.88043704 147.771325
7.94211782 148.128057
8.02921223 148.479731
8.14182698 148.823105
8.27990403 149.15463
8.44309926 149.470363
8.6306157 149.765919
8.84098947 150.036459
9.07183211 150.27675
9.31954327 150.48132
9.57902392 150.644742
9.84344197 150.762076
10.1041254 150.829461
10.350676 150.844848
10.5713928 150.808757
10.7540589 150.724943
10.8870632 150.600753
10.9607174 150.447011
10.9685229 150.277317
10.9080929 150.106821
10.7814885 149.950669
10.5948745 149.822462
10.3575901 149.73302
10.0808773 149.6897
9.77655959 149.696276
9.45591801 149.753309
9.12890258 149.858812
8.80370617 150.009016
8.48664813 150.199108
8.18227767 150.423829
7.89360449 150.677926
7.62238189 150.956444
7.36939095 151.254901
7.13469634 151.56936
6.9178607 151.896441
6.71811511 152.233298
6.534489 152.577565
6.36590566 152.927301
6.21125006 153.280928
6.06941522 153.637177
5.93933243 153.995035
5.8199899 154.3537
5.71044293 154.712544
5.60981835 155.071079
5.51731514 155.428933
5.43220243 155.785823
5.35381599 156.141544
5.28155387 156.495947
5.21487164 156.84893
5.15327749 157.200429
5.09632751 157.55041
5.04362107 157.898861
4.99479665 158.245787
4.94952791 158.591208
4.90752008 158.935155
4.86850674 159.277666
4.83224691 159.618784
4.79852238 159.958557
4.76713539 160.297037
4.73790647 160.634274
4.71067264 160.970322
4.68528566 161.305235
4.66161054 161.639066
4.63952425 161.971866
4.61891449 162.303687
4.59967863 162.634579
4.58172279 162.964591
4.56496095 163.293771
4.54931423 163.622163
4.53471023 163.949814
4.52108236 164.276764
4.50836936 164.603056
4.49651478 164.928728
4.48546657 165.25382
4.47517666 165.578367
4.46560062 165.902406
4.45669735 166.225968
4.44842878 166.549088
4.44075963 166.871795
4.43365714 167.19412
4.42709091 167.516092
4.42103266 167.837738
4.41545609 168.159084
4.41033671 168.480157
4.40565169 168.800979
4.40137975 169.121575
4.39750101 169.441968
4.39399693 169.762178
4.39085015 170.082228
4.38804444 170.402136
4.38556464 170.721922
4.38339652 171.041606
4.38152676 171.361205
4.37994287 171.680736
4.37863313 172.000216
4.37758657 172.319661
4.37679285 172.639088
4.3762423 172.958511
4.3759258 173.277944
4.37583481 173.597403
4.37596127 173.916901
4.37629764 174.236451
4.3768368 174.556066
4.37757207 174.875759
4.37849716 175.195542
4.37960617 175.515426
4.38089352 175.835425
4.38235399 176.155548
4.38398268 176.475808
4.38577495 176.796213
4.38772649 177.116777
4.38983321 177.437507
4.3920913 177.758415
4.39449718 178.07951
4.39704749 178.400803
4.3997391 178.722301
4.40256909 179.044015
4.40553471 179.365954
4.40863343 179.688127
4.41186287 180.010543
4.41522086 180.333209
4.41870536 180.656136
4.4223145 180.97933
4.42604658 181.302802
4.42990004 181.626558
4.43387344 181.950607
4.43796552 182.274958
4.44217513 182.599617
4.44650126 182.924594
4.45094302 183.249895
4.45549965 183.57553
4.46017052 183.901505
4.46495511 184.227828
4.46985303 184.554508
4.47486401 184.881552
4.47998787 185.208967
4.48522456 185.536762
4.49057417 185.864944
4.49603686 186.193521
4.50161294 186.522501
4.5073028 186.851891
4.51310697 187.181699
4.51902609 187.511933
4.52506092 187.842601
4.5312123 188.173711
4.53748125 188.505272
4.54386886 188.83729
4.55037636 189.169774
4.5570051 189.502733
4.56375657 189.836175
4.57063238 190.170107
4.57763426 190.50454
4.58476411 190.839481
4.59202394 191.174939
4.59941592 191.510923
4.60694237 191.847442
4.61460575 192.184506
4.62240871 192.522123
4.63035404 192.860303
4.63844471 193.199056
4.64668389 193.538392
4.6550749 193.878321
4.66362128 194.218853
4.67232679 194.559998
4.68119536 194.901768
4.69023119 195.244173
4.69943867 195.587225
4.70882248 195.930936
4.71838754 196.275316
4.72813902 196.620379
4.7380824 196.966136
4.74822346 197.3126
4.7585683 197.659786
4.76912333 198.007705
4.77989533 198.356372
4.79089146 198.705802
4.80211927 199.056008
4.81358671 199.407007
4.82530219 199.758814
4.83727459 200.111445
4.84951327 200.464916
4.86202814 200.819245
4.87482966 201.174451
4.88792887 201.53055
4.90133748 201.887562
4.91506785 202.245508
4.92913306 202.604407
4.94354697 202.96428
4.95832426 203.325149
4.97348047 203.687038
4.9890321 204.04997
5.00499663 204.413968
5.02139263 204.779059
5.03823982 205.145269
5.05555914 205.512626
5.07337286 205.881158
5.09170468 206.250894
5.11057983 206.621866
5.13002517 206.994106
5.15006935 207.367648
5.17074293 207.742526
5.19207854 208.118777
5.214111 208.496438
5.23687759 208.87555
5.26041817 209.256154
5.28477541 209.638293
5.30999506 210.022013
5.33612618 210.407359
5.36322144 210.794382
5.39133743 211.183133
5.420535 211.573665
5.45087965 211.966035
5.48244196 212.360302
5.51529803 212.756525
5.54953001 213.15477
5.5852267 213.555104
5.62248411 213.957595
5.66140623 214.362318
5.70210577 214.769347
5.74470505 215.178761
5.78933692 215.590645
5.8361459 216.005082
5.88528931 216.422162
5.93693867 216.841977
5.99128113 217.264622
6.04852121 217.690197
6.1088826 218.118802
6.17261033 218.550541
6.23997306 218.985519
6.31126575 219.423844
6.38681263 219.865622
6.46697048 220.310962
6.55213242 220.759968
6.64273203 221.212741
6.73924808 221.669376
6.84220978 222.129961
6.95220262 222.594568
7.06987497 223.063256
7.1959453 223.536058
7.33121029 224.01298
7.47655362 224.493988
7.63295567 224.978999
7.8015039 225.467866
7.98340393 225.960365
8.17999097 226.456167
8.39274141 226.95482
8.62328375 227.455711
8.87340825 227.958031
9.14507371 228.460724
9.44040968 228.96243
9.76171124 229.461416
10.1114226 229.95549
10.4921043 230.441901
10.906377 230.917226
11.3568329 231.377242
11.8459026 231.816778
12.3756646 232.229577
12.9475802 232.60816
13.5621389 232.943722
14.2184007 233.226104
14.9134327 233.443876
15.6416544 233.58461
16.3941384 233.635408
17.1579589 233.583766
17.9157363 233.418821
18.6455797 233.132957
19.3216574 232.723647
19.9155866 232.195262
20.3987015 231.560436
20.7450267 230.840514
20.9345034 230.064701
20.9558003 229.267815
20.8080178 228.48691
20.5008269 227.757433
20.0530039 227.109719
19.4897592 226.566522
18.8395305 226.141928
18.1309283 225.841611
17.3903305 225.664078
16.6403453 225.602428
15.8991153 225.646219
15.1802858 225.783126
14.493409 226.000246
13.8445754 226.285027
13.2371121 226.625848
12.6722496 227.012329
12.1497024 227.435437
11.668144 227.88748
11.2255785 228.362003
10.8196189 228.853667
10.4476896 229.358099
10.1071674 229.871753
9.79547733 230.391774
9.51015299 230.915885
9.24887299 231.442281
9.00947966 231.969547
8.78998579 232.496581
8.58857347 233.022535
8.40358791 233.546767
8.23352818 234.068801
8.0770364 234.58829
7.93288621 235.104993
7.79997133 235.618753
7.67729432 236.129477
7.56395615 236.637124
7.45914635 237.141694
7.36213406 237.643217
7.27225983 238.141747
7.18892823 238.637355
7.11160115 239.130128
7.03979189 239.620158
6.97305971 240.107547
6.91100516 240.5924
6.85326571 241.074823
6.79951202 241.554924
6.74944454 242.032812
6.70279047 242.508591
6.65930108 242.982367
6.61874932 243.454241
6.5809277 243.924312
6.54564632 244.392677
6.51273125 244.859429
6.48202293 245.324658
6.45337487 245.78845
6.42665238 246.250888
6.40173151 246.712053
6.37849805 247.172021
6.35684667 247.630866
6.3366801 248.088659
6.31790845 248.545467
6.30044852 249.001355
6.28422328 249.456385
6.26916128 249.910617
6.25519625 250.364106
6.2422666 250.816909
6.23031508 251.269077
6.21928841 251.720659
6.20913696 252.171704
6.19981446 252.622258
6.19127775 253.072363
6.18348651 253.522063
6.17640306 253.971398
6.16999217 254.420406
6.16422084 254.869125
6.15905817 255.31759
6.15447518 255.765834
6.15044471 256.213892
6.14694121 256.661794
6.14394073 257.109571
6.14142071 257.557252
6.13935996 258.004864
6.1377385 258.452436
6.13653754 258.899992
6.13573934 259.347558
6.13532719 259.795158
6.13528531 260.242815
6.13559879 260.690551
6.13625357 261.138389
6.13723633 261.586348
6.13853449 262.03445
6.14013614 262.482714
6.14203 262.931157
6.14420538 263.3798
6.14665215 263.828659
6.14936072 264.277751
6.15232196 264.727093
6.15552725 265.1767
6.15896835 265.62659
6.16263748 266.076775
6.16652722 266.527272
6.17063051 266.978094
6.17494067 267.429255
6.17945129 267.880769
6.18415632 268.332648
6.18904997 268.784906
6.19412673 269.237554
6.19938134 269.690604
6.20480881 270.144069
6.21040436 270.597959
6.21616344 271.052286
6.2220817 271.507061
6.22815499 271.962294
6.23437936 272.417995
6.24075103 272.874175
6.24726637 273.330844
6.25392195 273.788011
6.26071445 274.245685
6.26764073 274.703877
6.27469777 275.162594
6.28188268 275.621846
6.28919269 276.081642
6.29662518 276.541989
6.30417761 277.002897
6.31184755 277.464374
6.3196327 277.926427
6.32753083 278.389064
6.33553982 278.852294
6.34365763 279.316124
6.3518823 279.780561
6.36021198 280.245613
6.36864487 280.711287
6.37717925 281.17759
6.38581348 281.644529
6.39454599 282.112112
6.40337525 282.580345
6.41229983 283.049234
6.42131833 283.518787
6.43042942 283.98901
6.43963183 284.459909
6.44892434 284.931492
6.45830576 285.403763
6.46777498 285.87673
6.47733092 286.350398
6.48697255 286.824775
6.49669887 287.299865
6.50650894 287.775675
6.51640185 288.25221
6.52637673 288.729477
6.53643275 289.207482
6.5465691 289.686229
6.55678503 290.165726
6.5670798 290.645976
6.57745271 291.126987
6.58790309 291.608764
6.5984303 292.091311
6.60903374 292.574636
6.61971281 293.058742
6.63046695 293.543636
6.64129564 294.029322
6.65219836 294.515807
6.66317464 295.003095
6.674224 295.491192
6.685346 295.980102
6.69654024 296.469832
6.7078063 296.960387
6.71914382 297.45177
6.73055243 297.943989
6.74203179 298.437047
6.75358158 298.93095
6.76520149 299.425702
6.77689124 299.92131
6.78865056 300.417778
6.80047918 300.91511
6.81237688 301.413313
6.82434342 301.91239
6.83637859 302.412348
6.8484822 302.91319
6.86065407 303.414922
6.87289402 303.917549
6.8852019 304.421076
6.89757756 304.925507
6.91002088 305.430848
6.92253173 305.937103
6.93511 306.444277
6.9477556 306.952375
6.96046845 307.461403
6.97324846 307.971364
6.98609557 308.482265
6.99900973 308.994108
7.01199089 309.506901
7.02503902 310.020646
7.03815409 310.53535
7.05133608 311.051018
7.06458499 311.567653
7.07790082 312.08526
7.09128358 312.603846
7.10473328 313.123414
7.11824996 313.643969
7.13183364 314.165517
7.14548437 314.688062
7.1592022 315.211609
7.17298719 315.736163
7.18683939 316.261728
7.2007589 316.788311
7.21474577 317.315915
7.22880011 317.844545
7.24292199 318.374207
7.25711153 318.904905
7.27136882 319.436645
7.28569399 319.96943
7.30008715 320.503267
7.31454842 321.03816
7.32907793 321.574114
7.34367584 322.111134
7.35834227 322.649225
7.37307738 323.188392
7.38788132 323.72864
7.40275425 324.269974
7.41769635 324.812399
7.43270777 325.355921
7.44778871 325.900543
7.46293934 326.446272
7.47815985 326.993112
7.49345044 327.541069
7.5088113 328.090147
7.52424263 328.640352
7.53974466 329.191689
7.55531758 329.744163
7.57096162 330.297779
7.58667701 330.852542
7.60246397 331.408458
7.61832274 331.965532
7.63425355 332.523769
7.65025665 333.083174
7.66633228 333.643753
7.6824807 334.205511
7.69870217 334.768453
7.71499695 335.332584
7.7313653 335.897911
7.7478075 336.464437
7.76432381 337.03217
7.78091453 337.601114
7.79757993 338.171274
7.81432031 338.742656
7.83113596 339.315266
7.84802717 339.889109
7.86499425 340.46419
7.88203751 341.040516
7.89915725 341.618091
7.91635379 342.196921
7.93362745 342.777012
7.95097856 343.35837
7.96840744 343.941
7.98591442 344.524908
8.00349985 345.110099
8.02116406 345.69658
8.0389074 346.284355
8.05673021 346.873432
8.07463286 347.463815
8.0926157 348.055511
8.1106791 348.648525
8.12882341 349.242864
8.14704901 349.838532
8.16535628 350.435537
8.1837456 351.033884
END
