SIMP
NP=4096
SW=10000
TYPE=SPE
DATA
0.108210076 -17.7819499
0.0727415364 -17.6286724
0.108186114 -17.6935393
0.0725348819 -17.5404409
0.108162751 -17.6052412
0.0723290965 -17.4523216
0.108139983 -17.5170549
0.0721241761 -17.3643135
0.108117809 -17.4289796
0.0719201163 -17.2764161
0.108096226 -17.3410147
0.0717169131 -17.1886287
0.108075231 -17.2531595
0.0715145621 -17.1009504
0.108054822 -17.1654132
0.0713130595 -17.0133807
0.108034996 -17.0777751
0.071112401 -16.9259189
0.108015751 -16.9902446
0.0709125826 -16.8385641
0.107997085 -16.902821
0.0707136003 -16.7513158
0.107978994 -16.8155035
0.0705154501 -16.6641732
0.107961478 -16.7282915
0.0703181281 -16.5771358
0.107944532 -16.6411843
0.0701216303 -16.4902027
0.107928156 -16.5541812
0.0699259528 -16.4033733
0.107912346 -16.4672815
0.0697310918 -16.3166469
0.1078971 -16.3804846
0.0695370434 -16.2300229
0.107882417 -16.2937898
0.0693438038 -16.1435006
0.107868293 -16.2071964
0.0691513693 -16.0570793
0.107854727 -16.1207038
0.0689597362 -15.9707584
0.107841716 -16.0343112
0.0687689006 -15.8845372
0.107829259 -15.9480181
0.0685788589 -15.798415
0.107817352 -15.8618238
0.0683896075 -15.7123912
0.107805994 -15.7757275
0.0682011428 -15.6264651
0.107795183 -15.6897288
0.068013461 -15.5406361
0.107784917 -15.6038268
0.0678265587 -15.4549035
0.107775193 -15.518021
0.0676404324 -15.3692667
0.107766009 -15.4323108
0.0674550784 -15.2837251
0.107757364 -15.3466954
0.0672704933 -15.198278
0.107749256 -15.2611743
0.0670866737 -15.1129247
0.107741682 -15.1757468
0.066903616 -15.0276647
0.10773464 -15.0904123
0.066721317 -14.9424973
0.107728129 -15.0051701
0.0665397732 -14.8574219
0.107722146 -14.9200196
0.0663589813 -14.7724378
0.10771669 -14.8349603
0.0661789379 -14.6875444
0.107711759 -14.7499914
0.0659996397 -14.6027412
0.10770735 -14.6651124
0.0658210834 -14.5180275
0.107703463 -14.5803226
0.0656432659 -14.4334026
0.107700094 -14.4956214
0.0654661839 -14.348866
0.107697243 -14.4110082
0.0652898341 -14.2644171
0.107694908 -14.3264825
0.0651142134 -14.1800552
0.107693086 -14.2420435
0.0649393186 -14.0957797
0.107691776 -14.1576907
0.0647651467 -14.0115901
0.107690976 -14.0734235
0.0645916944 -13.9274857
0.107690685 -13.9892413
0.0644189588 -13.8434659
0.107690901 -13.9051434
0.0642469368 -13.7595302
0.107691621 -13.8211294
0.0640756253 -13.6756779
0.107692845 -13.7371985
0.0639050213 -13.5919085
0.107694571 -13.6533503
0.0637351219 -13.5082213
0.107696797 -13.5695841
0.0635659241 -13.4246159
0.107699521 -13.4858993
0.0633974249 -13.3410915
0.107702742 -13.4022953
0.0632296215 -13.2576476
0.107706458 -13.3187716
0.0630625109 -13.1742837
0.107710668 -13.2353276
0.0628960903 -13.0909991
0.10771537 -13.1519627
0.0627303568 -13.0077933
0.107720563 -13.0686763
0.0625653076 -12.9246656
0.107726245 -12.9854679
0.06240094 -12.8416156
0.107732414 -12.9023368
0.062237251 -12.7586427
0.107739069 -12.8192826
0.062074238 -12.6757463
0.107746209 -12.7363046
0.0619118982 -12.5929258
0.107753832 -12.6534023
0.0617502289 -12.5101806
0.107761937 -12.5705751
0.0615892274 -12.4275103
0.107770522 -12.4878225
0.061428891 -12.3449141
0.107779586 -12.4051439
0.0612692172 -12.2623917
0.107789128 -12.3225387
0.0611102031 -12.1799424
0.107799145 -12.2400064
0.0609518463 -12.0975657
0.107809637 -12.1575464
0.0607941442 -12.015261
0.107820603 -12.0751582
0.0606370941 -11.9330277
0.10783204 -11.9928413
0.0604806936 -11.8508654
0.107843949 -11.910595
0.06032494 -11.7687735
0.107856326 -11.8284189
0.060169831 -11.6867514
0.107869172 -11.7463123
0.0600153639 -11.6047986
0.107882485 -11.6642749
0.0598615363 -11.5229145
0.107896263 -11.5823059
0.0597083458 -11.4410987
0.107910506 -11.5004049
0.05955579 -11.3593505
0.107925212 -11.4185713
0.0594038664 -11.2776695
0.107940379 -11.3368046
0.0592525726 -11.1960551
0.107956008 -11.2551043
0.0591019063 -11.1145067
0.107972096 -11.1734699
0.058951865 -11.0330239
0.107988642 -11.0919007
0.0588024466 -10.9516061
0.108005646 -11.0103964
0.0586536486 -10.8702529
0.108023105 -10.9289562
0.0585054687 -10.7889635
0.10804102 -10.8475799
0.0583579047 -10.7077376
0.108059389 -10.7662667
0.0582109543 -10.6265747
0.10807821 -10.6850162
0.0580646152 -10.5454741
0.108097483 -10.6038278
0.0579188853 -10.4644354
0.108117206 -10.5227012
0.0577737623 -10.3834581
0.108137379 -10.4416356
0.0576292441 -10.3025417
0.108158001 -10.3606307
0.0574853284 -10.2216855
0.10817907 -10.2796858
0.0573420131 -10.1408892
0.108200585 -10.1988006
0.0571992961 -10.0601523
0.108222546 -10.1179744
0.0570571752 -9.97947409
0.108244951 -10.0372068
0.0569156483 -9.89885421
0.1082678 -9.9564973
0.0567747134 -9.81829213
0.108291091 -9.87584533
0.0566343684 -9.73778734
0.108314824 -9.79525042
0.0564946111 -9.65733934
0.108338997 -9.71471207
0.0563554397 -9.57694762
0.10836361 -9.63422976
0.0562168521 -9.49661169
0.108388662 -9.55380301
0.0560788462 -9.41633104
0.108414152 -9.47343131
0.0559414201 -9.33610519
0.108440078 -9.39311416
0.0558045718 -9.25593363
0.108466441 -9.31285108
0.0556682994 -9.17581587
0.108493239 -9.23264157
0.0555326009 -9.09575141
0.108520472 -9.15248512
0.0553974744 -9.01573978
0.108548138 -9.07238126
0.0552629179 -8.93578046
0.108576237 -8.9923295
0.0551289297 -8.85587299
0.108604767 -8.91232933
0.0549955078 -8.77601686
0.108633729 -8.83238029
0.0548626504 -8.69621159
0.108663122 -8.75248187
0.0547303556 -8.61645671
0.108692943 -8.67263359
0.0545986215 -8.53675171
0.108723194 -8.59283498
0.0544674465 -8.45709613
0.108753872 -8.51308555
0.0543368287 -8.37748948
0.108784978 -8.43338481
0.0542067662 -8.29793128
0.108816511 -8.35373229
0.0540772574 -8.21842104
0.108848469 -8.27412751
0.0539483005 -8.13895831
0.108880853 -8.19456999
0.0538198937 -8.05954259
0.108913661 -8.11505926
0.0536920354 -7.98017341
0.108946893 -8.03559484
0.0535647238 -7.9008503
0.108980548 -7.95617625
0.0534379572 -7.82157279
0.109014625 -7.87680302
0.053311734 -7.74234039
0.109049124 -7.79747469
0.0531860524 -7.66315266
0.109084045 -7.71819078
0.0530609109 -7.5840091
0.109119386 -7.63895081
0.0529363079 -7.50490927
0.109155147 -7.55975433
0.0528122415 -7.42585267
0.109191327 -7.48060087
0.0526887104 -7.34683887
0.109227926 -7.40148996
0.0525657128 -7.26786737
0.109264943 -7.32242112
0.0524432473 -7.18893773
0.109302378 -7.24339391
0.0523213122 -7.11004949
0.10934023 -7.16440786
0.052199906 -7.03120216
0.109378498 -7.0854625
0.0520790272 -6.95239531
0.109417182 -7.00655738
0.0519586742 -6.87362846
0.109456282 -6.92769202
0.0518388455 -6.79490116
0.109495797 -6.84886599
0.0517195397 -6.71621295
0.109535726 -6.77007881
0.0516007552 -6.63756337
0.109576069 -6.69133003
0.0514824907 -6.55895197
0.109616826 -6.61261919
0.0513647445 -6.48037829
0.109657995 -6.53394584
0.0512475153 -6.40184188
0.109699577 -6.45530953
0.0511308017 -6.32334228
0.109741571 -6.37670979
0.0510146023 -6.24487905
0.109783977 -6.29814619
0.0508989156 -6.16645172
0.109826794 -6.21961826
0.0507837402 -6.08805986
0.109870022 -6.14112556
0.0506690748 -6.00970301
0.109913661 -6.06266763
0.0505549181 -5.93138071
0.109957709 -5.98424403
0.0504412686 -5.85309254
0.110002167 -5.90585431
0.0503281251 -5.77483802
0.110047034 -5.82749802
0.0502154861 -5.69661673
0.11009231 -5.74917472
0.0501033505 -5.61842822
0.110137995 -5.67088396
0.0499917168 -5.54027203
0.110184088 -5.59262529
0.0498805839 -5.46214773
0.110230588 -5.51439827
0.0497699504 -5.38405488
0.110277496 -5.43620246
0.0496598151 -5.30599302
0.110324812 -5.35803742
0.0495501767 -5.22796173
0.110372534 -5.2799027
0.0494410341 -5.14996055
0.110420663 -5.20179787
0.0493323858 -5.07198905
0.110469199 -5.12372247
0.0492242309 -4.9940468
0.11051814 -5.04567608
0.049116568 -4.91613334
0.110567487 -4.96765826
0.0490093959 -4.83824825
0.11061724 -4.88966856
0.0489027136 -4.76039108
0.110667398 -4.81170655
0.0487965198 -4.6825614
0.110717961 -4.73377179
0.0486908133 -4.60475878
0.110768929 -4.65586385
0.0485855931 -4.52698278
0.110820302 -4.57798228
0.0484808581 -4.44923296
0.110872079 -4.50012667
0.048376607 -4.37150889
0.110924261 -4.42229657
0.0482728388 -4.29381014
0.110976846 -4.34449154
0.0481695524 -4.21613627
0.111029835 -4.26671116
0.0480667467 -4.13848686
0.111083229 -4.188955
0.0479644207 -4.06086147
0.111137025 -4.11122262
0.0478625732 -3.98325967
0.111191226 -4.03351359
0.0477612033 -3.90568103
0.111245829 -3.95582748
0.04766031 -3.82812513
0.111300836 -3.87816386
0.0475598921 -3.75059152
0.111356245 -3.8005223
0.0474599486 -3.67307979
0.111412058 -3.72290238
0.0473604787 -3.59558951
0.111468274 -3.64530366
0.0472614812 -3.51812024
0.111524892 -3.56772571
0.0471629553 -3.44067157
0.111581913 -3.49016812
0.0470648999 -3.36324306
0.111639337 -3.41263045
0.0469673141 -3.28583429
0.111697163 -3.33511227
0.0468701969 -3.20844483
0.111755392 -3.25761317
0.0467735475 -3.13107427
0.111814023 -3.18013272
0.0466773648 -3.05372217
0.111873057 -3.10267048
0.046581648 -2.97638811
0.111932494 -3.02522604
0.0464863962 -2.89907167
0.111992332 -2.94779898
0.0463916085 -2.82177242
0.112052574 -2.87038886
0.046297284 -2.74448995
0.112113217 -2.79299528
0.0462034218 -2.66722382
0.112174263 -2.71561779
0.0461100212 -2.58997363
0.112235712 -2.63825599
0.0460170812 -2.51273894
0.112297563 -2.56090945
0.045924601 -2.43551933
0.112359817 -2.48357774
0.0458325797 -2.3583144
0.112422473 -2.40626046
0.0457410167 -2.2811237
0.112485533 -2.32895717
0.045649911 -2.20394683
0.112548994 -2.25166746
0.0455592619 -2.12678337
0.112612859 -2.17439091
0.0454690686 -2.0496329
0.112677127 -2.09712709
0.0453793303 -1.97249499
0.112741798 -2.01987559
0.0452900463 -1.89536923
0.112806872 -1.94263599
0.0452012159 -1.8182552
0.112872349 -1.86540788
0.0451128382 -1.74115248
0.11293823 -1.78819082
0.0450249125 -1.66406066
0.113004515 -1.71098441
0.0449374382 -1.58697932
0.113071203 -1.63378822
0.0448504146 -1.50990804
0.113138295 -1.55660185
0.0447638408 -1.4328464
0.113205791 -1.47942486
0.0446777163 -1.35579399
0.113273691 -1.40225685
0.0445920404 -1.2787504
0.113341996 -1.3250974
0.0445068124 -1.2017152
0.113410705 -1.24794609
0.0444220316 -1.12468797
0.11347982 -1.1708025
0.0443376974 -1.04766832
0.113549339 -1.09366623
0.0442538092 -0.970655806
0.113619263 -1.01653684
0.0441703664 -0.89365003
0.113689593 -0.939413936
0.0440873682 -0.816650573
0.113760329 -0.862297092
0.0440048142 -0.73965702
0.113831471 -0.785185894
0.0439227038 -0.662668955
0.113903019 -0.708079927
0.0438410362 -0.585685965
0.113974974 -0.630978777
0.0437598111 -0.508707635
0.114047335 -0.553882028
0.0436790278 -0.431733552
0.114120104 -0.476789266
0.0435986857 -0.3547633
0.11419328 -0.399700076
0.0435187843 -0.277796466
0.114266863 -0.322614044
0.0434393232 -0.200832637
0.114340855 -0.245530755
0.0433603016 -0.123871398
0.114415255 -0.168449794
0.0432817193 -0.0469123353
0.114490064 -0.0913707486
0.0432035755 0.0300449636
0.114565282 -0.0142932034
0.0431258699 0.107000913
0.114640909 0.0627832553
0.043048602 0.183955925
0.114716946 0.139859042
0.0429717713 0.260910415
0.114793393 0.216934569
0.0428953773 0.337864795
0.114870251 0.294010252
0.0428194196 0.414819479
0.114947519 0.371086505
0.0427438977 0.491774879
0.115025199 0.44816374
0.0426688112 0.568731409
0.115103291 0.525242373
0.0425941597 0.645689482
0.115181794 0.602322816
0.0425199427 0.722649512
0.115260711 0.679405484
0.0424461599 0.799611911
0.11534004 0.756490791
0.0423728109 0.876577094
0.115419783 0.833579149
0.0422998953 0.953545472
0.115499939 0.910670975
0.0422274126 1.03051746
0.11558051 0.98776668
0.0421553626 1.10749347
0.115661496 1.06486668
0.0420837449 1.18447392
0.115742898 1.14197139
0.0420125591 1.26145921
0.115824715 1.21908122
0.0419418049 1.33844977
0.115906948 1.29619659
0.041871482 1.41544601
0.115989598 1.37331791
0.0418015901 1.49244834
0.116072666 1.45044559
0.0417321289 1.56945717
0.116156152 1.52758005
0.041663098 1.64647292
0.116240056 1.60472171
0.0415944971 1.723496
0.116324379 1.68187098
0.0415263261 1.80052683
0.116409121 1.75902827
0.0414585847 1.87756582
0.116494284 1.83619401
0.0413912725 1.95461338
0.116579868 1.91336859
0.0413243893 2.03166994
0.116665872 1.99055245
0.0412579349 2.1087359
0.116752299 2.06774599
0.0411919091 2.18581168
0.116839148 2.14494964
0.0411263117 2.2628977
0.116926421 2.2221638
0.0410611424 2.33999436
0.117014117 2.2993889
0.040996401 2.41710209
0.117102238 2.37662534
0.0409320874 2.49422131
0.117190783 2.45387355
0.0408682014 2.57135242
0.117279754 2.53113395
0.0408047428 2.64849585
0.117369152 2.60840694
0.0407417114 2.725652
0.117458977 2.68569295
0.0406791071 2.80282131
0.117549229 2.7629924
0.0406169298 2.88000418
0.11763991 2.8403057
0.0405551794 2.95720103
0.117731021 2.91763328
0.0404938556 3.03441228
0.11782256 2.99497554
0.0404329584 3.11163834
0.117914531 3.07233291
0.0403724878 3.18887964
0.118006933 3.1497058
0.0403124435 3.2661366
0.118099767 3.22709465
0.0402528256 3.34340963
0.118193034 3.30449986
0.0401936339 3.42069915
0.118286734 3.38192185
0.0401348685 3.49800558
0.118380869 3.45936106
0.0400765292 3.57532935
0.118475438 3.53681789
0.0400186159 3.65267086
0.118570444 3.61429276
0.0399611288 3.73003055
0.118665887 3.69178611
0.0399040677 3.80740883
0.118761767 3.76929835
0.0398474326 3.88480612
0.118858085 3.84682991
0.0397912236 3.96222285
0.118954843 3.9243812
0.0397354406 4.03965944
0.119052041 4.00195265
0.0396800837 4.11711631
0.11914968 4.07954468
0.0396251529 4.19459389
0.11924776 4.15715772
0.0395706481 4.27209258
0.119346283 4.23479219
0.0395165696 4.34961284
0.11944525 4.31244852
0.0394629173 4.42715506
0.119544661 4.39012713
0.0394096913 4.50471969
0.119644518 4.46782844
0.0393568916 4.58230714
0.119744821 4.54555289
0.0393045184 4.65991784
0.119845571 4.6233009
0.0392525718 4.73755222
0.119946769 4.7010729
0.0392010518 4.81521071
0.120048416 4.77886931
0.0391499586 4.89289372
0.120150514 4.85669056
0.0390992923 4.9706017
0.120253062 4.93453709
0.039049053 5.04833506
0.120356062 5.01240932
0.0389992409 5.12609424
0.120459516 5.09030768
0.0389498562 5.20387966
0.120563423 5.1682326
0.038900899 5.28169177
0.120667785 5.24618451
0.0388523694 5.35953097
0.120772604 5.32416385
0.0388042678 5.43739772
0.120877879 5.40217104
0.0387565942 5.51529243
0.120983613 5.48020653
0.0387093489 5.59321555
0.121089806 5.55827073
0.0386625321 5.6711675
0.121196459 5.6363641
0.038616144 5.74914872
0.121303573 5.71448705
0.0385701848 5.82715964
0.12141115 5.79264004
0.0385246549 5.9052007
0.12151919 5.87082348
0.0384795544 5.98327234
0.121627695 5.94903783
0.0384348837 6.06137498
0.121736665 6.02728351
0.038390643 6.13950907
0.121846102 6.10556096
0.0383468326 6.21767504
0.121956008 6.18387063
0.0383034528 6.29587334
0.122066382 6.26221296
0.0382605039 6.3741044
0.122177227 6.34058837
0.0382179862 6.45236866
0.122288544 6.41899733
0.0381759002 6.53066656
0.122400333 6.49744025
0.038134246 6.60899854
0.122512596 6.5759176
0.038093024 6.68736505
0.122625334 6.6544298
0.0380522347 6.76576652
0.122738548 6.73297731
0.0380118784 6.84420341
0.12285224 6.81156058
0.0379719555 6.92267615
0.122966411 6.89018003
0.0379324663 7.00118519
0.123081062 6.96883613
0.0378934113 7.07973098
0.123196194 7.04752932
0.0378547909 7.15831396
0.123311809 7.12626004
0.0378166055 7.23693459
0.123427907 7.20502875
0.0377788555 7.3155933
0.123544491 7.28383589
0.0377415415 7.39429055
0.123661562 7.36268192
0.0377046638 7.47302679
0.12377912 7.44156729
0.0376682229 7.55180247
0.123897168 7.52049244
0.0376322193 7.63061804
0.124015706 7.59945784
0.0375966536 7.70947395
0.124134736 7.67846393
0.0375615261 7.78837066
0.124254259 7.75751118
0.0375268374 7.86730863
0.124374277 7.83660003
0.0374925881 7.9462883
0.124494791 7.91573095
0.0374587787 8.02531014
0.124615803 7.99490438
0.0374254096 8.10437459
0.124737314 8.0741208
0.0373924816 8.18348213
0.124859325 8.15338066
0.037359995 8.26263321
0.124981837 8.23268442
0.0373279506 8.34182829
0.125104853 8.31203254
0.0372963489 8.42106783
0.125228374 8.39142549
0.0372651906 8.50035229
0.125352401 8.47086372
0.0372344761 8.57968214
0.125476936 8.55034771
0.0372042062 8.65905784
0.12560198 8.62987792
0.0371743815 8.73847986
0.125727535 8.70945481
0.0371450026 8.81794867
0.125853603 8.78907886
0.0371160702 8.89746472
0.125980184 8.86875054
0.0370875849 8.97702849
0.126107281 8.9484703
0.0370595475 9.05664046
0.126234894 9.02823863
0.0370319587 9.13630108
0.126363027 9.108056
0.0370048191 9.21601083
0.126491679 9.18792287
0.0369781294 9.2957702
0.126620854 9.26783973
0.0369518905 9.37557964
0.126750552 9.34780705
0.0369261029 9.45543963
0.126880775 9.42782531
0.0369007676 9.53535066
0.127011525 9.50789498
0.0368758852 9.6153132
0.127142804 9.58801655
0.0368514565 9.69532773
0.127274612 9.66819049
0.0368274824 9.77539472
0.127406953 9.74841729
0.0368039635 9.85551467
0.127539827 9.82869743
0.0367809008 9.93568804
0.127673237 9.9090314
0.036758295 10.0159153
0.127807184 9.98941967
0.0367361471 10.096197
0.127941669 10.0698627
0.0367144577 10.1765336
0.128076695 10.1503611
0.0366932279 10.2569256
0.128212264 10.2309152
0.0366724584 10.3373734
0.128348376 10.3115256
0.0366521502 10.4178776
0.128485035 10.3921927
0.0366323042 10.4984386
0.128622242 10.4729171
0.0366129212 10.579057
0.128759998 10.5536993
0.0365940023 10.6597332
0.128898306 10.6345396
0.0365755482 10.7404677
0.129037168 10.7154387
0.0365575601 10.8212611
0.129176584 10.7963971
0.0365400388 10.9021137
0.129316558 10.8774152
0.0365229853 10.9830263
0.129457091 10.9584935
0.0365064007 11.0639991
0.129598186 11.0396325
0.0364902858 11.1450327
0.129739843 11.1208328
0.0364746418 11.2261277
0.129882065 11.2020949
0.0364594697 11.3072846
0.130024854 11.2834192
0.0364447705 11.3885037
0.130168213 11.3648063
0.0364305452 11.4697858
0.130312142 11.4462566
0.036416795 11.5511312
0.130456644 11.5277707
0.0364035208 11.6325404
0.130601722 11.6093492
0.0363907239 11.7140141
0.130747376 11.6909924
0.0363784053 11.7955527
0.13089361 11.772701
0.0363665661 11.8771566
0.131040425 11.8544754
0.0363552075 11.9588266
0.131187824 11.9363162
0.0363443306 12.0405629
0.131335808 12.0182239
0.0363339366 12.1223663
0.13148438 12.100199
0.0363240267 12.2042371
0.131633542 12.182242
0.036314602 12.286176
0.131783295 12.2643535
0.0363056638 12.3681834
0.131933643 12.346534
0.0362972133 12.4502599
0.132084588 12.428784
0.0362892517 12.5324061
0.132236131 12.5111041
0.0362817802 12.6146223
0.132388275 12.5934947
0.0362748002 12.6969092
0.132541022 12.6759565
0.036268313 12.7792673
0.132694375 12.7584899
0.0362623197 12.8616972
0.132848335 12.8410955
0.0362568217 12.9441993
0.133002906 12.9237739
0.0362518205 13.0267743
0.133158088 13.0065255
0.0362473171 13.1094226
0.133313886 13.0893509
0.0362433131 13.1921448
0.133470301 13.1722507
0.0362398097 13.2749415
0.133627335 13.2552254
0.0362368085 13.3578131
0.133784991 13.3382756
0.0362343107 13.4407603
0.133943271 13.4214017
0.0362323178 13.5237836
0.134102178 13.5046045
0.0362308313 13.6068836
0.134261715 13.5878843
0.0362298525 13.6900607
0.134421883 13.6712418
0.0362293829 13.7733156
0.134582685 13.7546776
0.036229424 13.8566488
0.134744124 13.8381921
0.0362299774 13.9400609
0.134906202 13.921786
0.0362310444 14.0235524
0.135068922 14.0054598
0.0362326266 14.1071239
0.135232287 14.0892141
0.0362347256 14.190776
0.135396298 14.1730494
0.036237343 14.2745092
0.135560959 14.2569664
0.0362404802 14.3583241
0.135726272 14.3409655
0.0362441389 14.4422213
0.13589224 14.4250474
0.0362483207 14.5262013
0.136058865 14.5092127
0.0362530271 14.6102648
0.136226151 14.5934619
0.03625826 14.6944123
0.136394099 14.6777956
0.0362640208 14.7786443
0.136562713 14.7622143
0.0362703114 14.8629615
0.136731996 14.8467188
0.0362771333 14.9473645
0.13690195 14.9313095
0.0362844882 15.0318538
0.137072578 15.015987
0.036292378 15.1164301
0.137243882 15.100752
0.0363008043 15.2010938
0.137415866 15.185605
0.0363097689 15.2858457
0.137588533 15.2705466
0.0363192736 15.3706863
0.137761885 15.3555775
0.0363293201 15.4556162
0.137935925 15.4406982
0.0363399104 15.540636
0.138110657 15.5259093
0.0363510461 15.6257463
0.138286082 15.6112115
0.0363627293 15.7109478
0.138462205 15.6966052
0.0363749616 15.7962409
0.138639027 15.7820913
0.0363877451 15.8816264
0.138816553 15.8676702
0.0364010816 15.9671049
0.138994785 15.9533426
0.0364149731 16.0526769
0.139173726 16.0391091
0.0364294215 16.1383431
0.139353379 16.1249703
0.0364444287 16.224104
0.139533748 16.2109268
0.0364599967 16.3099604
0.139714835 16.2969793
0.0364761276 16.3959129
0.139896644 16.3831284
0.0364928234 16.481962
0.140079178 16.4693747
0.036510086 16.5681084
0.140262439 16.5557189
0.0365279176 16.6543527
0.140446432 16.6421615
0.0365463202 16.7406957
0.140631159 16.7287033
0.0365652959 16.8271378
0.140816624 16.8153448
0.0365848469 16.9136797
0.14100283 16.9020867
0.0366049753 17.0003222
0.14118978 16.9889297
0.0366256832 17.0870658
0.141377478 17.0758744
0.0366469728 17.1739111
0.141565927 17.1629214
0.0366688464 17.2608589
0.141755131 17.2500714
0.0366913061 17.3479098
0.141945092 17.3373251
0.0367143542 17.4350644
0.142135815 17.4246831
0.0367379929 17.5223234
0.142327302 17.5121461
0.0367622246 17.6096875
0.142519558 17.5997147
0.0367870515 17.6971573
0.142712585 17.6873897
0.036812476 17.7847335
0.142906388 17.7751716
0.0368385003 17.8724168
0.143100969 17.8630612
0.036865127 17.9602078
0.143296334 17.9510591
0.0368923584 18.0481072
0.143492484 18.039166
0.0369201969 18.1361157
0.143689424 18.1273826
0.0369486449 18.224234
0.143887157 18.2157095
0.0369777049 18.3124627
0.144085688 18.3041476
0.0370073794 18.4008026
0.14428502 18.3926974
0.0370376708 18.4892543
0.144485156 18.4813596
0.0370685818 18.5778186
0.144686101 18.570135
0.0371001149 18.666496
0.144887858 18.6590242
0.0371322726 18.7552875
0.145090432 18.748028
0.0371650576 18.8441935
0.145293825 18.837147
0.0371984725 18.9332149
0.145498042 18.926382
0.0372325199 19.0223523
0.145703088 19.0157337
0.0372672024 19.1116065
0.145908965 19.1052028
0.0373025229 19.2009782
0.146115678 19.1947899
0.037338484 19.290468
0.146323231 19.2844959
0.0373750885 19.3800768
0.146531627 19.3743215
0.0374123391 19.4698053
0.146740872 19.4642674
0.0374502387 19.5596541
0.146950969 19.5543343
0.03748879 19.649624
0.147161923 19.6445229
0.0375279959 19.7397158
0.147373737 19.7348341
0.0375678593 19.8299301
0.147586415 19.8252685
0.0376083831 19.9202678
0.147799963 19.9158268
0.0376495703 20.0107295
0.148014384 20.0065099
0.0376914237 20.1013161
0.148229683 20.0973186
0.0377339463 20.1920283
0.148445863 20.1882534
0.0377771412 20.2828668
0.14866293 20.2793153
0.0378210114 20.3738324
0.148880887 20.3705049
0.03786556 20.4649258
0.14909974 20.4618231
0.0379107901 20.5561479
0.149319492 20.5532706
0.0379567047 20.6474994
0.149540149 20.6448482
0.038003307 20.738981
0.149761714 20.7365566
0.0380506002 20.8305937
0.149984193 20.8283967
0.0380985875 20.922338
0.150207589 20.9203693
0.0381472721 21.0142149
0.150431908 21.0124751
0.0381966574 21.1062251
0.150657155 21.1047149
0.0382467465 21.1983694
0.150883333 21.1970895
0.0382975428 21.2906487
0.151110448 21.2895997
0.0383490497 21.3830636
0.151338505 21.3822464
0.0384012705 21.4756151
0.151567508 21.4750303
0.0384542087 21.5683039
0.151797463 21.5679523
0.0385078677 21.6611309
0.152028373 21.6610131
0.0385622509 21.7540968
0.152260245 21.7542137
0.038617362 21.8472025
0.152493083 21.8475547
0.0386732043 21.9404488
0.152726892 21.9410372
0.0387297815 22.0338366
0.152961677 22.0346618
0.0387870971 22.1273666
0.153197444 22.1284294
0.0388451549 22.2210398
0.153434197 22.2223409
0.0389039585 22.3148569
0.153671942 22.3163972
0.0389635115 22.4088189
0.153910683 22.410599
0.0390238177 22.5029265
0.154150427 22.5049472
0.0390848809 22.5971806
0.154391179 22.5994427
0.0391467049 22.6915822
0.154632943 22.6940864
0.0392092934 22.7861319
0.154875725 22.7888791
0.0392726505 22.8808309
0.155119531 22.8838217
0.0393367799 22.9756798
0.155364366 22.9789151
0.0394016856 23.0706795
0.155610236 23.0741602
0.0394673715 23.1658311
0.155857145 23.1695578
0.0395338418 23.2611353
0.156105101 23.2651088
0.0396011004 23.356593
0.156354108 23.3608142
0.0396691514 23.4522052
0.156604173 23.4566748
0.0397379989 23.5479727
0.1568553 23.5526916
0.0398076471 23.6438965
0.157107495 23.6488655
0.0398781001 23.7399774
0.157360766 23.7451973
0.0399493623 23.8362165
0.157615116 23.8416881
0.0400214378 23.9326145
0.157870553 23.9383387
0.040094331 24.0291725
0.158127082 24.03515
0.0401680461 24.1258913
0.15838471 24.132123
0.0402425877 24.2227719
0.158643441 24.2292587
0.0403179601 24.3198153
0.158903284 24.326558
0.0403941678 24.4170224
0.159164242 24.4240218
0.0404712153 24.5143942
0.159426324 24.5216512
0.040549107 24.6119315
0.159689534 24.619447
0.0406278477 24.7096354
0.15995388 24.7174102
0.0407074419 24.8075069
0.160219368 24.8155418
0.0407878943 24.9055468
0.160486004 24.9138428
0.0408692096 25.0037563
0.160753794 25.0123142
0.0409513926 25.1021362
0.161022746 25.110957
0.041034448 25.2006876
0.161292865 25.2097721
0.0411183807 25.2994115
0.161564159 25.3087605
0.0412031956 25.3983088
0.161836633 25.4079233
0.0412888975 25.4973806
0.162110295 25.5072615
0.0413754915 25.5966279
0.162385152 25.6067761
0.0414629826 25.6960517
0.16266121 25.7064681
0.0415513758 25.7956531
0.162938476 25.8063386
0.0416406763 25.895433
0.163216957 25.9063885
0.0417308891 25.9953925
0.163496661 26.006619
0.0418220195 26.0955326
0.163777593 26.1070311
0.0419140728 26.1958545
0.164059762 26.2076257
0.0420070542 26.296359
0.164343174 26.3084041
0.0421009691 26.3970474
0.164627837 26.4093672
0.0421958228 26.4979207
0.164913758 26.5105161
0.0422916208 26.5989799
0.165200945 26.611852
0.0423883686 26.7002261
0.165489404 26.7133758
0.0424860717 26.8016604
0.165779144 26.8150887
0.0425847358 26.9032839
0.166070171 26.9169918
0.0426843664 27.0050978
0.166362493 27.0190861
0.0427849692 27.107103
0.166656119 27.1213729
0.04288655 27.2093007
0.166951055 27.2238531
0.0429891146 27.3116921
0.16724731 27.326528
0.0430926689 27.4142782
0.167544892 27.4293987
0.0431972186 27.5170602
0.167843807 27.5324662
0.0433027699 27.6200393
0.168144065 27.6357318
0.0434093286 27.7232165
0.168445673 27.7391966
0.043516901 27.826593
0.16874864 27.8428617
0.043625493 27.93017
0.169052973 27.9467284
0.0437351109 28.0339487
0.169358681 28.0507977
0.0438457608 28.1379302
0.169665772 28.1550709
0.0439574492 28.2421156
0.169974255 28.2595491
0.0440701823 28.3465063
0.170284138 28.3642336
0.0441839666 28.4511033
0.17059543 28.4691255
0.0442988085 28.5559079
0.170908138 28.5742261
0.0444147146 28.6609213
0.171222273 28.6795365
0.0445316914 28.7661447
0.171537842 28.785058
0.0446497456 28.8715794
0.171854854 28.8907919
0.0447688839 28.9772264
0.172173319 28.9967393
0.044889113 29.0830872
0.172493245 29.1029015
0.0450104399 29.189163
0.172814641 29.2092797
0.0451328714 29.2954549
0.173137517 29.3158753
0.0452564145 29.4019643
0.173461882 29.4226894
0.0453810761 29.5086924
0.173787744 29.5297234
0.0455068635 29.6156405
0.174115114 29.6369786
0.0456337838 29.7228099
0.174444 29.7444562
0.0457618441 29.8302019
0.174774413 29.8521575
0.0458910518 29.9378178
0.175106361 29.9600839
0.0460214143 30.0456589
0.175439856 30.0682366
0.046152939 30.1537265
0.175774905 30.176617
0.0462856333 30.262022
0.17611152 30.2852265
0.0464195049 30.3705466
0.176449709 30.3940663
0.0465545614 30.4793018
0.176789484 30.5031379
0.0466908106 30.5882888
0.177130854 30.6124425
0.0468282602 30.6975091
0.17747383 30.7219816
0.046966918 30.806964
0.177818421 30.8317565
0.0471067921 30.9166549
0.178164638 30.9417686
0.0472478904 31.0265832
0.178512492 31.0520193
0.047390221 31.1367502
0.178861993 31.16251
0.0475337922 31.2471575
0.179213152 31.2732422
0.047678612 31.3578063
0.179565979 31.3842172
0.0478246889 31.4686981
0.179920486 31.4954365
0.0479720313 31.5798345
0.180276683 31.6069016
0.0481206476 31.6912167
0.180634582 31.7186138
0.0482705465 31.8028462
0.180994192 31.8305746
0.0484217364 31.9147246
0.181355527 31.9427856
0.0485742263 32.0268533
0.181718597 32.0552481
0.0487280248 32.1392337
0.182083413 32.1679638
0.048883141 32.2518674
0.182449987 32.280934
0.0490395837 32.3647559
0.182818331 32.3941603
0.0491973621 32.4779007
0.183188456 32.5076442
0.0493564852 32.5913032
0.183560374 32.6213873
0.0495169624 32.7049651
0.183934098 32.7353911
0.049678803 32.8188879
0.184309639 32.8496571
0.0498420163 32.9330731
0.184687009 32.9641869
0.050006612 33.0475223
0.185066221 33.0789821
0.0501725997 33.162237
0.185447287 33.1940442
0.0503399889 33.2772189
0.185830219 33.3093749
0.0505087896 33.3924696
0.186215031 33.4249757
0.0506790116 33.5079906
0.186601734 33.5408483
0.0508506649 33.6237836
0.186990343 33.6569943
0.0510237596 33.7398502
0.187380869 33.7734154
0.0511983059 33.8561921
0.187773325 33.8901131
0.0513743141 33.9728109
0.188167726 34.0070892
0.0515517945 34.0897082
0.188564084 34.1243453
0.0517307577 34.2068857
0.188962413 34.2418832
0.0519112142 34.3243452
0.189362726 34.3597044
0.0520931747 34.4420883
0.189765037 34.4778108
0.0522766501 34.5601168
0.19016936 34.5962039
0.0524616512 34.6784323
0.190575708 34.7148857
0.0526481892 34.7970366
0.190984097 34.8338578
0.052836275 34.9159314
0.191394539 34.9531219
0.0530259199 35.0351186
0.19180705 35.0726799
0.0532171354 35.1545998
0.192221643 35.1925335
0.0534099328 35.2743768
0.192638334 35.3126845
0.0536043238 35.3944515
0.193057137 35.4331347
0.0538003199 35.5148257
0.193478068 35.553886
0.0539979332 35.6355012
0.19390114 35.6749402
0.0541971754 35.7564798
0.19432637 35.7962991
0.0543980586 35.8777633
0.194753772 35.9179646
0.0546005951 35.9993537
0.195183362 36.0399385
0.054804797 36.1212528
0.195615155 36.1622228
0.0550106769 36.2434625
0.196049168 36.2848193
0.0552182472 36.3659848
0.196485417 36.40773
0.0554275207 36.4888214
0.196923916 36.5309568
0.0556385101 36.6119744
0.197364683 36.6545017
0.0558512285 36.7354457
0.197807734 36.7783665
0.0560656887 36.8592372
0.198253085 36.9025533
0.0562819041 36.983351
0.198700753 37.027064
0.056499888 37.107789
0.199150755 37.1519007
0.0567196539 37.2325533
0.199603108 37.2770654
0.0569412153 37.3576458
0.200057829 37.4025601
0.057164586 37.4830685
0.200514935 37.5283868
0.05738978 37.6088237
0.200974443 37.6545476
0.0576168112 37.7349132
0.201436373 37.7810446
0.0578456938 37.8613391
0.20190074 37.9078799
0.0580764421 37.9881037
0.202367564 38.0350556
0.0583090707 38.1152089
0.202836862 38.1625738
0.0585435941 38.2426569
0.203308653 38.2904366
0.0587800272 38.3704499
0.203782956 38.4186463
0.0590183849 38.4985901
0.204259789 38.5472049
0.0592586822 38.6270795
0.20473917 38.6761147
0.0595009344 38.7559203
0.20522112 38.8053779
0.059745157 38.8851149
0.205705657 38.9349966
0.0599913654 39.0146654
0.206192801 39.0649732
0.0602395755 39.1445741
0.206682571 39.19531
0.0604898031 39.2748431
0.207174988 39.326009
0.0607420643 39.4054749
0.207670072 39.4570728
0.0609963753 39.5364717
0.208167842 39.5885035
0.0612527526 39.6678358
0.208668319 39.7203035
0.0615112128 39.7995695
0.209171524 39.8524752
0.0617717725 39.9316753
0.209677478 39.9850209
0.0620344488 40.0641554
0.210186202 40.117943
0.0622992587 40.1970122
0.210697717 40.2512439
0.0625662197 40.3302482
0.211212045 40.384926
0.0628353491 40.4638658
0.211729207 40.5189917
0.0631066647 40.5978674
0.212249225 40.6534436
0.0633801843 40.7322555
0.212772122 40.7882841
0.063655926 40.8670326
0.21329792 40.9235157
0.0639339081 41.0022012
0.213826642 41.0591409
0.064214149 41.1377637
0.21435831 41.1951623
0.0644966674 41.2737228
0.214892948 41.3315824
0.0647814822 41.4100811
0.215430579 41.4684038
0.0650686124 41.5468409
0.215971227 41.605629
0.0653580772 41.6840051
0.216514915 41.7432608
0.0656498963 41.8215763
0.217061667 41.8813018
0.0659440893 41.959557
0.217611508 42.0197546
0.0662406761 42.0979499
0.218164463 42.1586219
0.0665396768 42.2367577
0.218720556 42.2979064
0.0668411119 42.3759832
0.219279813 42.4376109
0.0671450019 42.5156291
0.219842258 42.577738
0.0674513677 42.6556981
0.220407918 42.7182907
0.0677602302 42.7961931
0.220976818 42.8592716
0.0680716108 42.9371167
0.221548985 43.0006836
0.068385531 43.0784719
0.222124445 43.1425296
0.0687020125 43.2202615
0.222703225 43.2848123
0.0690210775 43.3624883
0.223285351 43.4275348
0.069342748 43.5051554
0.223870852 43.5706999
0.0696670466 43.6482655
0.224459754 43.7143106
0.0699939962 43.7918216
0.225052086 43.8583698
0.0703236196 43.9358268
0.225647876 44.0028804
0.0706559402 44.0802839
0.226247152 44.1478457
0.0709909816 44.2251961
0.226849943 44.2932685
0.0713287675 44.3705663
0.227456279 44.4391519
0.0716693219 44.5163977
0.228066189 44.5854991
0.0720126694 44.6626934
0.228679702 44.7323131
0.0723588345 44.8094564
0.229296849 44.8795971
0.072707842 44.9566899
0.22991766 45.0273543
0.0730597174 45.1043971
0.230542166 45.1755879
0.0734144859 45.2525812
0.231170398 45.3243011
0.0737721735 45.4012455
0.231802388 45.4734971
0.0741328061 45.5503932
0.232438166 45.6231793
0.0744964103 45.7000275
0.233077766 45.7733509
0.0748630127 45.8501519
0.23372122 45.9240153
0.0752326403 46.0007697
0.234368561 46.0751759
0.0756053205 46.1518841
0.235019822 46.2268361
0.0759810808 46.3034988
0.235675036 46.3789992
0.0763599493 46.455617
0.236334238 46.5316688
0.0767419543 46.6082422
0.236997462 46.6848484
0.0771271244 46.7613781
0.237664742 46.8385414
0.0775154886 46.9150279
0.238336114 46.9927514
0.0779070762 47.0691955
0.239011614 47.1474821
0.0783019168 47.2238842
0.239691277 47.3027369
0.0787000406 47.3790979
0.24037514 47.4585197
0.0791014778 47.53484
0.241063239 47.614834
0.0795062592 47.6911143
0.241755611 47.7716835
0.079914416 47.8479246
0.242452295 47.9290721
0.0803259795 48.0052745
0.243153329 48.0870035
0.0807409817 48.1631679
0.24385875 48.2454815
0.0811594549 48.3216086
0.244568597 48.40451
0.0815814316 48.4806005
0.245282911 48.5640928
0.0820069449 48.6401474
0.246001731 48.7242339
0.0824360283 48.8002533
0.246725097 48.8849372
0.0828687155 48.9609221
0.24745305 49.0462067
0.0833050409 49.1221579
0.248185631 49.2080466
0.0837450391 49.2839647
0.248922882 49.3704607
0.0841887452 49.4463466
0.249664846 49.5334533
0.0846361948 49.6093076
0.250411564 49.6970284
0.0850874238 49.7728519
0.251163081 49.8611903
0.0855424687 49.9369838
0.25191944 50.0259432
0.0860013663 50.1017075
0.252680684 50.1912913
0.086464154 50.2670272
0.25344686 50.3572389
0.0869308696 50.4329472
0.254218012 50.5237905
0.0874015514 50.5994719
0.254994186 50.6909503
0.087876238 50.7666057
0.255775429 50.8587227
0.0883549687 50.934353
0.256561788 51.0271124
0.0888377833 51.1027184
0.25735331 51.1961237
0.089324722 51.2717062
0.258150043 51.3657612
0.0898158256 51.4413211
0.258952035 51.5360296
0.0903111352 51.6115677
0.259759338 51.7069333
0.0908106927 51.7824507
0.260571999 51.8784773
0.0913145404 51.9539747
0.26139007 52.050666
0.0918227212 52.1261444
0.262213602 52.2235045
0.0923352784 52.2989647
0.263042647 52.3969973
0.0928522561 52.4724404
0.263877257 52.5711495
0.0933736987 52.6465764
0.264717485 52.745966
0.0938996514 52.8213776
0.265563384 52.9214517
0.0944301598 52.9968489
0.26641501 53.0976115
0.0949652703 53.1729955
0.267272417 53.2744507
0.0955050298 53.3498223
0.268135661 53.4519743
0.0960494857 53.5273346
0.269004799 53.6301874
0.0965986861 53.7055374
0.269879887 53.8090953
0.0971526799 53.884436
0.270760984 53.9887032
0.0977115164 54.0640358
0.271648148 54.1690165
0.0982752457 54.2443419
0.272541439 54.3500406
0.0988439184 54.4253599
0.273440916 54.5317807
0.099417586 54.6070951
0.274346641 54.7142425
0.0999963006 54.789553
0.275258675 54.8974315
0.100580115 54.9727393
0.27617708 55.0813533
0.101169082 55.1566594
0.277101921 55.2660135
0.101763257 55.3413192
0.278033261 55.4514178
0.102362694 55.5267242
0.278971164 55.6375719
0.102967449 55.7128802
0.279915697 55.8244818
0.103577578 55.8997932
0.280866927 56.0121533
0.104193139 56.087469
0.28182492 56.2005924
0.104814189 56.2759136
0.282789746 56.3898049
0.105440788 56.465133
0.283761473 56.5797971
0.106072994 56.6551332
0.284740172 56.7705751
0.106710868 56.8459205
0.285725913 56.962145
0.107354472 57.037501
0.286718769 57.1545131
0.108003867 57.2298811
0.287718814 57.3476857
0.108659116 57.423067
0.288726119 57.5416692
0.109320283 57.6170652
0.289740762 57.7364702
0.109987433 57.8118822
0.290762818 57.932095
0.110660631 58.0075244
0.291792363 58.1285504
0.111339944 58.2039986
0.292829476 58.325843
0.112025439 58.4013114
0.293874236 58.5239794
0.112717185 58.5994696
0.294926723 58.7229667
0.11341525 58.79848
0.295987019 58.9228115
0.114119705 58.9983495
0.297055205 59.123521
0.114830622 59.1990852
0.298131366 59.325102
0.115548072 59.4006939
0.299215586 59.5275618
0.11627213 59.603183
0.30030795 59.7309075
0.117002869 59.8065596
0.301408546 59.9351465
0.117740365 60.0108309
0.302517463 60.1402859
0.118484694 60.2160045
0.303634789 60.3463334
0.119235935 60.4220876
0.304760615 60.5532963
0.119994166 60.6290879
0.305895034 60.7611823
0.120759466 60.837013
0.307038138 60.969999
0.121531918 61.0458705
0.308190022 61.1797543
0.122311603 61.2556683
0.309350782 61.390456
0.123098605 61.4664143
0.310520515 61.6021119
0.123893008 61.6781163
0.311699321 61.8147303
0.124694899 61.8907826
0.312887298 62.028319
0.125504365 62.1044211
0.314084549 62.2428865
0.126321494 62.3190401
0.315291177 62.4584409
0.127146376 62.5346481
0.316507286 62.6749907
0.127979103 62.7512533
0.317732982 62.8925444
0.128819766 62.9688644
0.318968372 63.1111106
0.129668461 63.1874899
0.320213567 63.3306979
0.130525282 63.4071386
0.321468675 63.5513151
0.131390326 63.6278192
0.32273381 63.7729712
0.132263692 63.8495408
0.324009086 63.9956751
0.133145479 64.0723123
0.325294618 64.219436
0.134035789 64.2961429
0.326590524 64.4442631
0.134934725 64.5210418
0.327896922 64.6701656
0.13584239 64.7470184
0.329213934 64.8971529
0.136758892 64.9740821
0.330541682 65.1252348
0.137684338 65.2022424
0.331880291 65.3544207
0.138618837 65.4315092
0.333229887 65.5847204
0.1395625 65.6618921
0.334590599 65.8161439
0.14051544 65.8934011
0.335962556 66.0487011
0.141477773 66.1260463
0.337345892 66.2824022
0.142449614 66.3598377
0.338740739 66.5172574
0.143431081 66.5947857
0.340147236 66.753277
0.144422295 66.8309007
0.341565519 66.9904716
0.145423377 67.0681931
0.34299573 67.2288517
0.146434453 67.3066738
0.344438011 67.4684282
0.147455647 67.5463533
0.345892507 67.7092119
0.148487088 67.7872428
0.347359366 67.9512138
0.149528905 68.0293532
0.348838736 68.1944451
0.150581232 68.2726957
0.350330771 68.4389171
0.151644202 68.5172816
0.351835623 68.6846411
0.152717952 68.7631225
0.35335345 68.9316289
0.15380262 69.0102299
0.354884412 69.179892
0.154898348 69.2586157
0.356428668 69.4294424
0.156005279 69.5082916
0.357986385 69.680292
0.157123558 69.7592699
0.359557729 69.9324531
0.158253334 70.0115627
0.361142869 70.185938
0.159394757 70.2651823
0.362741978 70.4407591
0.160547981 70.5201413
0.364355231 70.696929
0.161713161 70.7764524
0.365982806 70.9544607
0.162890455 71.0341285
0.367624884 71.213367
0.164080024 71.2931825
0.369281649 71.4736612
0.165282033 71.5536277
0.370953288 71.7353564
0.166496647 71.8154774
0.372639991 71.9984662
0.167724035 72.0787451
0.374341951 72.2630042
0.168964371 72.3434446
0.376059364 72.5289843
0.170217828 72.6095897
0.377792431 72.7964204
0.171484586 72.8771946
0.379541353 73.0653269
0.172764825 73.1462734
0.381306338 73.335718
0.17405873 73.4168407
0.383087596 73.6076084
0.175366489 73.688911
0.38488534 73.8810128
0.176688292 73.9624993
0.386699787 74.1559463
0.178024334 74.2376206
0.388531158 74.4324239
0.179374813 74.51429
0.390379677 74.7104611
0.180739929 74.7925231
0.392245574 74.9900736
0.182119887 75.0723356
0.39412908 75.2712769
0.183514896 75.3537432
0.396030433 75.5540874
0.184925168 75.6367621
0.397949872 75.838521
0.186350919 75.9214087
0.399887644 76.1245944
0.187792369 76.2076994
0.401843996 76.4123242
0.189249741 76.495651
0.403819182 76.7017273
0.190723264 76.7852805
0.405813462 76.992821
0.19221317 77.0766052
0.407827096 77.2856225
0.193719694 77.3696425
0.409860353 77.5801496
0.195243078 77.6644102
0.411913504 77.8764202
0.196783567 77.9609263
0.413986828 78.1744525
0.198341411 78.2592089
0.416080605 78.4742647
0.199916863 78.5592767
0.418195123 78.7758757
0.201510184 78.8611484
0.420330675 79.0793043
0.203121636 79.1648429
0.422487559 79.3845698
0.204751489 79.4703796
0.424666076 79.6916917
0.206400017 79.7777782
0.426866538 80.0006897
0.208067499 80.0870584
0.429089257 80.3115839
0.20975422 80.3982404
0.431334555 80.6243947
0.211460469 80.7113447
0.433602758 80.9391428
0.213186543 81.0263921
0.435894199 81.2558491
0.214932742 81.3434036
0.438209216 81.5745349
0.216699375 81.6624007
0.440548155 81.8952218
0.218486753 81.983405
0.442911369 82.2179317
0.220295197 82.3064385
0.445299214 82.5426869
0.222125031 82.6315236
0.447712058 82.8695099
0.223976589 82.9586831
0.450150272 83.1984237
0.225850207 83.2879399
0.452614236 83.5294516
0.227746233 83.6193175
0.455104338 83.8626171
0.229665018 83.9528396
0.457620973 84.1979444
0.231606921 84.2885303
0.460164542 84.5354578
0.233572309 84.6264142
0.462735456 84.8751819
0.235561556 84.966516
0.465334135 85.217142
0.237575044 85.3088612
0.467961004 85.5613636
0.239613162 85.6534753
0.470616499 85.9078726
0.241676307 86.0003844
0.473301065 86.2566953
0.243764885 86.349615
0.476015155 86.6078585
0.24587931 86.701194
0.47875923 86.9613894
0.248020005 87.0551487
0.481533764 87.3173156
0.250187401 87.4115069
0.484339236 87.6756651
0.252381939 87.7702967
0.48717614 88.0364664
0.254604069 88.1315469
0.490044975 88.3997486
0.25685425 88.4952866
0.492946255 88.7655411
0.259132951 88.8615455
0.495880502 89.1338738
0.261440652 89.2303535
0.498848249 89.5047771
0.263777842 89.6017413
0.501850041 89.878282
0.266145021 89.97574
0.504886434 90.2544199
0.2685427 90.3523813
0.507957997 90.6332227
0.270971402 90.7316972
0.511065311 91.014723
0.27343166 91.1137205
0.514208967 91.3989538
0.27592402 91.4984844
0.517389571 91.7859486
0.278449038 91.8860227
0.520607743 92.1757418
0.281007285 92.2763698
0.523864114 92.568368
0.283599343 92.6695606
0.527159331 92.9638626
0.286225808 93.0656307
0.530494054 93.3622616
0.28888729 93.4646164
0.533868958 93.7636016
0.291584411 93.8665544
0.537284732 94.1679197
0.294317807 94.2714822
0.540742083 94.5752539
0.297088132 94.6794379
0.544241732 94.9856428
0.299896052 95.0904604
0.547784416 95.3991255
0.302742249 95.504589
0.551370889 95.8157421
0.305627422 95.921864
0.555001923 96.235533
0.308552284 96.3423262
0.558678308 96.6585398
0.311517567 96.7660174
0.562400852 97.0848046
0.31452402 97.1929799
0.566170379 97.5143702
0.317572409 97.6232569
0.569987737 97.9472803
0.320663519 98.0568924
0.57385379 98.3835793
0.323798153 98.493931
0.577769424 98.8233127
0.326977134 98.9344185
0.581735546 99.2665265
0.330201306 99.3784012
0.585753085 99.7132677
0.333471531 99.8259265
0.589822992 100.163584
0.336788695 100.277043
0.59394624 100.617525
0.340153704 100.731799
0.598123826 101.075139
0.343567488 101.190245
0.602356772 101.536478
0.347030998 101.652431
0.606646126 102.001593
0.350545211 102.118411
0.610992959 102.470536
0.354111128 102.588237
0.615398371 102.943362
0.357729775 103.061963
0.619863489 103.420125
0.361402204 103.539643
0.624389466 103.90088
0.365129495 104.021335
0.628977489 104.385685
0.368912756 104.507095
0.63362877 104.874598
0.372753123 104.996983
0.638344555 105.367678
0.376651761 105.491056
0.643126122 105.864984
0.380609867 105.989377
0.64797478 106.366579
0.384628669 106.492007
0.652891874 106.872526
0.388709429 106.99901
0.657878784 107.382888
0.39285344 107.510449
0.662936926 107.897731
0.397062032 108.026392
0.668067752 108.417122
0.401336571 108.546905
0.673272756 108.941128
0.40567846 109.072056
0.678553469 109.469819
0.410089138 109.601917
0.683911466 110.003267
0.414570089 110.136558
0.689348363 110.541544
0.419122833 110.676052
0.694865821 111.084724
0.423748935 111.220475
0.700465545 111.632882
0.428450004 111.769903
0.70614929 112.186096
0.433227694 112.324413
0.711918859 112.744444
0.438083705 112.884085
0.717776104 113.308009
0.443019789 113.449001
0.723722932 113.876871
0.448037746 114.019243
0.729761301 114.451115
0.453139428 114.594897
0.735893229 115.030828
0.458326743 115.176049
0.742120788 115.616098
0.463601653 115.762788
0.748446114 116.207013
0.46896618 116.355206
0.754871403 116.803668
0.474422405 116.953395
0.761398916 117.406156
0.479972473 117.55745
0.768030982 118.014572
0.485618593 118.167469
0.774769998 118.629017
0.49136304 118.783551
0.781618435 119.249591
0.497208161 119.405797
0.788578837 119.876397
0.503156374 120.034313
0.795653826 120.509541
0.509210172 120.669204
0.802846106 121.149131
0.515372129 121.310581
0.810158461 121.795279
0.521644895 121.958554
0.817593766 122.448097
0.52803121 122.61324
0.825154983 123.107702
0.534533896 123.274754
0.83284517 123.774213
0.541155871 123.943217
0.840667481 124.447753
0.547900145 124.618754
0.848625172 125.128446
0.554769826 125.301489
0.856721603 125.816421
0.561768126 125.991553
0.864960245 126.511809
0.568898364 126.689079
0.873344683 127.214745
0.576163969 127.394202
0.881878618 127.925368
0.583568485 128.107063
0.890565878 128.643819
0.591115579 128.827804
0.899410418 129.370244
0.59880904 129.556573
0.908416327 130.104793
0.606652792 130.293522
0.917587834 130.847618
0.614650892 131.038803
0.926929314 131.598878
0.622807542 131.792578
0.936445292 132.358733
0.63112709 132.55501
0.946140454 133.12735
0.639614041 133.326265
0.956019649 133.9049
0.648273062 134.106517
0.966087902 134.691557
0.657108987 134.895943
0.976350414 135.487502
0.666126831 135.694725
0.986812578 136.292921
0.675331789 136.503051
0.997479982 137.108003
0.684729251 137.321112
1.00835842 137.932944
0.694324811 138.149107
1.0194539 138.767946
0.704124273 138.98724
1.03077266 139.613215
0.714133661 139.83572
1.04232117 140.468967
0.724359233 140.694763
1.05410615 141.335418
0.734807491 141.564592
1.06613457 142.212797
0.745485187 142.445435
1.07841368 143.101336
0.756399346 143.337528
1.09095101 144.001274
0.76755727 144.241115
1.10375439 144.91286
0.778966555 145.156444
1.11683196 145.836347
0.790635106 146.083775
1.1301922 146.771999
0.802571154 147.023373
1.14384392 147.720086
0.81478327 147.975513
1.1577963 148.680889
0.827280382 148.940479
1.1720589 149.654696
0.840071798 149.918562
1.18664168 150.641804
0.853167219 150.910065
1.20155502 151.642521
0.866576769 151.915299
1.21680975 152.657166
0.880311007 152.934587
1.23241716 153.686065
0.89438096 153.968261
1.24838904 154.729559
0.908798143 155.016664
1.2647377 155.787998
0.923574587 156.080154
1.28147599 156.861746
0.938722869 157.159098
1.29861735 157.951176
0.954256141 158.253877
1.31617582 159.056679
0.970188164 159.364885
1.33416611 160.178656
0.986533343 160.49253
1.35260358 161.317524
1.00330676 161.637236
1.37150433 162.473714
1.02052423 162.799441
1.39088524 163.647675
1.03820232 163.979598
1.41076398 164.839869
1.05635842 165.17818
1.43115909 166.050779
1.07501075 166.395675
1.45209001 167.280904
1.09417847 167.632591
1.47357717 168.530763
1.11388171 168.889455
1.49564201 169.800893
1.13414162 170.166815
1.51830707 171.091856
1.15498043 171.46524
1.54159605 172.404232
1.17642157 172.785321
1.5655339 173.738628
1.19848967 174.127674
1.59014687 175.095672
1.22121073 175.49294
1.61546263 176.476021
1.24461212 176.881787
1.64151033 177.880357
1.26872274 178.294908
1.66832075 179.309392
1.2935731 179.73303
1.69592635 180.763867
1.31919541 181.196907
1.72436145 182.244557
1.34562376 182.687328
1.75366228 183.75227
1.37289419 184.205116
1.78386723 185.287849
1.40104485 185.751132
1.81501688 186.852176
1.43011618 187.326273
1.84715426 188.446172
1.46015104 188.931481
1.88032498 190.070802
1.49119492 190.567738
1.91457743 191.727075
1.52329614 192.236076
1.949963 193.416049
1.55650604 193.937573
1.98653633 195.138831
1.59087925 195.673362
2.02435552 196.896584
1.62647394 197.44463
2.06348243 198.690529
1.66335208 199.252623
2.10398301 200.521947
1.70157978 201.098653
2.14592758 202.392184
1.74122764 202.984096
2.18939125 204.302659
1.7823711 204.910403
2.23445426 206.254862
1.82509086 206.8791
2.28120249 208.250366
1.86947335 208.891797
2.3297279 210.290828
1.91561124 210.950191
2.38012909 212.377996
1.96360395 213.056074
2.4325119 214.513718
2.01355834 215.21134
2.48699006 216.699946
2.06558933 217.417993
2.54368592 218.938748
2.1198207 219.678153
2.60273128 221.232312
2.17638593 221.994067
2.66426829 223.58296
2.23542913 224.36812
2.72845047 225.993153
2.29710609 226.802842
2.79544382 228.46551
2.36158548 229.300926
2.86542811 231.002814
2.42905015 231.865235
2.9385983 233.608029
2.49969864 234.498821
3.0151661 236.284315
2.5737468 237.204938
3.09536182 239.035045
2.65142973 239.987064
3.17943636 241.863823
2.73300384 242.848916
3.2676635 244.774508
2.81874931 245.794476
3.36034255 247.771232
2.90897281 248.828012
3.45780123 250.858432
3.00401057 251.95411
3.56039908 254.040874
3.10423198 255.1777
3.66853131 257.323688
3.2100436 258.504093
3.78263314 260.712407
3.32189383 261.939018
3.90318492 264.213
3.44027825 265.488669
4.03071788 267.831928
3.56574577 269.159746
4.16582089 271.576189
3.69890579 272.959522
4.30914816 275.453381
3.84043642 276.895895
4.46142836 279.471768
3.99109416 280.977466
4.62347508 283.640357
4.15172511 285.213619
4.79619915 287.968984
4.32327818 289.614615
4.98062313 292.468418
4.50682058 294.191698
5.17789833 297.150474
4.70355616 298.95722
5.38932499 302.028146
4.91484713 303.924784
5.61637626 307.115765
5.14224 309.109411
5.86072678 312.429174
5.38749651 314.527732
6.12428705 317.985942
5.65263094 320.198215
6.40924475 323.805607
5.93995512 326.141433
6.71811487 329.909968
6.25213315 332.380374
7.0538007 336.323427
6.59224821 338.940818
7.41966863 343.073397
6.96388479 345.851779
7.8196403 350.190787
7.37123019 353.146034
8.25830688 357.710589
7.8192011 360.860771
8.74107193 365.672585
8.31360221 369.038359
9.27433108 374.122207
8.86132662 377.727301
9.86569998 383.111589
9.47061118 386.983396
10.5243058 392.700866
10.1513645 396.871183
11.2611635 402.959787
10.9155927 407.465738
12.0896662 413.969736
11.7779563 418.854937
13.0262305 425.826284
12.756509 431.142326
14.0911566 438.642441
13.8736872 444.450806
15.3097877 452.55286
15.1576521 458.927398
16.7140936 467.719298
16.6441391 474.749502
18.3448671 484.337829
18.3790408 492.133192
20.2548182 502.648483
20.4220793 511.344396
22.5130115 522.948319
22.8521242 532.714164
25.2113553 545.609435
25.7750545 556.659904
28.4743024 571.104239
29.3356543 583.715452
32.4737109 600.041606
33.7360865 614.574566
37.452251 633.219762
39.2654446 650.155326
43.7614553 671.705609
46.3486505 691.698045
51.9258612 716.957062
55.6305883 740.91865
62.7557933 771.017895
68.1276242 800.257307
77.5557401 836.839502
85.5156144 873.297334
98.5327507 918.834672
110.713983 965.502678
129.656083 1023.87564
149.167674 1085.58016
178.633032 1163.18308
211.951472 1248.11894
261.980158 1356.05458
324.283504 1478.84464
420.002709 1637.1484
552.874177 1824.03814
769.505654 2065.8448
1111.50107 2347.78393
1720.87525 2657.63854
2765.946 2784.94549
4315.61501 2095.1358
5070.6463 -48.046746
3923.81464 -1896.86919
2456.07054 -2282.03729
1536.46302 -2080.00652
1011.2327 -1764.1123
706.031752 -1494.72843
516.376792 -1264.17051
393.093872 -1087.01357
308.595604 -935.957401
248.672029 -818.331108
204.638872 -714.675853
171.483323 -632.251189
145.848486 -557.234615
125.759941 -496.514359
109.574799 -439.724399
96.583171 -393.097518
85.7107962 -348.501008
76.8988602 -311.452408
69.2266341 -275.36446
63.0376281 -245.076146
57.3999596 -215.13497
52.9434617 -189.767369
48.6564709 -164.394633
45.3939725 -142.699481
42.035873 -120.801903
39.6264867 -101.903415
36.9261945 -82.6998681
35.1458114 -65.9654502
32.9229865 -48.8825093
31.6195386 -33.8433139
29.7506609 -18.4497765
28.8181958 -4.75015775
27.2165419 9.28536812
26.5795957 21.9210152
25.1829826 34.8583916
24.7868357 46.6479964
23.5498809 58.6949135
23.3543022 69.8141974
22.243401 81.1397448
22.2185303 91.7331709
21.2085199 102.477568
21.3320995 112.666268
20.4039992 122.947995
20.659481 132.835638
19.798938 142.756776
20.1741739 152.434013
19.3703823 162.08434
19.8567138 171.632261
19.1016599 181.092474
19.6932889 190.585372
18.9812288 199.929701
19.6747928 209.437368
19.0019004 218.735767
19.7962046 228.32547
19.1603514 237.645547
20.0562271 247.383818
19.4568707 256.792599
20.4571441 266.746943
19.895313 276.312592
21.0048786 286.553207
20.483253 296.346777
21.7092575 306.948384
21.2323528 317.04572
22.5845047 328.089598
22.1589775 338.573483
23.6500107 350.149849
23.285119 361.11254
24.9314576 373.323414
24.6397282 384.869737
26.4624234 397.832511
26.2606066 410.083761
28.2866542 423.935752
28.1970906 437.034724
30.4612987 451.939121
30.5138925 466.056745
33.061562 482.210542
33.2966713 497.554846
36.1875096 515.199641
36.6602569 532.028082
39.9742142 551.465101
40.7610597 570.101943
44.6072484 591.713397
45.8162754 612.574749
50.3469951 636.854945
52.1344941 660.485784
57.5680219 688.087678
60.166173 715.218147
66.8252286 747.025074
70.5902133 778.658856
78.9698176 815.898873
84.4694866 853.456981
95.3630676 897.892182
103.545915 943.456587
118.294659 997.710365
130.838263 1054.45609
151.862603 1122.60653
171.954017 1195.60689
203.996218 1284.31741
238.269014 1382.11726
291.655511 1502.876
355.665638 1640.62225
456.229116 1814.03045
592.696995 2018.73286
817.9157 2278.49225
1169.69915 2581.10882
1799.86848 2907.38719
2872.49912 3038.76762
4434.52178 2307.99059
5109.85452 148.804433
3911.08869 -1607.9004
2470.364 -1914.01061
1581.96845 -1667.02362
1079.42716 -1312.93877
793.827278 -1002.52922
621.577196 -725.110765
519.904513 -493.222496
457.937606 -278.400161
430.012585 -85.374991
422.59687 107.647686
443.943974 297.662696
486.721292 503.460704
572.69976 725.172059
705.241673 982.56655
938.459453 1277.05598
1322.28879 1618.67454
2023.30234 1939.76922
3214.59076 1980.22759
4747.2499 914.424609
4967.66818 -1371.6678
3532.06092 -2788.11706
2203.8846 -2899.67613
1401.14057 -2624.20033
952.819632 -2294.16072
677.509171 -2020.51125
511.797109 -1787.65282
394.397553 -1605.4232
319.482722 -1449.04782
259.203078 -1324.32033
220.085075 -1213.69979
184.788301 -1123.55062
162.239903 -1041.08756
139.530189 -972.745941
125.605293 -908.580446
109.940315 -854.732055
100.912227 -803.065501
89.5199994 -759.293013
83.4642433 -716.526222
74.8328003 -680.021247
70.6782705 -643.808836
63.9243839 -612.703336
61.0384125 -581.451231
55.6168218 -554.453124
53.6073648 -527.037809
49.1659087 -503.222471
47.7803761 -478.826572
44.0830066 -457.5121
43.1534283 -435.523938
40.0370387 -416.193507
39.4488675 -396.14337
36.7979656 -378.395121
36.4715928 -359.913436
34.2028684 -343.427063
34.082296 -326.216047
32.134921 -310.72981
32.1806298 -294.543672
30.5100131 -279.838072
30.6943887 -264.468735
29.2680947 -250.354533
29.572472 -235.620979
28.3675501 -221.930045
28.7803288 -207.670032
27.7816108 -194.248029
28.2971218 -180.311322
27.4962258 -167.011496
28.1141667 -153.253974
27.5090684 -139.93151
28.2344231 -126.209655
27.8295414 -112.716125
28.6729716 -98.8814278
28.4797896 -85.0588587
29.4585606 -70.9516697
29.4968856 -56.6257316
30.6364718 -42.0679886
30.936543 -27.0396271
32.2731848 -11.8257197
32.8789971 4.13966429
34.4636752 20.2549618
35.4381494 37.4421237
37.3427717 54.7602519
38.7758526 73.524561
41.1030393 92.4268254
43.1246244 113.223857
46.0235675 134.206234
48.8247227 157.635943
52.5177162 181.361971
56.3867182 208.236795
61.2152844 235.620703
66.6014716 267.07427
73.1103235 299.416464
80.7430314 337.083892
89.8415443 376.300935
100.965414 422.630923
114.259435 471.663872
131.135345 530.485044
151.666651 594.060764
178.739033 671.661282
212.808398 757.780118
259.752545 865.049176
322.027133 987.952827
412.939045 1144.52631
543.272873 1329.81485
749.788815 1568.56591
1079.79593 1847.92338
1659.67748 2161.32583
2663.20427 2317.71946
4192.68684 1734.64306
5088.04524 -323.455718
4054.76447 -2279.45437
2554.21904 -2754.27598
1594.40433 -2573.75783
1043.75282 -2257.07998
726.375102 -1984.26004
529.041144 -1748.4935
401.846477 -1568.97862
314.572262 -1414.22604
252.935477 -1295.73822
207.770793 -1189.49232
173.580654 -1107.11027
147.500667 -1030.18518
126.604378 -970.069245
110.315094 -911.823463
96.5871203 -866.186799
85.8043175 -820.466073
76.2682302 -784.701363
68.8074862 -747.754656
61.8825304 -718.993916
56.5392954 -688.422045
51.3250533 -664.79819
47.3923899 -639.001362
43.3462055 -619.251334
40.3876678 -597.124209
37.1669764 -580.365111
34.9015843 -561.120437
32.2815852 -546.717534
30.5219649 -529.77978
28.3502046 -517.265556
26.9676031 -502.204346
25.1377272 -491.227114
24.0413604 -477.714197
22.4773294 -468.004467
21.6017324 -455.785101
20.2479967 -447.13297
19.545025 -436.006388
18.3602219 -428.245981
17.7938478 -418.05177
16.7466503 -411.050291
16.2894939 -401.658693
15.3558102 -395.30858
14.9867737 -386.613462
14.1478193 -380.82667
13.8504427 -372.740344
13.0913858 -367.444109
12.8526823 -359.89346
12.1616778 -355.027118
11.971296 -347.950668
11.338784 -343.463238
11.1883968 -336.808899
10.6065864 -332.657219
10.4894379 -326.38054
9.95192334 -322.527819
9.86248984 -316.590621
9.36395996 -313.005303
9.29769317 -307.374593
8.83371035 -304.029451
8.78684047 -298.676557
8.3536701 -295.547973
8.32305375 -290.447848
7.91753156 -287.51523
7.90053303 -282.645884
7.51996098 -279.891193
7.51435887 -275.233233
7.15642272 -272.640596
7.16033584 -268.176846
6.82303939 -265.732237
6.83486766 -261.447421
6.51647991 -259.1384
6.5348567 -255.018881
6.23386913 -252.834372
6.2576228 -248.867932
5.97271452 -246.798037
6.00083701 -242.973693
5.73084626 -241.009541
5.76246741 -237.317387
5.50636805 -235.451
5.54073445 -231.882076
5.29761646 -230.10626
5.33407391 -226.652436
5.10312717 -224.960682
5.14110613 -221.614564
4.92160685 -220.00097
4.96061028 -216.755811
4.75190956 -215.215012
4.79150266 -212.064644
4.59301685 -210.591749
4.63281852 -207.530519
4.444021 -206.121059
4.48369651 -203.143773
4.30411075 -201.793657
4.34336558 -198.895533
4.17255915 -197.601008
4.21113372 -194.777634
4.04871317 -193.535247
4.08637836 -190.782546
3.93198479 -189.589117
3.96853804 -186.903312
3.82184331 -185.755904
3.85710533 -183.133489
3.71780873 -182.029389
3.75162064 -179.467106
3.61944599 -178.403798
3.65166681 -175.898613
3.52636 -174.873763
3.55686451 -172.422846
3.43819123 -171.434285
3.46686814 -169.034992
3.35461199 -168.080701
3.38136223 -165.730558
3.27532301 -164.808652
3.30005838 -162.505341
3.20005058 -161.614062
3.22269245 -159.355408
3.12854392 -158.49311
3.14902216 -156.277069
3.06057295 -155.442212
3.07882496 -153.266859
2.99592622 -152.457998
3.01189607 -150.32152
2.93440919 -149.537297
2.94804689 -147.437984
2.8758426 -146.677124
2.88710341 -144.613358
2.82006107 -143.874658
2.82890492 -141.844911
2.76691185 -141.127238
2.77330282 -139.130062
2.71625368 -138.432347
2.72015954 -136.466368
2.6679558 -135.787598
2.66934757 -133.851513
2.62189703 -133.190731
2.62074864 -131.283301
2.57796497 -130.6396
2.57425291 -128.759645
2.53605527 -128.132165
2.5297583 -126.278561
2.49607097 -125.666484
2.48716985 -123.838161
2.45792191 -123.240709
2.44639915 -121.436643
2.42152419 -120.853076
2.40736387 -119.07229
2.3867997 -118.501902
2.36998722 -116.743459
2.35367563 -116.185577
2.33419761 -114.448582
2.32208416 -113.902562
2.2999282 -112.186154
2.29196202 -111.65138
2.26711661 -109.954735
2.26325018 -109.430616
2.23570457 -107.752941
2.2358936 -107.238913
2.20563764 -105.579443
2.20984087 -105.074962
2.17686496 -103.432964
2.18504405 -102.937508
2.14933898 -101.312273
2.16145837 -100.825338
2.1230153 -99.2161824
2.13904209 -98.7372847
2.09785241 -97.143547
2.11775625 -96.6722186
2.07381153 -95.0932596
2.09756455 -94.6290487
2.05085646 -93.0642493
2.07843315 -92.6067186
2.02895342 -91.0554782
2.06033055 -90.6042042
2.00807088 -89.0659401
2.04322746 -88.6205116
1.9881795 -87.0946574
2.02709668 -86.6546754
1.96925194 -85.14068
2.01191296 -84.7057559
1.95126281 -83.2030825
1.99765295 -82.7728379
1.93418854 -81.280963
1.98429507 -80.8550288
1.91800731 -79.3734412
1.97181946 -78.9514567
1.90269895 -77.4796564
1.96020786 -77.0612687
1.88824491 -75.5987665
1.9494436 -75.1836297
1.87462815 -73.7299459
1.93951149 -73.3177206
1.86183309 -71.8723847
1.93039779 -71.4627373
1.84984557 -70.0252864
1.92209014 -69.6178884
1.8386528 -68.1878675
1.91457757 -67.7823951
1.82824332 -66.3593556
1.90785039 -65.9554889
1.81860694 -64.5389882
1.9019002 -64.1364108
1.80973475 -62.7260115
1.89671986 -62.3244099
1.80161905 -60.9196793
1.89230345 -60.5187424
1.79425335 -59.1192517
1.88864629 -58.7186702
1.78763235 -57.3239939
1.88574485 -56.9234597
1.78175193 -55.5331751
1.88359682 -55.1323811
1.77660913 -53.7460674
1.88220107 -53.3447067
1.77220213 -51.9619443
1.88155763 -51.5597098
1.76853031 -50.1800803
1.88166772 -49.776664
1.76559417 -48.3997489
1.88253376 -47.9948418
1.76339538 -46.6202222
1.88415936 -46.2135133
1.76193682 -44.8407691
1.88654933 -44.4319452
1.76122253 -43.0606547
1.88970973 -42.6493997
1.76125777 -41.2791386
1.89364787 -40.8651331
1.76204904 -39.4954742
1.89837236 -39.0783947
1.76360411 -37.7089071
1.90389311 -37.2884255
1.76593205 -35.9186738
1.9102214 -35.4944572
1.76904324 -34.1240007
1.91736992 -33.6957102
1.77294949 -32.3241026
1.9253528 -31.8913928
1.77766401 -30.5181811
1.93418568 -30.0806999
1.78320151 -28.7054234
1.94388578 -28.2628108
1.78957824 -26.885001
1.95447196 -26.4368885
1.79681208 -25.0560674
1.9659648 -24.6020773
1.80492261 -23.2177572
1.97838667 -22.757502
1.81393119 -21.369184
1.99176185 -20.9022652
1.82386105 -19.5094388
2.00611662 -19.0354462
1.83473742 -17.6375877
2.02147935 -17.1560985
1.84658758 -15.7526704
2.03788067 -15.2632481
1.85944108 -13.8536974
2.05535356 -13.355891
1.87332977 -11.9396486
2.07393353 -11.4329912
1.88828804 -10.0094701
2.09365875 -9.49347791
1.90435293 -8.06207189
2.11457028 -7.53624297
1.92156431 -6.09632544
2.13671219 -5.56013816
1.93996513 -4.1110603
2.16013185 -3.56397207
1.95960155 -2.10506124
2.18488012 -1.54650691
1.98052327 -0.0770648035
2.2110116 0.493544976
2.0027837 1.97424422
2.23858496 2.55752482
2.02644033 4.05023674
2.26766318 4.64683146
2.05155498 6.15234345
2.29831397 6.76292562
2.07819419 8.28205942
2.33061009 8.9073346
2.10642958 10.4409488
2.36462975 11.0816573
2.13633827 12.6306504
2.40045715 13.2875698
2.16800336 14.8528828
2.4381829 15.5268309
2.20151444 17.1094511
2.4779046 17.801289
2.23696817 19.4022533
2.5197275 20.1128889
2.27446888 21.7332879
2.56376513 22.4636794
2.31412931 24.1046614
2.6101401 24.8558214
2.35607139 26.5185975
2.65898492 27.2915975
2.40042708 28.9774461
2.71044298 29.7734213
2.44733938 31.4836943
2.76466957 32.3038488
2.49696339 34.0399774
2.82183307 34.8855902
2.54946753 36.6490914
2.88211628 37.5215229
2.60503493 39.3140073
2.9457179 40.2147061
2.66386493 42.0378861
3.01285419 42.968397
2.72617484 44.8240952
3.08376085 45.786068
2.79220184 47.6762281
3.15869514 48.671427
2.86220525 50.5981242
3.23793827 51.6284386
2.93646897 53.593892
3.32179816 54.6613485
3.01530436 56.6679352
3.41061247 57.7747109
3.09905343 59.8249807
3.50475218 60.9734178
3.18809256 63.0701108
3.60462558 64.2627337
3.28283672 66.4087993
3.7106829 67.6483331
3.38374427 69.8469514
3.82342159 71.136343
3.49132261 73.3909494
3.94339246 74.7333915
3.60613452 77.0477038
4.07120666 78.4466616
3.72880568 80.8247112
4.20754392 82.2839535
3.86003328 84.7301204
4.353162 86.2537541
4.00059609 88.7728075
4.50890779 90.3653174
4.15136627 92.962461
4.67573026 94.6287558
4.31332314 97.3096806
4.85469574 99.0551448
4.48756952 101.826089
5.04700585 103.656644
4.67535091 106.524464
5.25401884 108.446637
4.8780784 111.418885
5.4772749 113.439891
5.09735594 116.524913
5.71852644 118.652749
5.33501297 121.859789
5.9797744 124.103345
5.59314378 127.442678
6.26331217 129.811867
5.8741551 133.294944
6.57177866 135.800857
6.18082403 139.440487
6.90822327 142.095572
6.51636891 145.906133
7.27618537 148.724416
6.88453658 152.722105
7.67979257 155.719449
7.28971048 159.922588
8.12388277 163.117009
7.73704554 167.546407
8.61415687 170.958452
8.23263763 175.637855
9.1573714 179.291072
8.78373819 184.247701
9.76158321 188.169209
9.39902826 193.434435
10.4364633 197.655633
10.0889715 203.265806
11.1937026 207.823258
10.8662734 213.820751
12.0475424 218.7573
11.7464847 225.191822
13.0154751 230.558005
12.7488027 237.488278
14.1191794 243.344142
13.8971503 250.840059
15.3857869 257.257512
15.2216446 265.402951
16.8496187 272.468851
16.7606282 281.365376
18.5546033 289.185635
18.5635214 298.95745
20.5576996 307.662556
20.694897 318.463213
22.9338307 328.215793
23.2404159 340.23743
25.783143 351.242763
26.3156578 364.729063
29.2419266 377.249988
30.0795806 392.514706
33.4994712 406.893199
34.7555925 424.347248
38.8248392 441.036392
40.6655747 461.228452
45.6108121 480.841084
48.2867813 504.520199
54.4488087 527.905157
58.3509625 556.120386
66.262359 584.486175
72.0254979 618.751065
82.5575906 653.87431
91.2637276 696.449825
105.923475 741.042302
119.530523 795.44653
141.109336 853.833098
163.436662 925.805922
197.573593 1005.23789
236.827814 1104.64803
296.268467 1217.9207
372.474562 1362.52708
490.632247 1532.73841
661.616592 1753.4854
944.495649 2013.93559
1413.56422 2327.23223
2250.04587 2568.2074
3623.44312 2362.72479
4981.49069 786.331503
4578.58745 -1492.62873
3022.37928 -2451.17105
1874.19187 -2399.9675
1197.64498 -2104.14404
821.508627 -1810.1491
584.963718 -1562.22155
442.144494 -1364.39773
339.398529 -1202.1719
273.62269 -1072.09715
220.646308 -962.063918
185.912723 -871.929471
155.110815 -793.126855
134.932068 -727.342934
115.419264 -668.15764
102.86279 -618.014036
89.6984 -571.785785
81.4766033 -532.170401
72.1665959 -494.873211
66.5707056 -462.624333
59.7482933 -431.699904
55.8243773 -404.767644
50.6903621 -378.517045
47.8747819 -355.516417
43.9369513 -332.767029
41.8811112 -312.727708
38.8233828 -292.641934
37.3035898 -274.861543
34.9161146 -256.82204
33.7845601 -240.776484
31.9244266 -224.314532
31.0812719 -209.601073
29.6494635 -194.350197
29.0263332 -180.650014
27.9537535 -166.314887
27.5036849 -153.367553
26.7424756 -139.702372
26.4336837 -127.287795
25.9517728 -114.080631
25.7637751 -102.005691
25.5414973 -89.0665943
25.4627797 -77.1547018
25.4909155 -64.3060886
25.517685 -52.388446
25.7965661 -39.4567153
25.9323617 -27.3643477
26.4718857 -14.1718823
26.7279777 -1.72765695
27.5485371 11.9155707
27.9451877 24.9057289
29.07967 39.2117938
29.6484876 52.9694194
31.1457075 68.1843829
31.9335558 82.9719565
33.863783 99.3915919
34.9390745 115.530798
37.4028306 133.522334
38.8656804 151.419884
42.0078995 171.453304
44.0068186 191.638856
48.0402039 214.333622
50.8003638 237.517477
56.0452441 263.714763
59.9181752 290.878816
66.8734616 321.757359
72.4285824 354.304039
81.9047604 391.573456
90.1076319 431.580015
103.492014 477.817817
116.07588 528.490947
135.903321 587.758863
156.210931 654.288664
187.512582 733.31607
222.613332 824.555553
276.503703 935.092426
343.271949 1066.89995
448.032421 1230.1572
593.768571 1430.76228
835.932934 1680.29405
1222.10725 1977.17849
1917.57014 2268.10333
3094.16646 2294.60041
4642.47209 1260.09806
4945.44609 -1041.23788
3544.05098 -2540.22489
2198.24956 -2704.76201
1383.09418 -2454.8086
927.672622 -2143.30157
650.678509 -1884.6579
484.077989 -1666.90604
367.548082 -1497.94889
293.166096 -1355.34248
234.177255 -1242.67389
195.880624 -1144.62453
161.811407 -1065.44666
140.08186 -994.469937
118.42973 -936.156176
105.245039 -882.531417
90.4574572 -837.915819
82.0768443 -795.983532
71.3966197 -760.785459
65.9001225 -727.073517
57.8347829 -698.605057
54.1606389 -670.880256
47.8451884 -647.378164
45.3703148 -624.144589
40.2749046 -604.408099
38.6155988 -584.628396
34.4004965 -567.813249
33.3108775 -550.746445
29.7497293 -536.242554
29.066895 -521.345724
26.0038765 -508.701663
25.6168089 -495.56812
22.9415821 -484.442901
22.7727718 -472.762072
20.4052644 -462.893432
20.3994559 -452.424084
18.2802901 -443.607056
18.3973727 -434.158976
16.4816654 -426.231082
16.6920576 -417.652257
14.9452964 -410.48305
15.2268775 -402.650527
13.6221137 -396.134072
13.9581393 -388.947318
12.4740356 -382.99669
12.8516941 -376.372689
11.4711419 -370.915888
11.8805381 -364.785474
10.5896607 -359.76235
11.0230883 -354.067423
9.81051112 -349.427328
10.2619251 -344.118716
9.1182338 -339.818693
9.58286285 -334.85449
8.50019548 -330.857866
8.97425318 -326.202131
7.94599004 -322.477397
8.42645834 -318.099125
7.44698269 -314.619059
7.93144731 -310.491352
6.99595941 -307.232309
7.48248379 -303.331712
6.58685483 -300.273052
7.07388276 -296.57902
6.21453897 -293.70264
6.70081878 -290.197092
5.87464894 -287.48705
6.35917402 -284.154007
5.56345485 -281.596201
6.04541676 -278.42149
5.27775241 -276.003402
5.7565036 -272.9744
5.01477618 -270.684876
5.48980017 -267.790305
4.77212911 -265.619374
5.24301661 -262.849124
4.54772494 -260.787841
5.01415454 -258.132821
4.33974091 -256.17314
4.8014634 -253.625149
4.14657859 -251.759811
4.60340424 -249.311433
3.96683142 -247.533869
4.41861953 -245.178381
3.79925757 -243.482633
4.24590792 -241.213919
3.64275723 -239.59457
4.08420305 -237.407061
3.49635342 -235.859173
3.93255555 -233.74778
3.3591758 -232.266842
3.7901179 -230.226909
3.23044697 -228.808791
3.65613147 -226.836044
3.10947064 -225.476959
3.52991547 -223.567474
2.99562174 -222.263939
3.41085748 -220.4141
2.88833768 -219.16291
3.29840531 -217.369382
2.78711106 -216.167578
3.19205996 -214.42728
2.69148316 -213.272129
3.09136951 -211.58221
2.60103847 -210.471181
2.99592388 -208.828996
2.51539982 -207.759743
2.90535018 -206.162838
2.43422423 -205.133184
2.81930872 -203.579275
2.35719914 -202.587194
2.73748947 -201.074155
2.28403932 -200.117762
2.659609 -198.643611
2.21448392 -197.721146
2.58540774 -196.284033
2.14829406 -195.393855
2.51464757 -193.992049
2.08525061 -193.132623
2.44710973 -191.764505
2.02515225 -190.934393
2.38259294 -189.598445
1.96781372 -188.796302
2.32091171 -187.491099
1.91306433 -186.715662
2.26189487 -185.439867
1.86074658 -184.689949
2.20538425 -183.442306
1.81071493 -182.716792
2.15123351 -181.496116
1.76283474 -180.793957
2.09930704 -179.599132
1.71698129 -178.919339
2.04947908 -177.749315
1.67303889 -177.090955
2.00163281 -175.944738
1.63090012 -175.306932
1.95565962 -174.183585
1.59046512 -173.565501
1.91145838 -172.464137
1.55164094 -171.864989
1.86893488 -170.784768
1.51434101 -170.203812
1.82800122 -169.143939
1.47848455 -168.580472
1.78857531 -167.540193
1.44399616 -166.993545
1.75058041 -165.972146
1.41080538 -165.441685
1.71394473 -164.438486
1.37884628 -163.92361
1.67860101 -162.937966
1.34805716 -162.438104
1.64448622 -161.469403
1.31838017 -160.984011
1.61154119 -160.031668
1.28976106 -159.560231
1.57971039 -158.62369
1.26214888 -158.165715
1.54894159 -157.244448
1.23549579 -156.799467
1.51918567 -155.892968
1.20975677 -155.460534
1.49039641 -154.568322
1.18488947 -154.148009
1.46253022 -153.269624
1.16085401 -152.861026
1.43554603 -151.996029
1.13761277 -151.598757
1.40940506 -150.74673
1.1151303 -150.360413
1.38407073 -149.520953
1.09337312 -149.145237
1.35950842 -148.317961
1.0723096 -147.952506
1.33568544 -147.137046
1.05190986 -146.781528
1.31257082 -145.977532
1.03214562 -145.63164
1.29013527 -144.838772
1.01299012 -144.502207
1.268351 -143.720143
0.994418016 -143.392621
1.24719169 -142.62105
0.976405294 -142.302296
1.22663236 -141.540922
0.958929175 -141.230674
1.20664929 -140.47921
0.941968051 -140.177216
1.18721997 -139.435388
0.925501405 -139.141405
1.168323 -138.408948
0.909509748 -138.122744
1.14993801 -137.399407
0.893974558 -137.120757
1.13204565 -136.406294
0.87887822 -136.134985
1.11462748 -135.429162
0.864203974 -135.164986
1.09766595 -134.467576
0.849935865 -134.210334
1.08114433 -133.521121
0.836058697 -133.270621
1.06504666 -132.589394
0.822557989 -132.345452
1.04935774 -131.672009
0.809419935 -131.434447
1.03406303 -130.768594
0.796631364 -130.537241
1.01914868 -129.878789
0.78417971 -129.653479
1.00460145 -129.002248
0.772052974 -128.782821
0.990408671 -128.138635
0.760239693 -127.924938
0.976558249 -127.287629
0.748728917 -127.079513
0.963038607 -126.448917
0.737510174 -126.246239
0.949838669 -125.622198
0.726573449 -125.424819
0.936947831 -124.807182
0.715909161 -124.614968
0.924355937 -124.003587
0.705508137 -123.816409
0.912053256 -123.211141
0.695361592 -123.028874
0.900030461 -122.429581
0.685461114 -122.252105
0.888278608 -121.658653
0.675798637 -121.48585
0.876789119 -120.898111
0.66636643 -120.729868
0.865553759 -120.147716
0.657157078 -119.983923
0.854564626 -119.407238
0.648163466 -119.247789
0.84381413 -118.676453
0.639378767 -118.521246
0.83329498 -117.955145
0.630796423 -117.804079
0.823000168 -117.243104
0.622410139 -117.096083
0.812922958 -116.540125
0.614213864 -116.397056
0.803056873 -115.846013
0.606201783 -115.706805
0.79339568 -115.160575
0.598368306 -115.02514
0.783933382 -114.483626
0.590708056 -114.351879
0.774664207 -113.814986
0.583215859 -113.686844
0.765582597 -113.15448
0.575886739 -113.029862
0.756683196 -112.501938
0.568715903 -112.380767
0.747960846 -111.857195
0.561698735 -111.739395
0.739410575 -111.220091
0.554830791 -111.105589
0.731027589 -110.590472
0.548107788 -110.479195
0.722807264 -109.968184
0.541525598 -109.860064
0.714745141 -109.353082
0.53508024 -109.248051
0.706836918 -108.745022
0.528767878 -108.643015
0.699078439 -108.143866
0.522584807 -108.044818
0.691465696 -107.549478
0.516527457 -107.453328
0.683994814 -106.961727
0.51059238 -106.868415
0.676662054 -106.380485
0.504776246 -106.289951
0.669463801 -105.805627
0.499075842 -105.717815
0.662396561 -105.237032
0.493488063 -105.151886
0.655456955 -104.674582
0.48800991 -104.592048
0.64864172 -104.118162
0.482638482 -104.038187
0.641947695 -103.567661
0.47737098 -103.490193
0.635371824 -103.022968
0.472204692 -102.947958
0.628911151 -102.483978
0.467136999 -102.411377
0.622562812 -101.950586
0.462165367 -101.880347
0.616324036 -101.422693
0.457287342 -101.35477
0.610192139 -100.900199
0.452500553 -100.834546
0.604164523 -100.383009
0.447802701 -100.319582
0.598238668 -99.8710283
0.443191562 -99.8097851
0.592412134 -99.364166
0.438664982 -99.3050647
0.586682556 -98.862333
0.434220874 -98.8053327
0.581047642 -98.3654423
0.429857217 -98.3105032
0.575505166 -97.8734089
0.425572052 -97.8204922
0.570052974 -97.3861499
0.42136348 -97.3352179
0.564688973 -96.9035845
0.417229661 -96.8546
0.559411134 -96.4256335
0.413168809 -96.3785606
0.554217487 -95.9522199
0.409179193 -95.9070233
0.54910612 -95.4832683
0.405259135 -95.4399136
0.544075177 -95.0187049
0.401407006 -94.9771585
0.539122856 -94.5584579
0.397621223 -94.518687
0.534247407 -94.1024569
0.393900253 -94.0644294
0.529447128 -93.6506332
0.390242607 -93.6143178
0.524720369 -93.2029196
0.386646837 -93.1682858
0.520065524 -92.7592505
0.383111539 -92.7262682
0.515481032 -92.3195616
0.379635349 -92.2882016
0.510965378 -91.8837901
0.376216942 -91.8540238
0.506517085 -91.4518745
0.372855029 -91.4236741
0.502134721 -91.0237548
0.369548359 -90.9970929
0.497816891 -90.5993722
0.366295715 -90.574222
0.493562237 -90.1786692
0.363095915 -90.1550045
0.48936944 -89.7615894
0.35994781 -89.7393847
0.485237215 -89.3480777
0.356850279 -89.327308
0.481164313 -88.9380803
0.353802237 -88.918721
0.477149515 -88.5315443
0.350802625 -88.5135715
0.473191637 -88.128418
0.347850412 -88.1118082
0.469289525 -87.7286507
0.344944599 -87.7133811
0.465442057 -87.332193
0.342084208 -87.3182409
0.461648136 -86.9389962
0.339268292 -86.9263396
0.457906698 -86.5490127
0.336495927 -86.5376302
0.454216703 -86.1621959
0.333766212 -86.1520663
0.450577138 -85.7785002
0.331078271 -85.7696028
0.446987018 -85.3978808
0.328431251 -85.3901954
0.443445381 -85.0202938
0.325824321 -85.0138006
0.439951288 -84.6456963
0.323256671 -84.6403757
0.436503826 -84.274046
0.32072751 -84.2698791
0.433102103 -83.9053017
0.318236071 -83.9022697
0.429745249 -83.5394228
0.315781603 -83.5375075
0.426432417 -83.1763696
0.313363375 -83.1755531
0.423162778 -82.8161031
0.310980675 -82.8163678
0.419935525 -82.4585852
0.308632808 -82.4599138
0.416749871 -82.1037782
0.306319097 -82.1061538
0.413605045 -81.7516455
0.30403888 -81.7550516
0.410500298 -81.4021509
0.301791512 -81.4065712
0.407434897 -81.055259
0.299576365 -81.0606776
0.404408125 -80.7109351
0.297392825 -80.7173363
0.401419284 -80.3691451
0.295240292 -80.3765135
0.398467692 -80.0298554
0.293118183 -80.0381761
0.395552682 -79.6930333
0.291025927 -79.7022914
0.392673603 -79.3586463
0.288962966 -79.3688274
0.389829819 -79.026663
0.286928756 -79.0377528
0.387020708 -78.6970521
0.284922767 -78.7090368
0.384245663 -78.3697832
0.282944481 -78.3826489
0.38150409 -78.0448261
0.280993389 -78.0585595
0.378795408 -77.7221515
0.279068998 -77.7367393
0.376119051 -77.4017304
0.277170824 -77.4171597
0.373474463 -77.0835343
0.275298395 -77.0997924
0.370861103 -76.7675354
0.273451249 -76.7846097
0.368278441 -76.4537061
0.271628935 -76.4715844
0.365725956 -76.1420195
0.269831012 -76.1606897
0.363203143 -75.8324491
0.26805705 -75.8518994
0.360709504 -75.5249688
0.266306627 -75.5451876
0.358244555 -75.2195531
0.264579331 -75.2405289
0.35580782 -74.9161767
0.262874759 -74.9378983
0.353398834 -74.6148149
0.261192518 -74.6372713
0.351017143 -74.3154433
0.259532223 -74.3386236
0.3486623 -74.0180381
0.257893497 -74.0419317
0.346333871 -73.7225757
0.25627597 -73.7471721
0.344031428 -73.429033
0.254679283 -73.4543219
0.341754553 -73.1373872
0.253103084 -73.1633585
0.339502839 -72.8476159
0.251547025 -72.8742598
0.337275883 -72.5596972
0.250010771 -72.5870037
0.335073293 -72.2736093
0.24849399 -72.301569
0.332894686 -71.9893311
0.246996359 -72.0179344
0.330739685 -71.7068414
0.24551756 -71.7360791
0.328607921 -71.4261198
0.244057285 -71.4559826
0.326499034 -71.1471458
0.242615228 -71.1776249
0.324412668 -70.8698995
0.241191093 -70.900986
0.322348477 -70.5943614
0.239784589 -70.6260466
0.320306121 -70.3205119
0.238395431 -70.3527873
0.318285268 -70.0483321
0.237023338 -70.0811892
0.31628559 -69.7778033
0.235668038 -69.8112339
0.314306767 -69.508907
0.234329263 -69.5429028
0.312348485 -69.2416249
0.23300675 -69.2761781
0.310410438 -68.9759393
0.231700241 -69.0110419
0.308492322 -68.7118325
0.230409486 -68.7474768
0.306593843 -68.4492872
0.229134236 -68.4854655
0.304714709 -68.1882862
0.227874249 -68.2249911
0.302854637 -67.9288128
0.226629289 -67.9660369
0.301013347 -67.6708504
0.225399122 -67.7085863
0.299190566 -67.4143827
0.22418352 -67.4526233
0.297386024 -67.1593936
0.222982261 -67.1981318
0.295599459 -66.9058672
0.221795124 -66.9450961
0.293830611 -66.653788
0.220621895 -66.6935007
0.292079226 -66.4031405
0.219462363 -66.4433304
0.290345057 -66.1539097
0.218316321 -66.1945701
0.288627857 -65.9060805
0.217183567 -65.9472049
0.286927388 -65.6596384
0.216063901 -65.7012203
0.285243414 -65.4145688
0.214957129 -65.4566019
0.283575703 -65.1708573
0.213863059 -65.2133354
0.281924029 -64.92849
0.212781503 -64.9714069
0.280288169 -64.6874529
0.211712278 -64.7308026
0.278667903 -64.4477324
0.210655201 -64.4915089
0.277063018 -64.2093149
0.209610097 -64.2535124
0.275473301 -63.9721872
0.20857679 -64.0167999
0.273898547 -63.7363362
0.20755511 -63.7813583
0.27233855 -63.5017489
0.20654489 -63.5471748
0.270793112 -63.2684126
0.205545963 -63.3142368
0.269262036 -63.0363147
0.20455817 -63.0825318
0.267745128 -62.8054428
0.203581351 -62.8520473
0.2662422 -62.5757846
0.20261535 -62.6227714
0.264753065 -62.3473283
0.201660014 -62.394692
0.263277539 -62.1200617
0.200715193 -62.1677972
0.261815444 -61.8939733
0.19978074 -61.9420755
0.260366602 -61.6690513
0.19885651 -61.7175153
0.258930839 -61.4452845
0.19794236 -61.4941053
0.257507985 -61.2226616
0.19703815 -61.2718343
0.256097871 -61.0011714
0.196143744 -61.0506912
0.254700334 -60.7808029
0.195259006 -60.8306652
0.25331521 -60.5615454
0.194383803 -60.6117455
0.25194234 -60.3433882
0.193518006 -60.3939215
0.250581567 -60.1263208
0.192661487 -60.1771827
0.249232737 -59.9103327
0.19181412 -59.9615188
0.247895699 -59.6954137
0.190975781 -59.7469196
0.246570303 -59.4815537
0.190146349 -59.533375
0.245256402 -59.2687426
0.189325704 -59.320875
0.243953853 -59.0569707
0.188513729 -59.10941
0.242662513 -58.8462281
0.18771031 -58.8989702
0.241382243 -58.6365053
0.186915332 -58.689546
0.240112906 -58.4277927
0.186128684 -58.481128
0.238854365 -58.2200811
0.185350257 -58.2737069
0.23760649 -58.0133611
0.184579943 -58.0672736
0.236369148 -57.8076236
0.183817636 -57.8618188
0.235142211 -57.6028596
0.183063231 -57.6573337
0.233925553 -57.3990602
0.182316627 -57.4538094
0.232719049 -57.1962166
0.181577723 -57.2512371
0.231522576 -56.9943201
0.18084642 -57.0496083
0.230336013 -56.7933621
0.180122619 -56.8489143
0.229159243 -56.5933342
0.179406227 -56.6491468
0.227992147 -56.394228
0.178697147 -56.4502975
0.226834611 -56.1960353
0.177995288 -56.252358
0.225686522 -55.9987478
0.177300558 -56.0553204
0.224547767 -55.8023575
0.176612868 -55.8591766
0.223418237 -55.6068564
0.175932129 -55.6639187
0.222297825 -55.4122368
0.175258254 -55.4695388
0.221186423 -55.2184907
0.174591158 -55.2760292
0.220083926 -55.0256105
0.173930756 -55.0833823
0.218990232 -54.8335887
0.173276967 -54.8915905
0.217905239 -54.6424177
0.172629708 -54.7006464
0.216828846 -54.4520901
0.171988899 -54.5105425
0.215760955 -54.2625986
0.171354462 -54.3212717
0.214701469 -54.073936
0.170726318 -54.1328267
0.213650292 -53.8860951
0.170104391 -53.9452004
0.212607329 -53.6990688
0.169488606 -53.7583858
0.211572489 -53.5128501
0.168878889 -53.5723759
0.210545679 -53.3274323
0.168275166 -53.3871638
0.209526809 -53.1428083
0.167677367 -53.2027429
0.20851579 -52.9589716
0.167085419 -53.0191062
0.207512536 -52.7759153
0.166499254 -52.8362474
0.206516959 -52.593633
0.165918803 -52.6541596
0.205528975 -52.4121181
0.165343998 -52.4728366
0.2045485 -52.2313641
0.164774773 -52.2922718
0.203575452 -52.0513648
0.164211063 -52.112459
0.202609748 -51.8721137
0.163652802 -51.9333919
0.201651309 -51.6936047
0.163099927 -51.7550642
0.200700057 -51.5158317
0.162552376 -51.5774699
0.199755912 -51.3387885
0.162010087 -51.4006029
0.198818798 -51.162469
0.161472998 -51.2244572
0.19788864 -50.9868675
0.160941052 -51.0490269
0.196965363 -50.8119779
0.160414187 -50.8743061
0.196048893 -50.6377945
0.159892347 -50.7002891
0.195139158 -50.4643115
0.159375474 -50.5269701
0.194236086 -50.2915232
0.158863511 -50.3543434
0.193339607 -50.1194239
0.158356403 -50.1824035
0.192449651 -49.9480081
0.157854096 -50.0111447
0.19156615 -49.7772704
0.157356535 -49.8405617
0.190689035 -49.6072052
0.156863667 -49.670649
0.18981824 -49.4378071
0.156375439 -49.5014011
0.1889537 -49.2690708
0.155891801 -49.3328129
0.18809535 -49.1009911
0.1554127 -49.1648791
0.187243125 -48.9335626
0.154938088 -48.9975944
0.186396962 -48.7667804
0.154467913 -48.8309538
0.1855568 -48.6006391
0.154002129 -48.6649521
0.184722576 -48.4351339
0.153540686 -48.4995843
0.18389423 -48.2702596
0.153083537 -48.3348454
0.183071702 -48.1060114
0.152630635 -48.1707305
0.182254934 -47.9423843
0.152181934 -48.0072348
0.181443867 -47.7793734
0.15173739 -47.8443533
0.180638443 -47.6169741
0.151296956 -47.6820814
0.179838606 -47.4551815
0.150860589 -47.5204143
0.1790443 -47.2939909
0.150428246 -47.3593473
0.178255471 -47.1333977
0.149999883 -47.1988758
0.177472062 -46.9733973
0.149575458 -47.0389952
0.176694021 -46.8139852
0.149154929 -46.8797009
0.175921295 -46.6551567
0.148738254 -46.7209886
0.175153831 -46.4969076
0.148325395 -46.5628537
0.174391577 -46.3392332
0.147916309 -46.4052919
0.173634483 -46.1821294
0.147510958 -46.2482987
0.172882498 -46.0255916
0.147109303 -46.0918699
0.172135573 -45.8696158
0.146711305 -45.9360013
0.171393658 -45.7141975
0.146316926 -45.7806885
0.170656706 -45.5593326
0.145926129 -45.6259275
0.169924667 -45.405017
0.145538877 -45.471714
0.169197496 -45.2512466
0.145155133 -45.318044
0.168475144 -45.0980172
0.144774862 -45.1649134
0.167757568 -44.9453248
0.144398028 -45.0123182
0.16704472 -44.7931654
0.144024595 -44.8602544
0.166336556 -44.6415351
0.14365453 -44.7087181
0.165633032 -44.49043
0.143287798 -44.5577053
0.164934104 -44.3398461
0.142924366 -44.4072123
0.164239729 -44.1897796
0.1425642 -44.2572351
0.163549863 -44.0402268
0.142207268 -44.10777
0.162864466 -43.8911838
0.141853537 -43.9588133
0.162183496 -43.7426469
0.141502976 -43.8103612
0.16150691 -43.5946124
0.141155552 -43.66241
0.160834669 -43.4470767
0.140811235 -43.5149561
0.160166733 -43.3000361
0.140469995 -43.3679958
0.159503061 -43.1534871
0.1401318 -43.2215257
0.158843616 -43.007426
0.139796621 -43.0755421
0.158188357 -42.8618494
0.139464428 -42.9300416
0.157537248 -42.7167537
0.139135193 -42.7850206
0.15689025 -42.5721356
0.138808886 -42.6404758
0.156247325 -42.4279915
0.138485479 -42.4964036
0.155608438 -42.284318
0.138164944 -42.3528008
0.154973551 -42.1411119
0.137847254 -42.209664
0.15434263 -41.9983698
0.13753238 -42.0669898
0.153715637 -41.8560883
0.137220296 -41.9247749
0.153092539 -41.7142643
0.136910976 -41.7830162
0.1524733 -41.5728944
0.136604392 -41.6417104
0.151857886 -41.4319755
0.13630052 -41.5008542
0.151246264 -41.2915044
0.135999333 -41.3604446
0.150638399 -41.1514778
0.135700806 -41.2204783
0.15003426 -41.0118928
0.135404913 -41.0809523
0.149433812 -40.8727462
0.135111631 -40.9418635
0.148837024 -40.7340349
0.134820935 -40.8032088
0.148243864 -40.5957558
0.1345328 -40.6649852
0.1476543 -40.4579061
0.134247203 -40.5271897
0.147068301 -40.3204827
0.13396412 -40.3898192
0.146485836 -40.1834826
0.133683529 -40.252871
0.145906875 -40.0469028
0.133405405 -40.116342
0.145331388 -39.9107406
0.133129727 -39.9802293
0.144759344 -39.774993
0.132856471 -39.8445301
0.144190714 -39.6396571
0.132585617 -39.7092416
0.14362547 -39.5047302
0.132317141 -39.5743608
0.143063582 -39.3702093
0.132051023 -39.4398851
0.142505022 -39.2360918
0.131787241 -39.3058116
0.141949762 -39.1023749
0.131525774 -39.1721376
0.141397774 -38.9690558
0.1312666 -39.0388604
0.14084903 -38.8361318
0.131009701 -38.9059773
0.140303504 -38.7036003
0.130755054 -38.7734855
0.139761168 -38.5714586
0.130502641 -38.6413825
0.139221995 -38.439704
0.13025244 -38.5096656
0.13868596 -38.3083339
0.130004433 -38.3783322
0.138153036 -38.1773458
0.129758601 -38.2473797
0.137623198 -38.046737
0.129514923 -38.1168055
0.137096421 -37.916505
0.129273381 -37.9866072
0.136572678 -37.7866472
0.129033956 -37.8567821
0.136051946 -37.6571613
0.128796631 -37.7273279
0.135534199 -37.5280446
0.128561386 -37.5982419
0.135019413 -37.3992947
0.128328203 -37.4695218
0.134507565 -37.2709092
0.128097065 -37.3411651
0.13399863 -37.1428856
0.127867953 -37.2131694
0.133492584 -37.0152215
0.127640851 -37.0855323
0.132989405 -36.8879146
0.127415742 -36.9582514
0.13248907 -36.7609624
0.127192607 -36.8313244
0.131991555 -36.6343627
0.126971431 -36.7047489
0.131496838 -36.5081131
0.126752196 -36.5785226
0.131004897 -36.3822113
0.126534887 -36.4526432
0.13051571 -36.256655
0.126319486 -36.3271084
0.130029254 -36.1314419
0.126105978 -36.201916
0.129545509 -36.0065698
0.125894347 -36.0770637
0.129064452 -35.8820365
0.125684577 -35.9525493
0.128586063 -35.7578397
0.125476652 -35.8283706
0.12811032 -35.6339772
0.125270558 -35.7045254
0.127637204 -35.5104469
0.125066278 -35.5810115
0.127166693 -35.3872466
0.124863799 -35.4578268
0.126698768 -35.2643741
0.124663104 -35.334969
0.126233407 -35.1418274
0.12446418 -35.2124362
0.125770592 -35.0196043
0.124267012 -35.0902262
0.125310302 -34.8977027
0.124071584 -34.9683369
0.124852519 -34.7761205
0.123877884 -34.8467663
0.124397222 -34.6548557
0.123685898 -34.7255122
0.123944394 -34.5339062
0.12349561 -34.6045727
0.123494014 -34.41327
0.123307008 -34.4839457
0.123046065 -34.2929451
0.123120077 -34.3636292
0.122600528 -34.1729295
0.122934805 -34.2436212
0.122157384 -34.0532213
0.122751179 -34.1239198
0.121716616 -33.9338183
0.122569184 -34.004523
0.121278205 -33.8147188
0.122388808 -33.8854289
0.120842135 -33.6959207
0.122210038 -33.7666354
0.120408386 -33.5774221
0.122032861 -33.6481408
0.119976943 -33.4592211
0.121857265 -33.529943
0.119547788 -33.3413159
0.121683237 -33.4120403
0.119120903 -33.2237045
0.121510766 -33.2944307
0.118696272 -33.1063852
0.121339838 -33.1771123
0.118273878 -32.9893559
0.121170441 -33.0600834
0.117853705 -32.872615
0.121002565 -32.9433422
0.117435737 -32.7561605
0.120836196 -32.8268867
0.117019957 -32.6399908
0.120671324 -32.7107152
0.116606348 -32.5241039
0.120507937 -32.5948259
0.116194897 -32.4084981
0.120346023 -32.479217
0.115785585 -32.2931716
0.120185571 -32.3638868
0.115378399 -32.1781227
0.12002657 -32.2488335
0.114973323 -32.0633497
0.119869008 -32.1340553
0.11457034 -31.9488507
0.119712876 -32.0195507
0.114169438 -31.8346242
0.119558161 -31.9053177
0.113770599 -31.7206683
0.119404854 -31.7913548
0.11337381 -31.6069814
0.119252944 -31.6776603
0.112979056 -31.4935619
0.11910242 -31.5642325
0.112586322 -31.380408
0.118953272 -31.4510696
0.112195595 -31.2675181
0.118805489 -31.3381702
0.111806859 -31.1548905
0.118659062 -31.2255324
0.1114201 -31.0425237
0.11851398 -31.1131548
0.111035306 -30.930416
0.118370233 -31.0010357
0.110652461 -30.8185658
0.118227812 -30.8891735
0.110271552 -30.7069714
0.118086707 -30.7775666
0.109892566 -30.5956314
0.117946909 -30.6662134
0.10951549 -30.4845442
0.117808406 -30.5551123
0.109140309 -30.3737081
0.117671192 -30.4442619
0.10876701 -30.2631217
0.117535254 -30.3336605
0.108395582 -30.1527834
0.117400586 -30.2233066
0.10802601 -30.0426916
0.117267177 -30.1131987
0.107658282 -29.9328449
0.117135018 -30.0033353
0.107292385 -29.8232417
0.117004101 -29.8937149
0.106928307 -29.7138806
0.116874417 -29.784336
0.106566035 -29.60476
0.116745956 -29.675197
0.106205557 -29.4958785
0.11661871 -29.5662966
0.10584686 -29.3872347
0.116492671 -29.4576333
0.105489933 -29.278827
0.11636783 -29.3492055
0.105134764 -29.170654
0.116244178 -29.241012
0.10478134 -29.0627143
0.116121708 -29.1330512
0.10442965 -28.9550064
0.116000411 -29.0253217
0.104079683 -28.847529
0.115880278 -28.9178221
0.103731426 -28.7402806
0.115761302 -28.810551
0.103384868 -28.6332599
0.115643475 -28.703507
0.103039998 -28.5264654
0.115526788 -28.5966888
0.102696805 -28.4198958
0.115411234 -28.4900949
0.102355278 -28.3135497
0.115296806 -28.383724
0.102015405 -28.2074257
0.115183495 -28.2775748
0.101677176 -28.1015225
0.115071293 -28.1716458
0.101340579 -27.9958388
0.114960194 -28.0659358
0.101005605 -27.8903732
0.11485019 -27.9604434
0.100672242 -27.7851244
0.114741273 -27.8551673
0.10034048 -27.680091
0.114633437 -27.7501062
0.100010308 -27.5752719
0.114526673 -27.6452588
0.0996817164 -27.4706656
0.114420975 -27.5406238
0.0993546947 -27.3662709
0.114316335 -27.4361998
0.0990292327 -27.2620865
0.114212747 -27.3319857
0.0987053204 -27.1581112
0.114110204 -27.2279802
0.0983829478 -27.0543436
0.114008698 -27.124182
0.0980621049 -26.9507826
0.113908224 -27.0205898
0.0977427821 -26.8474268
0.113808773 -26.9172024
0.0974249695 -26.744275
0.11371034 -26.8140186
0.0971086576 -26.6413261
0.113612918 -26.7110371
0.0967938368 -26.5385787
0.1135165 -26.6082568
0.0964804977 -26.4360317
0.11342108 -26.5056763
0.0961686309 -26.3336838
0.113326651 -26.4032946
0.0958582271 -26.2315339
0.113233207 -26.3011103
0.0955492772 -26.1295808
0.113140742 -26.1991224
0.0952417719 -26.0278232
0.11304925 -26.0973296
0.0949357023 -25.92626
0.112958723 -25.9957308
0.0946310594 -25.82489
0.112869157 -25.8943247
0.0943278343 -25.7237122
0.112780545 -25.7931103
0.0940260183 -25.6227252
0.112692881 -25.6920863
0.0937256026 -25.5219279
0.112606159 -25.5912517
0.0934265784 -25.4213193
0.112520374 -25.4906053
0.0931289374 -25.3208982
0.112435519 -25.3901459
0.0928326709 -25.2206635
0.112351588 -25.2898725
0.0925377705 -25.1206139
0.112268577 -25.1897839
0.092244228 -25.0207485
0.112186479 -25.089879
0.0919520349 -24.9210662
0.112105288 -24.9901567
0.0916611831 -24.8215657
0.112025 -24.8906159
0.0913716645 -24.7222461
0.111945608 -24.7912555
0.091083471 -24.6231062
0.111867108 -24.6920745
0.0907965946 -24.5241449
0.111789493 -24.5930717
0.0905110273 -24.4253613
0.111712759 -24.4942461
0.0902267614 -24.3267541
0.1116369 -24.3955966
0.0899437889 -24.2283224
0.111561911 -24.2971221
0.0896621023 -24.1300652
0.111487787 -24.1988217
0.0893816938 -24.0319813
0.111414522 -24.1006943
0.0891025558 -23.9340697
0.111342112 -24.0027387
0.0888246807 -23.8363293
0.111270552 -23.9049541
0.0885480613 -23.7387593
0.111199835 -23.8073393
0.0882726899 -23.6413584
0.111129959 -23.7098934
0.0879985594 -23.5441258
0.111060917 -23.6126153
0.0877256623 -23.4470604
0.110992705 -23.515504
0.0874539916 -23.3501611
0.110925318 -23.4185585
0.08718354 -23.2534271
0.110858751 -23.3217779
0.0869143004 -23.1568572
0.110793 -23.2251611
0.0866462658 -23.0604506
0.11072806 -23.1287071
0.0863794293 -22.9642062
0.110663926 -23.032415
0.0861137839 -22.8681231
0.110600594 -22.9362837
0.0858493227 -22.7722002
0.110538058 -22.8403124
0.085586039 -22.6764366
0.110476316 -22.7445001
0.085323926 -22.5808315
0.110415362 -22.6488457
0.0850629771 -22.4853837
0.110355191 -22.5533484
0.0848031855 -22.3900924
0.1102958 -22.4580072
0.0845445447 -22.2949565
0.110237184 -22.3628211
0.0842870482 -22.1999753
0.110179339 -22.2677892
0.0840306896 -22.1051477
0.11012226 -22.1729107
0.0837754623 -22.0104728
0.110065944 -22.0781845
0.0835213601 -21.9159497
0.110010386 -21.9836097
0.0832683766 -21.8215775
0.109955583 -21.8891855
0.0830165056 -21.7273552
0.109901529 -21.7949108
0.0827657409 -21.633282
0.109848221 -21.7007849
0.0825160762 -21.5393569
0.109795655 -21.6068068
0.0822675056 -21.4455791
0.109743828 -21.5129756
0.082020023 -21.3519476
0.109692734 -21.4192904
0.0817736223 -21.2584616
0.10964237 -21.3257504
0.0815282976 -21.1651202
0.109592733 -21.2323546
0.081284043 -21.0719225
0.109543819 -21.1391022
0.0810408526 -20.9788676
0.109495623 -21.0459922
0.0807987207 -20.8859547
0.109448142 -20.953024
0.0805576414 -20.7931829
0.109401372 -20.8601964
0.0803176091 -20.7005514
0.10935531 -20.7675089
0.0800786181 -20.6080592
0.109309952 -20.6749603
0.0798406627 -20.5157056
0.109265294 -20.58255
0.0796037374 -20.4234897
0.109221333 -20.4902771
0.0793678367 -20.3314106
0.109178065 -20.3981406
0.079132955 -20.2394675
0.109135487 -20.3061399
0.078899087 -20.1476596
0.109093595 -20.2142741
0.0786662272 -20.0559861
0.109052386 -20.1225422
0.0784343702 -19.9644461
0.109011856 -20.0309436
0.0782035108 -19.8730388
0.108972002 -19.9394774
0.0779736437 -19.7817634
0.108932821 -19.8481428
0.0777447637 -19.6906191
0.10889431 -19.7569389
0.0775168655 -19.5996051
0.108856464 -19.665865
0.0772899441 -19.5087205
0.108819281 -19.5749203
0.0770639943 -19.4179646
0.108782758 -19.4841039
0.0768390111 -19.3273366
0.108746891 -19.3934151
0.0766149894 -19.2368356
0.108711678 -19.3028531
0.0763919243 -19.146461
0.108677114 -19.212417
0.0761698109 -19.0562119
0.108643198 -19.1221062
0.0759486442 -18.9660875
0.108609926 -19.0319199
0.0757284193 -18.8760871
0.108577294 -18.9418571
0.0755091316 -18.7862099
0.108545301 -18.8519173
0.075290776 -18.6964551
0.108513942 -18.7620996
0.075073348 -18.606822
0.108483215 -18.6724033
0.0748568429 -18.5173097
0.108453118 -18.5828276
0.0746412558 -18.4279176
0.108423646 -18.4933717
0.0744265823 -18.3386449
0.108394798 -18.4040349
0.0742128177 -18.2494909
0.10836657 -18.3148165
0.0739999574 -18.1604547
0.10833896 -18.2257157
0.073787997 -18.0715357
0.108311965 -18.1367318
0.0735769319 -17.9827332
0.108285581 -18.0478639
0.0733667577 -17.8940463
0.108259807 -17.9591115
0.0731574699 -17.8054743
0.10823464 -17.8704738
0.0729490643 -17.7170166
END
