SIMP
NP=4096
SW=20000
TYPE=SPE
DATA
0.0775568966 -2.45542116
0.0774269195 -2.45164024
0.0772973605 -2.44786565
0.0771682178 -2.44409735
0.0770394897 -2.44033534
0.0769111745 -2.4365796
0.0767832706 -2.4328301
0.0766557763 -2.42908682
0.07652869 -2.42534975
0.0764020098 -2.42161886
0.0762757343 -2.41789414
0.0761498618 -2.41417556
0.0760243907 -2.4104631
0.0758993193 -2.40675675
0.075774646 -2.40305649
0.0756503692 -2.3993623
0.0755264874 -2.39567415
0.0754029988 -2.39199203
0.0752799021 -2.38831592
0.0751571955 -2.3846458
0.0750348776 -2.38098165
0.0749129467 -2.37732346
0.0747914013 -2.3736712
0.0746702399 -2.37002485
0.074549461 -2.3663844
0.074429063 -2.36274983
0.0743090444 -2.35912111
0.0741894037 -2.35549824
0.0740701393 -2.35188119
0.0739512499 -2.34826994
0.073832734 -2.34466448
0.0737145899 -2.34106479
0.0735968163 -2.33747085
0.0734794118 -2.33388264
0.0733623747 -2.33030014
0.0732457038 -2.32672334
0.0731293976 -2.32315222
0.0730134545 -2.31958675
0.0728978733 -2.31602693
0.0727826525 -2.31247274
0.0726677906 -2.30892415
0.0725532863 -2.30538115
0.0724391381 -2.30184373
0.0723253447 -2.29831186
0.0722119047 -2.29478553
0.0720988167 -2.29126472
0.0719860794 -2.28774941
0.0718736913 -2.28423959
0.0717616511 -2.28073524
0.0716499575 -2.27723635
0.0715386092 -2.27374289
0.0714276047 -2.27025485
0.0713169427 -2.26677221
0.071206622 -2.26329496
0.0710966412 -2.25982307
0.0709869991 -2.25635655
0.0708776942 -2.25289535
0.0707687253 -2.24943948
0.0706600911 -2.24598891
0.0705517903 -2.24254363
0.0704438217 -2.23910362
0.070336184 -2.23566887
0.0702288758 -2.23223935
0.0701218961 -2.22881506
0.0700152434 -2.22539597
0.0699089165 -2.22198208
0.0698029142 -2.21857336
0.0696972353 -2.2151698
0.0695918786 -2.21177138
0.0694868427 -2.20837809
0.0693821266 -2.20498992
0.0692777289 -2.20160684
0.0691736485 -2.19822885
0.0690698842 -2.19485591
0.0689664348 -2.19148804
0.068863299 -2.18812519
0.0687604758 -2.18476737
0.0686579639 -2.18141455
0.0685557622 -2.17806672
0.0684538694 -2.17472387
0.0683522845 -2.17138597
0.0682510063 -2.16805302
0.0681500336 -2.164725
0.0680493653 -2.1614019
0.0679490002 -2.1580837
0.0678489373 -2.15477038
0.0677491754 -2.15146193
0.0676497133 -2.14815834
0.06755055 -2.14485959
0.0674516843 -2.14156567
0.0673531151 -2.13827656
0.0672548414 -2.13499224
0.0671568621 -2.13171272
0.067059176 -2.12843796
0.066961782 -2.12516795
0.0668646792 -2.12190269
0.0667678664 -2.11864216
0.0666713425 -2.11538634
0.0665751064 -2.11213521
0.0664791573 -2.10888877
0.0663834938 -2.10564701
0.0662881151 -2.1024099
0.0661930201 -2.09917743
0.0660982077 -2.09594959
0.0660036769 -2.09272637
0.0659094266 -2.08950775
0.065815456 -2.08629371
0.0657217638 -2.08308426
0.0656283492 -2.07987936
0.065535211 -2.07667901
0.0654423483 -2.07348319
0.0653497602 -2.0702919
0.0652574455 -2.06710511
0.0651654034 -2.06392282
0.0650736327 -2.06074501
0.0649821326 -2.05757166
0.0648909021 -2.05440278
0.0647999402 -2.05123833
0.0647092458 -2.04807831
0.0646188182 -2.0449227
0.0645286562 -2.0417715
0.0644387589 -2.03862469
0.0643491255 -2.03548225
0.0642597549 -2.03234418
0.0641706462 -2.02921046
0.0640817984 -2.02608108
0.0639932107 -2.02295602
0.0639048821 -2.01983527
0.0638168117 -2.01671883
0.0637289985 -2.01360667
0.0636414417 -2.01049879
0.0635541403 -2.00739517
0.0634670934 -2.00429581
0.0633803001 -2.00120068
0.0632937596 -1.99810977
0.0632074709 -1.99502308
0.0631214331 -1.99194059
0.0630356454 -1.98886229
0.0629501068 -1.98578816
0.0628648165 -1.9827182
0.0627797736 -1.9796524
0.0626949773 -1.97659073
0.0626104266 -1.97353319
0.0625261208 -1.97047977
0.0624420589 -1.96743045
0.06235824 -1.96438523
0.0622746635 -1.96134409
0.0621913283 -1.95830701
0.0621082337 -1.955274
0.0620253788 -1.95224503
0.0619427628 -1.94922009
0.0618603848 -1.94619918
0.061778244 -1.94318227
0.0616963397 -1.94016937
0.0616146709 -1.93716046
0.0615332369 -1.93415552
0.0614520368 -1.93115454
0.0613710698 -1.92815752
0.0612903352 -1.92516444
0.0612098321 -1.9221753
0.0611295597 -1.91919007
0.0610495172 -1.91620875
0.0609697039 -1.91323133
0.060890119 -1.91025779
0.0608107616 -1.90728813
0.060731631 -1.90432233
0.0606527264 -1.90136039
0.060574047 -1.89840229
0.0604955921 -1.89544802
0.0604173609 -1.89249757
0.0603393526 -1.88955093
0.0602615665 -1.88660809
0.0601840018 -1.88366903
0.0601066578 -1.88073375
0.0600295337 -1.87780224
0.0599526287 -1.87487448
0.0598759422 -1.87195047
0.0597994733 -1.86903019
0.0597232214 -1.86611364
0.0596471857 -1.8632008
0.0595713655 -1.86029166
0.05949576 -1.85738621
0.0594203686 -1.85448444
0.0593451905 -1.85158635
0.0592702249 -1.84869192
0.0591954712 -1.84580113
0.0591209287 -1.84291399
0.0590465967 -1.84003048
0.0589724744 -1.83715058
0.0588985611 -1.8342743
0.0588248562 -1.83140161
0.058751359 -1.82853251
0.0586780687 -1.825667
0.0586049847 -1.82280505
0.0585321062 -1.81994666
0.0584594327 -1.81709182
0.0583869634 -1.81424052
0.0583146976 -1.81139274
0.0582426347 -1.80854849
0.058170774 -1.80570774
0.0580991148 -1.8028705
0.0580276564 -1.80003674
0.0579563983 -1.79720647
0.0578853397 -1.79437966
0.05781448 -1.79155631
0.0577438185 -1.78873642
0.0576733546 -1.78591997
0.0576030876 -1.78310694
0.0575330168 -1.78029734
0.0574631417 -1.77749115
0.0573934616 -1.77468837
0.0573239759 -1.77188897
0.0572546839 -1.76909296
0.057185585 -1.76630033
0.0571166785 -1.76351106
0.0570479638 -1.76072515
0.0569794404 -1.75794258
0.0569111076 -1.75516335
0.0568429647 -1.75238745
0.0567750112 -1.74961486
0.0567072464 -1.74684559
0.0566396697 -1.74407961
0.0565722806 -1.74131693
0.0565050783 -1.73855752
0.0564380624 -1.73580139
0.0563712322 -1.73304853
0.0563045871 -1.73029892
0.0562381265 -1.72755255
0.0561718499 -1.72480942
0.0561057565 -1.72206952
0.056039846 -1.71933284
0.0559741175 -1.71659936
0.0559085707 -1.71386909
0.0558432049 -1.71114201
0.0557780194 -1.70841811
0.0557130138 -1.70569739
0.0556481875 -1.70297984
0.0555835399 -1.70026544
0.0555190705 -1.69755419
0.0554547785 -1.69484607
0.0553906636 -1.69214109
0.0553267252 -1.68943924
0.0552629626 -1.68674049
0.0551993753 -1.68404486
0.0551359629 -1.68135231
0.0550727246 -1.67866286
0.05500966 -1.67597649
0.0549467686 -1.67329319
0.0548840497 -1.67061295
0.0548215029 -1.66793576
0.0547591275 -1.66526162
0.0546969231 -1.66259052
0.0546348892 -1.65992245
0.0545730251 -1.6572574
0.0545113304 -1.65459537
0.0544498046 -1.65193633
0.054388447 -1.6492803
0.0543272573 -1.64662725
0.0542662347 -1.64397718
0.054205379 -1.64133009
0.0541446894 -1.63868596
0.0540841656 -1.63604478
0.0540238069 -1.63340655
0.0539636129 -1.63077127
0.0539035831 -1.62813891
0.053843717 -1.62550948
0.053784014 -1.62288296
0.0537244737 -1.62025935
0.0536650955 -1.61763864
0.053605879 -1.61502082
0.0535468237 -1.61240589
0.053487929 -1.60979383
0.0534291945 -1.60718464
0.0533706196 -1.60457832
0.053312204 -1.60197484
0.0532539471 -1.59937421
0.0531958483 -1.59677642
0.0531379074 -1.59418146
0.0530801237 -1.59158932
0.0530224967 -1.58899999
0.0529650261 -1.58641347
0.0529077113 -1.58382975
0.0528505519 -1.58124882
0.0527935473 -1.57867068
0.0527366972 -1.57609531
0.052680001 -1.57352271
0.0526234582 -1.57095287
0.0525670686 -1.56838579
0.0525108314 -1.56582145
0.0524547464 -1.56325985
0.052398813 -1.56070098
0.0523430308 -1.55814484
0.0522873993 -1.55559142
0.0522319182 -1.5530407
0.0521765868 -1.55049269
0.0521214048 -1.54794737
0.0520663718 -1.54540474
0.0520114873 -1.54286479
0.0519567508 -1.54032751
0.0519021619 -1.5377929
0.0518477202 -1.53526095
0.0517934252 -1.53273165
0.0517392765 -1.53020499
0.0516852737 -1.52768097
0.0516314163 -1.52515958
0.0515777039 -1.52264082
0.0515241361 -1.52012467
0.0514707124 -1.51761113
0.0514174324 -1.5151002
0.0513642957 -1.51259185
0.051311302 -1.5100861
0.0512584506 -1.50758293
0.0512057413 -1.50508233
0.0511531736 -1.5025843
0.0511007471 -1.50008883
0.0510484614 -1.49759591
0.0509963161 -1.49510554
0.0509443108 -1.49261771
0.050892445 -1.49013242
0.0508407184 -1.48764965
0.0507891305 -1.48516939
0.0507376809 -1.48269166
0.0506863693 -1.48021642
0.0506351953 -1.47774369
0.0505841584 -1.47527345
0.0505332582 -1.4728057
0.0504824944 -1.47034042
0.0504318665 -1.46787762
0.0503813742 -1.46541729
0.0503310171 -1.46295941
0.0502807948 -1.46050399
0.0502307069 -1.45805101
0.0501807529 -1.45560047
0.0501309326 -1.45315237
0.0500812456 -1.45070669
0.0500316914 -1.44826343
0.0499822697 -1.44582259
0.0499329801 -1.44338416
0.0498838222 -1.44094812
0.0498347956 -1.43851448
0.0497859001 -1.43608323
0.0497371351 -1.43365436
0.0496885004 -1.43122786
0.0496399956 -1.42880374
0.0495916202 -1.42638197
0.049543374 -1.42396257
0.0494952565 -1.42154551
0.0494472674 -1.4191308
0.0493994064 -1.41671842
0.049351673 -1.41430838
0.049304067 -1.41190066
0.0492565879 -1.40949526
0.0492092354 -1.40709217
0.0491620092 -1.40469139
0.0491149088 -1.40229291
0.049067934 -1.39989673
0.0490210844 -1.39750283
0.0489743596 -1.39511121
0.0489277594 -1.39272187
0.0488812832 -1.39033481
0.0488349309 -1.38795
0.048788702 -1.38556745
0.0487425962 -1.38318716
0.0486966132 -1.38080911
0.0486507526 -1.3784333
0.0486050141 -1.37605972
0.0485593974 -1.37368838
0.048513902 -1.37131925
0.0484685278 -1.36895234
0.0484232743 -1.36658764
0.0483781412 -1.36422515
0.0483331282 -1.36186486
0.048288235 -1.35950675
0.0482434611 -1.35715084
0.0481988064 -1.3547971
0.0481542705 -1.35244554
0.048109853 -1.35009615
0.0480655536 -1.34774893
0.048021372 -1.34540386
0.0479773079 -1.34306094
0.047933361 -1.34072017
0.0478895309 -1.33838154
0.0478458173 -1.33604505
0.0478022199 -1.33371068
0.0477587385 -1.33137844
0.0477153726 -1.32904832
0.047672122 -1.32672031
0.0476289863 -1.32439441
0.0475859653 -1.32207061
0.0475430586 -1.3197489
0.047500266 -1.31742929
0.0474575871 -1.31511176
0.0474150216 -1.3127963
0.0473725692 -1.31048293
0.0473302296 -1.30817162
0.0472880025 -1.30586237
0.0472458877 -1.30355518
0.0472038848 -1.30125004
0.0471619934 -1.29894694
0.0471202134 -1.29664589
0.0470785444 -1.29434688
0.0470369862 -1.29204989
0.0469955383 -1.28975493
0.0469542006 -1.28746198
0.0469129728 -1.28517105
0.0468718545 -1.28288213
0.0468308455 -1.28059521
0.0467899454 -1.27831029
0.0467491541 -1.27602737
0.0467084711 -1.27374643
0.0466678963 -1.27146747
0.0466274293 -1.26919049
0.0465870699 -1.26691547
0.0465468178 -1.26464243
0.0465066726 -1.26237135
0.0464666342 -1.26010222
0.0464267021 -1.25783504
0.0463868763 -1.25556981
0.0463471563 -1.25330652
0.046307542 -1.25104516
0.0462680329 -1.24878573
0.046228629 -1.24652823
0.0461893298 -1.24427265
0.0461501352 -1.24201898
0.0461110447 -1.23976722
0.0460720583 -1.23751737
0.0460331756 -1.23526941
0.0459943963 -1.23302335
0.0459557202 -1.23077918
0.045917147 -1.22853689
0.0458786765 -1.22629648
0.0458403083 -1.22405795
0.0458020423 -1.22182128
0.0457638781 -1.21958648
0.0457258156 -1.21735354
0.0456878544 -1.21512245
0.0456499942 -1.21289321
0.0456122349 -1.21066582
0.0455745762 -1.20844027
0.0455370178 -1.20621655
0.0454995595 -1.20399466
0.0454622009 -1.20177459
0.045424942 -1.19955635
0.0453877823 -1.19733992
0.0453507217 -1.1951253
0.0453137599 -1.19291248
0.0452768967 -1.19070147
0.0452401317 -1.18849225
0.0452034649 -1.18628483
0.0451668958 -1.18407919
0.0451304244 -1.18187533
0.0450940503 -1.17967325
0.0450577732 -1.17747294
0.045021593 -1.17527439
0.0449855094 -1.17307761
0.0449495222 -1.17088259
0.0449136311 -1.16868932
0.0448778359 -1.1664978
0.0448421364 -1.16430803
0.0448065323 -1.16211999
0.0447710233 -1.15993369
0.0447356093 -1.15774911
0.04470029 -1.15556627
0.0446650652 -1.15338514
0.0446299346 -1.15120573
0.0445948981 -1.14902803
0.0445599553 -1.14685204
0.0445251061 -1.14467775
0.0444903502 -1.14250516
0.0444556874 -1.14033426
0.0444211175 -1.13816505
0.0443866402 -1.13599752
0.0443522553 -1.13383168
0.0443179627 -1.1316675
0.044283762 -1.129505
0.0442496531 -1.12734417
0.0442156356 -1.125185
0.0441817095 -1.12302748
0.0441478745 -1.12087162
0.0441141304 -1.11871741
0.0440804769 -1.11656484
0.0440469138 -1.11441391
0.044013441 -1.11226461
0.0439800581 -1.11011695
0.043946765 -1.10797091
0.0439135615 -1.10582649
0.0438804474 -1.10368369
0.0438474224 -1.10154251
0.0438144863 -1.09940293
0.0437816389 -1.09726496
0.04374888 -1.09512859
0.0437162095 -1.09299381
0.043683627 -1.09086063
0.0436511324 -1.08872903
0.0436187255 -1.08659902
0.043586406 -1.08447058
0.0435541738 -1.08234372
0.0435220287 -1.08021843
0.0434899704 -1.07809471
0.0434579988 -1.07597255
0.0434261136 -1.07385194
0.0433943146 -1.07173289
0.0433626017 -1.06961539
0.0433309746 -1.06749943
0.0432994332 -1.06538502
0.0432679772 -1.06327214
0.0432366064 -1.06116079
0.0432053207 -1.05905097
0.0431741198 -1.05694268
0.0431430036 -1.05483591
0.0431119718 -1.05273065
0.0430810243 -1.0506269
0.0430501609 -1.04852466
0.0430193813 -1.04642393
0.0429886855 -1.04432469
0.0429580731 -1.04222695
0.042927544 -1.04013071
0.042897098 -1.03803595
0.0428667349 -1.03594267
0.0428364546 -1.03385087
0.0428062568 -1.03176055
0.0427761413 -1.02967169
0.042746108 -1.02758431
0.0427161567 -1.02549839
0.0426862872 -1.02341393
0.0426564993 -1.02133092
0.0426267929 -1.01924936
0.0425971676 -1.01716925
0.0425676234 -1.01509059
0.0425381601 -1.01301336
0.0425087775 -1.01093757
0.0424794754 -1.00886321
0.0424502537 -1.00679028
0.0424211121 -1.00471877
0.0423920504 -1.00264869
0.0423630686 -1.00058001
0.0423341664 -0.998512753
0.0423053436 -0.996446901
0.0422766001 -0.994382453
0.0422479357 -0.992319405
0.0422193502 -0.990257754
0.0421908434 -0.988197496
0.0421624152 -0.986138626
0.0421340654 -0.984081142
0.0421057938 -0.982025038
0.0420776003 -0.979970312
0.0420494846 -0.97791696
0.0420214467 -0.975864977
0.0419934863 -0.973814361
0.0419656033 -0.971765106
0.0419377974 -0.96971721
0.0419100686 -0.967670669
0.0418824167 -0.965625479
0.0418548415 -0.963581636
0.0418273428 -0.961539136
0.0417999204 -0.959497976
0.0417725743 -0.957458152
0.0417453042 -0.95541966
0.04171811 -0.953382497
0.0416909915 -0.951346658
0.0416639485 -0.949312141
0.041636981 -0.947278942
0.0416100886 -0.945247056
0.0415832713 -0.94321648
0.041556529 -0.941187211
0.0415298613 -0.939159245
0.0415032683 -0.937132578
0.0414767497 -0.935107207
0.0414503054 -0.933083128
0.0414239351 -0.931060336
0.0413976389 -0.92903883
0.0413714164 -0.927018605
0.0413452676 -0.924999657
0.0413191922 -0.922981984
0.0412931903 -0.92096558
0.0412672614 -0.918950444
0.0412414057 -0.91693657
0.0412156228 -0.914923957
0.0411899126 -0.912912599
0.041164275 -0.910902494
0.0411387098 -0.908893638
0.0411132169 -0.906886028
0.0410877961 -0.904879659
0.0410624473 -0.90287453
0.0410371703 -0.900870635
0.041011965 -0.898867971
0.0409868312 -0.896866535
0.0409617689 -0.894866324
0.0409367777 -0.892867334
0.0409118576 -0.890869562
0.0408870085 -0.888873004
0.0408622302 -0.886877656
0.0408375225 -0.884883515
0.0408128854 -0.882890578
0.0407883186 -0.880898842
0.040763822 -0.878908302
0.0407393955 -0.876918956
0.040715039 -0.874930799
0.0406907523 -0.87294383
0.0406665352 -0.870958043
0.0406423876 -0.868973436
0.0406183095 -0.866990006
0.0405943005 -0.865007749
0.0405703607 -0.863026662
0.0405464898 -0.861046741
0.0405226878 -0.859067982
0.0404989545 -0.857090384
0.0404752897 -0.855113941
0.0404516933 -0.853138652
0.0404281652 -0.851164512
0.0404047053 -0.849191518
0.0403813133 -0.847219668
0.0403579893 -0.845248957
0.040334733 -0.843279382
0.0403115443 -0.84131094
0.0402884231 -0.839343628
0.0402653692 -0.837377442
0.0402423826 -0.83541238
0.040219463 -0.833448437
0.0401966104 -0.831485611
0.0401738246 -0.829523899
0.0401511055 -0.827563296
0.040128453 -0.8256038
0.0401058669 -0.823645408
0.0400833472 -0.821688116
0.0400608936 -0.819731921
0.040038506 -0.81777682
0.0400161844 -0.81582281
0.0399939286 -0.813869887
0.0399717385 -0.811918049
0.0399496139 -0.809967291
0.0399275548 -0.808017612
0.039905561 -0.806069007
0.0398836323 -0.804121473
0.0398617687 -0.802175008
0.03983997 -0.800229608
0.0398182361 -0.79828527
0.0397965669 -0.796341991
0.0397749623 -0.794399767
0.0397534221 -0.792458596
0.0397319463 -0.790518475
0.0397105347 -0.788579399
0.0396891871 -0.786641367
0.0396679035 -0.784704374
0.0396466838 -0.782768419
0.0396255277 -0.780833497
0.0396044353 -0.778899606
0.0395834064 -0.776966743
0.0395624409 -0.775034903
0.0395415386 -0.773104086
0.0395206994 -0.771174286
0.0394999233 -0.769245502
0.0394792101 -0.76731773
0.0394585597 -0.765390967
0.039437972 -0.76346521
0.0394174468 -0.761540456
0.0393969841 -0.759616702
0.0393765837 -0.757693945
0.0393562456 -0.755772181
0.0393359696 -0.753851408
0.0393157556 -0.751931624
0.0392956034 -0.750012823
0.0392755131 -0.748095005
0.0392554844 -0.746178165
0.0392355173 -0.744262301
0.0392156117 -0.74234741
0.0391957674 -0.740433488
0.0391759843 -0.738520533
0.0391562623 -0.736608542
0.0391366014 -0.734697512
0.0391170014 -0.732787439
0.0390974621 -0.730878322
0.0390779836 -0.728970156
0.0390585656 -0.727062939
0.0390392082 -0.725156668
0.0390199111 -0.72325134
0.0390006743 -0.721346951
0.0389814976 -0.719443501
0.038962381 -0.717540984
0.0389433244 -0.715639398
0.0389243276 -0.713738741
0.0389053906 -0.711839009
0.0388865132 -0.7099402
0.0388676954 -0.708042311
0.038848937 -0.706145338
0.038830238 -0.704249278
0.0388115982 -0.70235413
0.0387930175 -0.70045989
0.0387744959 -0.698566555
0.0387560332 -0.696674122
0.0387376294 -0.694782589
0.0387192843 -0.692891952
0.0387009978 -0.691002208
0.0386827699 -0.689113356
0.0386646004 -0.687225391
0.0386464893 -0.685338312
0.0386284364 -0.683452114
0.0386104417 -0.681566797
0.038592505 -0.679682355
0.0385746263 -0.677798788
0.0385568054 -0.675916091
0.0385390424 -0.674034263
0.038521337 -0.6721533
0.0385036891 -0.670273199
0.0384860988 -0.668393958
0.0384685658 -0.666515574
0.0384510902 -0.664638043
0.0384336717 -0.662761364
0.0384163104 -0.660885534
0.038399006 -0.659010549
0.0383817586 -0.657136408
0.0383645681 -0.655263106
0.0383474342 -0.653390642
0.0383303571 -0.651519012
0.0383133364 -0.649648214
0.0382963723 -0.647778245
0.0382794645 -0.645909103
0.038262613 -0.644040784
0.0382458178 -0.642173286
0.0382290786 -0.640306606
0.0382123955 -0.638440742
0.0381957682 -0.63657569
0.0381791969 -0.634711448
0.0381626813 -0.632848013
0.0381462213 -0.630985383
0.038129817 -0.629123555
0.0381134681 -0.627262525
0.0380971747 -0.625402292
0.0380809366 -0.623542853
0.0380647537 -0.621684204
0.038048626 -0.619826344
0.0380325534 -0.617969269
0.0380165357 -0.616112977
0.038000573 -0.614257466
0.037984665 -0.612402731
0.0379688118 -0.610548772
0.0379530133 -0.608695585
0.0379372693 -0.606843167
0.0379215798 -0.604991517
0.0379059447 -0.60314063
0.0378903639 -0.601290505
0.0378748374 -0.599441139
0.037859365 -0.597592529
0.0378439468 -0.595744673
0.0378285825 -0.593897568
0.0378132721 -0.592051211
0.0377980156 -0.5902056
0.0377828128 -0.588360732
0.0377676637 -0.586516604
0.0377525682 -0.584673215
0.0377375263 -0.58283056
0.0377225378 -0.580988638
0.0377076026 -0.579147446
0.0376927208 -0.577306982
0.0376778921 -0.575467242
0.0376631166 -0.573628225
0.0376483942 -0.571789927
0.0376337247 -0.569952347
0.0376191081 -0.568115481
0.0376045444 -0.566279326
0.0375900334 -0.564443881
0.0375755751 -0.562609143
0.0375611694 -0.560775109
0.0375468163 -0.558941777
0.0375325156 -0.557109143
0.0375182673 -0.555277207
0.0375040713 -0.553445964
0.0374899275 -0.551615412
0.0374758359 -0.549785549
0.0374617964 -0.547956373
0.037447809 -0.54612788
0.0374338734 -0.544300069
0.0374199898 -0.542472936
0.0374061579 -0.54064648
0.0373923778 -0.538820697
0.0373786494 -0.536995585
0.0373649725 -0.535171142
0.0373513472 -0.533347365
0.0373377733 -0.531524251
0.0373242508 -0.529701798
0.0373107796 -0.527880005
0.0372973597 -0.526058867
0.0372839909 -0.524238382
0.0372706733 -0.522418549
0.0372574067 -0.520599364
0.0372441911 -0.518780826
0.0372310264 -0.516962931
0.0372179125 -0.515145677
0.0372048494 -0.513329061
0.037191837 -0.511513082
0.0371788752 -0.509697737
0.037165964 -0.507883022
0.0371531034 -0.506068937
0.0371402931 -0.504255478
0.0371275333 -0.502442642
0.0371148238 -0.500630428
0.0371021645 -0.498818833
0.0370895554 -0.497007855
0.0370769964 -0.49519749
0.0370644875 -0.493387737
0.0370520285 -0.491578593
0.0370396195 -0.489770056
0.0370272604 -0.487962123
0.0370149511 -0.486154792
0.0370026915 -0.48434806
0.0369904816 -0.482541925
0.0369783214 -0.480736385
0.0369662107 -0.478931437
0.0369541494 -0.477127079
0.0369421377 -0.475323308
0.0369301753 -0.473520121
0.0369182622 -0.471717518
0.0369063984 -0.469915494
0.0368945837 -0.468114048
0.0368828183 -0.466313178
0.0368711018 -0.46451288
0.0368594345 -0.462713153
0.036847816 -0.460913994
0.0368362465 -0.4591154
0.0368247258 -0.45731737
0.0368132539 -0.455519901
0.0368018308 -0.45372299
0.0367904563 -0.451926636
0.0367791304 -0.450130836
0.0367678531 -0.448335586
0.0367566243 -0.446540886
0.0367454439 -0.444746733
0.036734312 -0.442953124
0.0367232283 -0.441160057
0.036712193 -0.43936753
0.0367012058 -0.43757554
0.0366902669 -0.435784085
0.036679376 -0.433993162
0.0366685332 -0.43220277
0.0366577385 -0.430412906
0.0366469916 -0.428623567
0.0366362927 -0.426834751
0.0366256416 -0.425046456
0.0366150384 -0.42325868
0.0366044828 -0.42147142
0.036593975 -0.419684674
0.0365835147 -0.41789844
0.0365731021 -0.416112714
0.036562737 -0.414327496
0.0365524194 -0.412542782
0.0365421492 -0.410758571
0.0365319264 -0.408974859
0.0365217509 -0.407191645
0.0365116227 -0.405408927
0.0365015418 -0.403626701
0.036491508 -0.401844966
0.0364815213 -0.40006372
0.0364715817 -0.39828296
0.0364616892 -0.396502684
0.0364518436 -0.394722889
0.036442045 -0.392943573
0.0364322932 -0.391164735
0.0364225883 -0.389386371
0.0364129301 -0.38760848
0.0364033188 -0.385831058
0.0363937541 -0.384054105
0.036384236 -0.382277617
0.0363747646 -0.380501593
0.0363653397 -0.378726029
0.0363559613 -0.376950924
0.0363466294 -0.375176276
0.0363373438 -0.373402082
0.0363281047 -0.371628339
0.0363189119 -0.369855047
0.0363097653 -0.368082202
0.036300665 -0.366309802
0.0362916109 -0.364537845
0.0362826029 -0.362766329
0.0362736411 -0.360995251
0.0362647252 -0.359224609
0.0362558554 -0.357454401
0.0362470316 -0.355684625
0.0362382537 -0.353915279
0.0362295217 -0.352146359
0.0362208355 -0.350377865
0.0362121951 -0.348609793
0.0362036005 -0.346842142
0.0361950515 -0.345074908
0.0361865483 -0.343308091
0.0361780907 -0.341541688
0.0361696787 -0.339775697
0.0361613122 -0.338010114
0.0361529912 -0.336244939
0.0361447157 -0.334480169
0.0361364856 -0.332715801
0.0361283009 -0.330951834
0.0361201616 -0.329188265
0.0361120676 -0.327425093
0.0361040188 -0.325662314
0.0360960152 -0.323899926
0.0360880569 -0.322137929
0.0360801437 -0.320376318
0.0360722756 -0.318615092
0.0360644526 -0.316854249
0.0360566746 -0.315093787
0.0360489416 -0.313333704
0.0360412536 -0.311573996
0.0360336105 -0.309814663
0.0360260123 -0.308055701
0.0360184589 -0.306297109
0.0360109504 -0.304538885
0.0360034866 -0.302781025
0.0359960676 -0.301023529
0.0359886932 -0.299266394
0.0359813636 -0.297509618
0.0359740785 -0.295753198
0.0359668381 -0.293997132
0.0359596422 -0.292241419
0.0359524909 -0.290486056
0.035945384 -0.28873104
0.0359383216 -0.286976371
0.0359313037 -0.285222045
0.0359243301 -0.28346806
0.0359174009 -0.281714414
0.035910516 -0.279961106
0.0359036754 -0.278208132
0.035896879 -0.276455491
0.0358901269 -0.274703181
0.035883419 -0.272951199
0.0358767552 -0.271199543
0.0358701356 -0.269448211
0.03586356 -0.267697201
0.0358570285 -0.265946511
0.0358505411 -0.264196139
0.0358440976 -0.262446082
0.0358376982 -0.260696338
0.0358313426 -0.258946906
0.035825031 -0.257197783
0.0358187632 -0.255448966
0.0358125393 -0.253700455
0.0358063592 -0.251952246
0.0358002229 -0.250204337
0.0357941304 -0.248456727
0.0357880816 -0.246709413
0.0357820765 -0.244962393
0.035776115 -0.243215665
0.0357701972 -0.241469227
0.0357643231 -0.239723077
0.0357584925 -0.237977212
0.0357527054 -0.236231631
0.0357469619 -0.234486331
0.0357412619 -0.23274131
0.0357356054 -0.230996566
0.0357299923 -0.229252097
0.0357244227 -0.227507901
0.0357188964 -0.225763976
0.0357134135 -0.224020319
0.035707974 -0.222276929
0.0357025777 -0.220533803
0.0356972248 -0.21879094
0.0356919151 -0.217048336
0.0356866487 -0.215305991
0.0356814255 -0.213563901
0.0356762455 -0.211822066
0.0356711086 -0.210080482
0.0356660149 -0.208339147
0.0356609643 -0.20659806
0.0356559567 -0.204857219
0.0356509923 -0.203116621
0.0356460709 -0.201376264
0.0356411925 -0.199636146
0.0356363571 -0.197896265
0.0356315647 -0.196156619
0.0356268152 -0.194417206
0.0356221087 -0.192678023
0.0356174451 -0.190939069
0.0356128243 -0.189200342
0.0356082465 -0.187461839
0.0356037114 -0.185723559
0.0355992192 -0.183985498
0.0355947698 -0.182247656
0.0355903631 -0.18051003
0.0355859992 -0.178772618
0.0355816781 -0.177035418
0.0355773996 -0.175298427
0.0355731639 -0.173561644
0.0355689708 -0.171825067
0.0355648204 -0.170088694
0.0355607126 -0.168352522
0.0355566474 -0.166616549
0.0355526248 -0.164880774
0.0355486448 -0.163145194
0.0355447074 -0.161409807
0.0355408125 -0.159674611
0.0355369601 -0.157939604
0.0355331502 -0.156204785
0.0355293828 -0.15447015
0.0355256578 -0.152735697
0.0355219753 -0.151001426
0.0355183353 -0.149267333
0.0355147376 -0.147533417
0.0355111824 -0.145799675
0.0355076695 -0.144066106
0.035504199 -0.142332707
0.0355007708 -0.140599477
0.0354973849 -0.138866413
0.0354940414 -0.137133512
0.0354907402 -0.135400774
0.0354874812 -0.133668196
0.0354842645 -0.131935777
0.0354810901 -0.130203513
0.0354779579 -0.128471402
0.0354748679 -0.126739444
0.0354718201 -0.125007635
0.0354688146 -0.123275975
0.0354658512 -0.121544459
0.0354629299 -0.119813088
0.0354600508 -0.118081857
0.0354572139 -0.116350767
0.035454419 -0.114619813
0.0354516663 -0.112888995
0.0354489557 -0.111158311
0.0354462872 -0.109427757
0.0354436607 -0.107697333
0.0354410763 -0.105967036
0.0354385339 -0.104236864
0.0354360336 -0.102506815
0.0354335753 -0.100776887
0.035431159 -0.0990470778
0.0354287847 -0.0973173856
0.0354264523 -0.0955878082
0.035424162 -0.0938583436
0.0354219136 -0.0921289898
0.0354197072 -0.0903997446
0.0354175428 -0.0886706061
0.0354154202 -0.0869415722
0.0354133396 -0.0852126408
0.0354113009 -0.0834838099
0.0354093041 -0.0817550775
0.0354073492 -0.0800264414
0.0354054362 -0.0782978998
0.0354035651 -0.0765694505
0.0354017359 -0.0748410914
0.0353999485 -0.0731128206
0.0353982029 -0.071384636
0.0353964992 -0.0696565356
0.0353948373 -0.0679285172
0.0353932173 -0.066200579
0.0353916391 -0.0644727187
0.0353901027 -0.0627449345
0.0353886081 -0.0610172242
0.0353871553 -0.0592895858
0.0353857443 -0.0575620173
0.035384375 -0.0558345166
0.0353830476 -0.0541070817
0.0353817619 -0.0523797106
0.035380518 -0.0506524012
0.0353793158 -0.0489251515
0.0353781554 -0.0471979594
0.0353770368 -0.0454708229
0.0353759599 -0.04374374
0.0353749247 -0.0420167086
0.0353739313 -0.0402897267
0.0353729796 -0.0385627922
0.0353720696 -0.0368359032
0.0353712013 -0.0351090576
0.0353703748 -0.0333822533
0.03536959 -0.0316554883
0.0353688468 -0.0299287606
0.0353681454 -0.0282020682
0.0353674857 -0.0264754089
0.0353668677 -0.0247487809
0.0353662914 -0.0230221819
0.0353657567 -0.0212956101
0.0353652638 -0.0195690634
0.0353648125 -0.0178425396
0.035364403 -0.0161160369
0.0353640351 -0.0143895532
0.0353637089 -0.0126630864
0.0353634244 -0.0109366345
0.0353631815 -0.00921019543
0.0353629804 -0.00748376722
0.0353628209 -0.00575734781
0.0353627031 -0.00403093516
0.035362627 -0.00230452725
0.0353625925 -0.00057812203
0.0353625997 0.00114828252
0.0353626486 0.00287468844
0.0353627392 0.00460109777
0.0353628714 0.00632751253
0.0353630454 0.00805393476
0.035363261 0.00978036649
0.0353635183 0.0115068098
0.0353638172 0.0132332666
0.0353641579 0.0149597391
0.0353645402 0.0166862291
0.0353649642 0.0184127389
0.0353654299 0.0201392704
0.0353659373 0.0218658256
0.0353664863 0.0235924066
0.0353670771 0.0253190153
0.0353677096 0.027045654
0.0353683838 0.0287723245
0.0353690996 0.0304990289
0.0353698572 0.0322257693
0.0353706565 0.0339525477
0.0353714975 0.0356793661
0.0353723802 0.0374062265
0.0353733046 0.039133131
0.0353742708 0.0408600817
0.0353752787 0.0425870805
0.0353763283 0.0443141295
0.0353774197 0.0460412308
0.0353785528 0.0477683863
0.0353797277 0.0494955981
0.0353809443 0.0512228683
0.0353822027 0.0529501989
0.0353835028 0.0546775919
0.0353848448 0.0564050493
0.0353862285 0.0581325733
0.035387654 0.0598601658
0.0353891213 0.0615878288
0.0353906304 0.0633155645
0.0353921813 0.0650433749
0.035393774 0.0667712619
0.0353954085 0.0684992277
0.0353970849 0.0702272743
0.0353988031 0.0719554036
0.0354005631 0.0736836179
0.035402365 0.075411919
0.0354042088 0.0771403091
0.0354060945 0.0788687902
0.035408022 0.0805973643
0.0354099914 0.0823260335
0.0354120027 0.0840547998
0.0354140559 0.0857836653
0.0354161511 0.087512632
0.0354182881 0.089241702
0.0354204671 0.0909708772
0.0354226881 0.0927001598
0.035424951 0.0944295518
0.0354272559 0.0961590553
0.0354296028 0.0978886722
0.0354319916 0.0996184047
0.0354344225 0.101348255
0.0354368954 0.103078224
0.0354394103 0.104808316
0.0354419672 0.106538531
0.0354445662 0.108268872
0.0354472073 0.109999341
0.0354498904 0.111729939
0.0354526156 0.11346067
0.035455383 0.115191535
0.0354581924 0.116922535
0.035461044 0.118653674
0.0354639377 0.120384953
0.0354668735 0.122116374
0.0354698516 0.12384794
0.0354728718 0.125579652
0.0354759342 0.127311512
0.0354790388 0.129043523
0.0354821856 0.130775686
0.0354853747 0.132508004
0.0354886061 0.134240478
0.0354918797 0.135973112
0.0354951956 0.137705905
0.0354985538 0.139438862
0.0355019543 0.141171984
0.0355053972 0.142905273
0.0355088824 0.14463873
0.03551241 0.146372359
0.03551598 0.148106161
0.0355195923 0.149840138
0.0355232471 0.151574293
0.0355269443 0.153308626
0.035530684 0.155043142
0.0355344662 0.156777841
0.0355382908 0.158512725
0.0355421579 0.160247797
0.0355460676 0.161983059
0.0355500198 0.163718512
0.0355540146 0.16545416
0.035558052 0.167190003
0.0355621319 0.168926045
0.0355662545 0.170662286
0.0355704197 0.17239873
0.0355746276 0.174135378
0.0355788782 0.175872233
0.0355831715 0.177609296
0.0355875075 0.179346569
0.0355918862 0.181084055
0.0355963077 0.182821756
0.035600772 0.184559674
0.035605279 0.18629781
0.0356098289 0.188036168
0.0356144217 0.189774748
0.0356190573 0.191513554
0.0356237359 0.193252587
0.0356284573 0.194991849
0.0356332217 0.196731343
0.035638029 0.19847107
0.0356428793 0.200211033
0.0356477726 0.201951233
0.035652709 0.203691674
0.0356576884 0.205432356
0.0356627109 0.207173282
0.0356677765 0.208914455
0.0356728852 0.210655875
0.035678037 0.212397546
0.035683232 0.21413947
0.0356884703 0.215881648
0.0356937517 0.217624083
0.0356990764 0.219366776
0.0357044444 0.22110973
0.0357098557 0.222852948
0.0357153103 0.22459643
0.0357208082 0.22634018
0.0357263496 0.228084198
0.0357319343 0.229828489
0.0357375625 0.231573053
0.0357432341 0.233317892
0.0357489492 0.23506301
0.0357547079 0.236808407
0.03576051 0.238554087
0.0357663558 0.24030005
0.0357722451 0.2420463
0.0357781781 0.243792839
0.0357841547 0.245539668
0.035790175 0.247286789
0.035796239 0.249034206
0.0358023468 0.250781919
0.0358084983 0.252529932
0.0358146936 0.254278245
0.0358209328 0.256026863
0.0358272158 0.257775785
0.0358335427 0.259525015
0.0358399135 0.261274556
0.0358463283 0.263024408
0.035852787 0.264774574
0.0358592898 0.266525056
0.0358658366 0.268275857
0.0358724275 0.270026978
0.0358790625 0.271778422
0.0358857416 0.273530191
0.0358924649 0.275282286
0.0358992324 0.277034711
0.0359060441 0.278787467
0.0359129002 0.280540557
0.0359198005 0.282293982
0.0359267451 0.284047745
0.0359337342 0.285801848
0.0359407676 0.287556294
0.0359478454 0.289311083
0.0359549678 0.291066219
0.0359621346 0.292821703
0.035969346 0.294577538
0.0359766019 0.296333727
0.0359839025 0.29809027
0.0359912477 0.299847171
0.0359986376 0.301604431
0.0360060722 0.303362053
0.0360135516 0.305120039
0.0360210758 0.30687839
0.0360286447 0.30863711
0.0360362586 0.310396201
0.0360439173 0.312155664
0.036051621 0.313915502
0.0360593697 0.315675717
0.0360671633 0.317436311
0.036075002 0.319197286
0.0360828858 0.320958645
0.0360908148 0.32272039
0.0360987889 0.324482523
0.0361068082 0.326245046
0.0361148727 0.328007961
0.0361229825 0.329771271
0.0361311377 0.331534978
0.0361393382 0.333299084
0.0361475841 0.335063591
0.0361558755 0.336828502
0.0361642123 0.338593818
0.0361725946 0.340359542
0.0361810226 0.342125676
0.0361894961 0.343892223
0.0361980153 0.345659184
0.0362065801 0.347426562
0.0362151907 0.349194359
0.036223847 0.350962578
0.0362325492 0.35273122
0.0362412972 0.354500287
0.0362500912 0.356269783
0.036258931 0.358039709
0.0362678169 0.359810067
0.0362767488 0.36158086
0.0362857267 0.36335209
0.0362947508 0.365123759
0.036303821 0.366895869
0.0363129375 0.368668424
0.0363221002 0.370441424
0.0363313092 0.372214872
0.0363405645 0.373988771
0.0363498662 0.375763123
0.0363592143 0.377537929
0.036368609 0.379313193
0.0363780501 0.381088917
0.0363875378 0.382865102
0.0363970722 0.384641752
0.0364066532 0.386418867
0.0364162809 0.388196452
0.0364259553 0.389974507
0.0364356766 0.391753036
0.0364454447 0.39353204
0.0364552598 0.395311521
0.0364651218 0.397091483
0.0364750307 0.398871927
0.0364849868 0.400652856
0.0364949899 0.402434272
0.0365050402 0.404216177
0.0365151377 0.405998574
0.0365252824 0.407781464
0.0365354744 0.409564851
0.0365457138 0.411348736
0.0365560005 0.413133121
0.0365663347 0.41491801
0.0365767165 0.416703405
0.0365871457 0.418489307
0.0365976226 0.420275719
0.0366081471 0.422062643
0.0366187194 0.423850083
0.0366293394 0.425638039
0.0366400072 0.427426514
0.0366507229 0.429215512
0.0366614865 0.431005033
0.036672298 0.432795081
0.0366831576 0.434585657
0.0366940653 0.436376764
0.0367050211 0.438168405
0.0367160251 0.439960582
0.0367270774 0.441753296
0.0367381779 0.443546552
0.0367493268 0.44534035
0.0367605242 0.447134693
0.03677177 0.448929584
0.0367830643 0.450725024
0.0367944072 0.452521017
0.0368057987 0.454317565
0.0368172389 0.456114669
0.0368287279 0.457912333
0.0368402657 0.459710559
0.0368518523 0.461509349
0.0368634879 0.463308705
0.0368751725 0.465108631
0.0368869061 0.466909127
0.0368986888 0.468710198
0.0369105206 0.470511845
0.0369224017 0.47231407
0.0369343321 0.474116876
0.0369463118 0.475920265
0.0369583409 0.47772424
0.0369704195 0.479528803
0.0369825476 0.481333957
0.0369947252 0.483139704
0.0370069525 0.484946046
0.0370192296 0.486752986
0.0370315563 0.488560527
0.037043933 0.49036867
0.0370563595 0.492177418
0.0370688359 0.493986773
0.0370813624 0.495796739
0.037093939 0.497607317
0.0371065657 0.49941851
0.0371192426 0.50123032
0.0371319698 0.50304275
0.0371447473 0.504855803
0.0371575753 0.50666948
0.0371704537 0.508483784
0.0371833826 0.510298718
0.0371963621 0.512114283
0.0372093923 0.513930484
0.0372224733 0.515747321
0.037235605 0.517564798
0.0372487876 0.519382917
0.0372620211 0.52120168
0.0372753057 0.523021091
0.0372886413 0.52484115
0.037302028 0.526661862
0.0373154659 0.528483228
0.0373289552 0.530305251
0.0373424957 0.532127934
0.0373560877 0.533951278
0.0373697311 0.535775287
0.0373834261 0.537599963
0.0373971727 0.539425308
0.037410971 0.541251325
0.0374248211 0.543078017
0.037438723 0.544905386
0.0374526768 0.546733435
0.0374666826 0.548562165
0.0374807404 0.55039158
0.0374948504 0.552221683
0.0375090125 0.554052475
0.0375232269 0.555883959
0.0375374936 0.557716139
0.0375518128 0.559549015
0.0375661844 0.561382592
0.0375806086 0.563216871
0.0375950855 0.565051855
0.037609615 0.566887547
0.0376241974 0.56872395
0.0376388326 0.570561064
0.0376535207 0.572398895
0.0376682618 0.574237443
0.0376830561 0.576076712
0.0376979035 0.577916704
0.0377128041 0.579757422
0.037727758 0.581598868
0.0377427654 0.583441045
0.0377578262 0.585283955
0.0377729406 0.587127602
0.0377881086 0.588971987
0.0378033303 0.590817114
0.0378186058 0.592662985
0.0378339352 0.594509603
0.0378493185 0.59635697
0.0378647559 0.598205088
0.0378802474 0.600053962
0.037895793 0.601903592
0.037911393 0.603753982
0.0379270472 0.605605135
0.037942756 0.607457053
0.0379585192 0.609309739
0.037974337 0.611163195
0.0379902096 0.613017424
0.0380061369 0.61487243
0.038022119 0.616728213
0.0380381561 0.618584778
0.0380542482 0.620442126
0.0380703954 0.622300261
0.0380865977 0.624159186
0.0381028554 0.626018902
0.0381191684 0.627879413
0.0381355369 0.629740721
0.0381519608 0.631602829
0.0381684405 0.633465739
0.0381849758 0.635329456
0.0382015669 0.63719398
0.0382182139 0.639059315
0.0382349168 0.640925464
0.0382516758 0.642792429
0.038268491 0.644660214
0.0382853624 0.64652882
0.0383022901 0.64839825
0.0383192742 0.650268508
0.0383363148 0.652139596
0.038353412 0.654011517
0.0383705659 0.655884273
0.0383877766 0.657757868
0.0384050442 0.659632304
0.0384223687 0.661507584
0.0384397503 0.66338371
0.038457189 0.665260686
0.0384746849 0.667138515
0.0384922382 0.669017198
0.0385098489 0.670896739
0.0385275171 0.672777141
0.038545243 0.674658406
0.0385630265 0.676540537
0.0385808678 0.678423538
0.0385987671 0.680307411
0.0386167243 0.682192158
0.0386347397 0.684077783
0.0386528132 0.685964288
0.038670945 0.687851677
0.0386891352 0.689739951
0.0387073839 0.691629115
0.0387256912 0.69351917
0.0387440571 0.69541012
0.0387624818 0.697301968
0.0387809654 0.699194716
0.038799508 0.701088367
0.0388181096 0.702982924
0.0388367705 0.704878391
0.0388554906 0.706774769
0.0388742701 0.708672062
0.038893109 0.710570273
0.0389120076 0.712469405
0.0389309658 0.71436946
0.0389499839 0.716270441
0.0389690618 0.718172352
0.0389881997 0.720075196
0.0390073978 0.721978974
0.039026656 0.723883691
0.0390459745 0.725789348
0.0390653535 0.72769595
0.039084793 0.729603499
0.0391042931 0.731511997
0.0391238539 0.733421449
0.0391434756 0.735331856
0.0391631583 0.737243223
0.039182902 0.739155551
0.0392027068 0.741068844
0.039222573 0.742983104
0.0392425005 0.744898336
0.0392624895 0.746814541
0.0392825401 0.748731723
0.0393026524 0.750649885
0.0393228266 0.752569029
0.0393430627 0.75448916
0.0393633608 0.756410279
0.0393837211 0.75833239
0.0394041437 0.760255496
0.0394246286 0.7621796
0.0394451761 0.764104705
0.0394657862 0.766030814
0.0394864589 0.76795793
0.0395071946 0.769886056
0.0395279932 0.771815196
0.0395488548 0.773745352
0.0395697796 0.775676527
0.0395907678 0.777608725
0.0396118194 0.779541948
0.0396329345 0.7814762
0.0396541132 0.783411483
0.0396753557 0.785347802
0.0396966622 0.787285158
0.0397180326 0.789223556
0.0397394671 0.791162998
0.039760966 0.793103487
0.0397825291 0.795045027
0.0398041568 0.79698762
0.0398258491 0.79893127
0.0398476061 0.80087598
0.039869428 0.802821753
0.0398913148 0.804768593
0.0399132668 0.806716501
0.039935284 0.808665483
0.0399573665 0.81061554
0.0399795145 0.812566676
0.0400017281 0.814518895
0.0400240074 0.816472199
0.0400463526 0.818426591
0.0400687638 0.820382075
0.040091241 0.822338655
0.0401137845 0.824296332
0.0401363943 0.826255111
0.0401590707 0.828214995
0.0401818136 0.830175987
0.0402046233 0.83213809
0.0402274999 0.834101308
0.0402504435 0.836065643
0.0402734542 0.838031099
0.0402965322 0.83999768
0.0403196776 0.841965388
0.0403428905 0.843934227
0.040366171 0.845904201
0.0403895194 0.847875311
0.0404129357 0.849847563
0.0404364201 0.851820959
0.0404599726 0.853795502
0.0404835935 0.855771196
0.0405072829 0.857748044
0.0405310409 0.859726049
0.0405548676 0.861705216
0.0405787632 0.863685546
0.0406027278 0.865667044
0.0406267616 0.867649713
0.0406508647 0.869633556
0.0406750372 0.871618577
0.0406992793 0.873604779
0.040723591 0.875592165
0.0407479727 0.877580739
0.0407724243 0.879570505
0.0407969461 0.881561465
0.0408215382 0.883553623
0.0408462007 0.885546982
0.0408709337 0.887541547
0.0408957375 0.88953732
0.0409206121 0.891534305
0.0409455577 0.893532505
0.0409705745 0.895531924
0.0409956626 0.897532565
0.0410208221 0.899534432
0.0410460532 0.901537528
0.041071356 0.903541857
0.0410967307 0.905547423
0.0411221774 0.907554228
0.0411476963 0.909562276
0.0411732876 0.911571571
0.0411989513 0.913582116
0.0412246877 0.915593915
0.0412504968 0.917606972
0.0412763789 0.919621289
0.0413023341 0.921636871
0.0413283625 0.923653721
0.0413544643 0.925671843
0.0413806396 0.92769124
0.0414068887 0.929711915
0.0414332116 0.931733874
0.0414596086 0.933757118
0.0414860797 0.935781652
0.0415126251 0.937807479
0.0415392451 0.939834603
0.0415659397 0.941863028
0.0415927091 0.943892757
0.0416195534 0.945923793
0.0416464729 0.947956141
0.0416734677 0.949989805
0.0417005379 0.952024787
0.0417276838 0.954061091
0.0417549054 0.956098722
0.041782203 0.958137683
0.0418095766 0.960177977
0.0418370265 0.962219609
0.0418645529 0.964262582
0.0418921558 0.9663069
0.0419198356 0.968352566
0.0419475922 0.970399584
0.041975426 0.972447959
0.042003337 0.974497693
0.0420313254 0.976548791
0.0420593915 0.978601256
0.0420875353 0.980655093
0.0421157571 0.982710304
0.042144057 0.984766894
0.0421724351 0.986824866
0.0422008918 0.988884226
0.0422294271 0.990944975
0.0422580411 0.993007118
0.0422867342 0.995070659
0.0423155064 0.997135602
0.042344358 0.999201951
0.0423732891 1.00126971
0.0424022998 1.00333888
0.0424313904 1.00540947
0.0424605611 1.00748148
0.042489812 1.00955491
0.0425191433 1.01162978
0.0425485552 1.01370607
0.0425780478 1.01578381
0.0426076214 1.01786298
0.0426372761 1.0199436
0.0426670122 1.02202567
0.0426968297 1.02410919
0.0427267289 1.02619417
0.04275671 1.02828061
0.0427867731 1.03036851
0.0428169185 1.03245788
0.0428471463 1.03454872
0.0428774567 1.03664105
0.0429078499 1.03873485
0.0429383261 1.04083013
0.0429688854 1.04292691
0.0429995282 1.04502518
0.0430302545 1.04712494
0.0430610646 1.04922621
0.0430919586 1.05132898
0.0431229367 1.05343326
0.0431539992 1.05553905
0.0431851463 1.05764636
0.043216378 1.0597552
0.0432476947 1.06186555
0.0432790965 1.06397744
0.0433105836 1.06609086
0.0433421563 1.06820583
0.0433738146 1.07032233
0.0434055589 1.07244038
0.0434373893 1.07455998
0.043469306 1.07668113
0.0435013092 1.07880385
0.0435333992 1.08092812
0.0435655761 1.08305397
0.0435978401 1.08518139
0.0436301915 1.08731038
0.0436626304 1.08944095
0.0436951571 1.09157311
0.0437277717 1.09370686
0.0437604745 1.0958422
0.0437932657 1.09797914
0.0438261455 1.10011768
0.043859114 1.10225782
0.0438921716 1.10439958
0.0439253184 1.10654295
0.0439585547 1.10868794
0.0439918806 1.11083455
0.0440252963 1.1129828
0.0440588022 1.11513267
0.0440923983 1.11728418
0.044126085 1.11943734
0.0441598624 1.12159213
0.0441937307 1.12374858
0.0442276902 1.12590668
0.0442617411 1.12806644
0.0442958837 1.13022787
0.044330118 1.13239096
0.0443644445 1.13455573
0.0443988632 1.13672217
0.0444333744 1.13889029
0.0444679784 1.1410601
0.0445026753 1.1432316
0.0445374654 1.14540479
0.0445723489 1.14757969
0.0446073261 1.14975628
0.0446423971 1.15193459
0.0446775623 1.15411461
0.0447128217 1.15629635
0.0447481758 1.15847981
0.0447836247 1.16066499
0.0448191685 1.16285191
0.0448548077 1.16504057
0.0448905424 1.16723096
0.0449263728 1.1694231
0.0449622992 1.17161699
0.0449983219 1.17381264
0.0450344409 1.17601004
0.0450706567 1.17820921
0.0451069695 1.18041015
0.0451433794 1.18261287
0.0451798867 1.18481736
0.0452164918 1.18702363
0.0452531947 1.18923169
0.0452899958 1.19144155
0.0453268953 1.1936532
0.0453638935 1.19586666
0.0454009906 1.19808192
0.0454381868 1.200299
0.0454754825 1.20251789
0.0455128778 1.2047386
0.045550373 1.20696114
0.0455879684 1.20918551
0.0456256642 1.21141172
0.0456634607 1.21363977
0.0457013581 1.21586967
0.0457393567 1.21810142
0.0457774567 1.22033502
0.0458156585 1.22257048
0.0458539622 1.22480781
0.0458923681 1.22704701
0.0459308766 1.22928809
0.0459694878 1.23153105
0.046008202 1.23377589
0.0460470195 1.23602263
0.0460859405 1.23827126
0.0461249654 1.24052179
0.0461640943 1.24277423
0.0462033276 1.24502858
0.0462426656 1.24728485
0.0462821084 1.24954304
0.0463216564 1.25180315
0.0463613098 1.2540652
0.046401069 1.25632918
0.0464409341 1.25859511
0.0464809055 1.26086298
0.0465209835 1.2631328
0.0465611683 1.26540459
0.0466014602 1.26767833
0.0466418595 1.26995405
0.0466823664 1.27223173
0.0467229813 1.2745114
0.0467637044 1.27679305
0.0468045361 1.27907669
0.0468454766 1.28136232
0.0468865261 1.28364995
0.0469276851 1.28593959
0.0469689537 1.28823124
0.0470103323 1.2905249
0.0470518211 1.29282059
0.0470934205 1.2951183
0.0471351307 1.29741804
0.0471769521 1.29971982
0.0472188849 1.30202364
0.0472609294 1.30432952
0.047303086 1.30663744
0.0473453549 1.30894743
0.0473877364 1.31125947
0.0474302309 1.31357359
0.0474728386 1.31588979
0.0475155598 1.31820806
0.0475583949 1.32052843
0.0476013442 1.32285088
0.0476444079 1.32517543
0.0476875864 1.32750209
0.0477308799 1.32983086
0.0477742889 1.33216173
0.0478178135 1.33449473
0.0478614542 1.33682986
0.0479052112 1.33916712
0.0479490849 1.34150651
0.0479930755 1.34384805
0.0480371835 1.34619174
0.048081409 1.34853758
0.0481257525 1.35088558
0.0481702142 1.35323574
0.0482147945 1.35558808
0.0482594937 1.3579426
0.0483043122 1.3602993
0.0483492501 1.36265819
0.048394308 1.36501927
0.0484394861 1.36738255
0.0484847848 1.36974804
0.0485302043 1.37211575
0.048575745 1.37448567
0.0486214073 1.37685781
0.0486671915 1.37923219
0.0487130979 1.3816088
0.0487591269 1.38398765
0.0488052788 1.38636876
0.0488515539 1.38875211
0.0488979527 1.39113773
0.0489444753 1.39352561
0.0489911223 1.39591577
0.0490378938 1.3983082
0.0490847904 1.40070292
0.0491318123 1.40309993
0.0491789599 1.40549924
0.0492262335 1.40790084
0.0492736335 1.41030476
0.0493211602 1.41271099
0.0493688141 1.41511955
0.0494165954 1.41753043
0.0494645045 1.41994364
0.0495125418 1.4223592
0.0495607077 1.4247771
0.0496090025 1.42719735
0.0496574265 1.42961996
0.0497059802 1.43204494
0.0497546639 1.43447229
0.049803478 1.43690202
0.0498524229 1.43933413
0.0499014989 1.44176863
0.0499507063 1.44420553
0.0500000457 1.44664483
0.0500495173 1.44908654
0.0500991216 1.45153067
0.0501488588 1.45397722
0.0501987295 1.4564262
0.050248734 1.45887761
0.0502988726 1.46133147
0.0503491458 1.46378778
0.0503995539 1.46624654
0.0504500974 1.46870776
0.0505007765 1.47117145
0.0505515918 1.47363762
0.0506025436 1.47610627
0.0506536324 1.47857741
0.0507048584 1.48105104
0.0507562221 1.48352717
0.050807724 1.48600582
0.0508593643 1.48848698
0.0509111436 1.49097066
0.0509630622 1.49345687
0.0510151205 1.49594561
0.0510673189 1.4984369
0.0511196579 1.50093074
0.0511721379 1.50342713
0.0512247592 1.50592609
0.0512775223 1.50842762
0.0513304276 1.51093172
0.0513834756 1.51343841
0.0514366666 1.51594769
0.051490001 1.51845956
0.0515434794 1.52097404
0.0515971021 1.52349114
0.0516508695 1.52601085
0.0517047821 1.52853319
0.0517588403 1.53105816
0.0518130446 1.53358577
0.0518673953 1.53611603
0.0519218929 1.53864894
0.0519765379 1.54118451
0.0520313307 1.54372276
0.0520862717 1.54626368
0.0521413614 1.54880728
0.0521966002 1.55135357
0.0522519885 1.55390256
0.0523075269 1.55645426
0.0523632158 1.55900867
0.0524190556 1.5615658
0.0524750467 1.56412565
0.0525311897 1.56668824
0.052587485 1.56925357
0.052643933 1.57182165
0.0527005343 1.57439249
0.0527572892 1.57696609
0.0528141982 1.57954247
0.0528712619 1.58212162
0.0529284807 1.58470356
0.052985855 1.5872883
0.0530433853 1.58987583
0.0531010721 1.59246618
0.0531589159 1.59505934
0.0532169172 1.59765533
0.0532750764 1.60025415
0.053333394 1.60285581
0.0533918705 1.60546032
0.0534505065 1.60806769
0.0535093023 1.61067792
0.0535682585 1.61329102
0.0536273755 1.615907
0.053686654 1.61852587
0.0537460943 1.62114763
0.0538056969 1.62377229
0.0538654625 1.62639987
0.0539253913 1.62903036
0.0539854841 1.63166379
0.0540457413 1.63430014
0.0541061633 1.63693944
0.0541667508 1.63958169
0.0542275041 1.6422269
0.054288424 1.64487507
0.0543495107 1.64752622
0.054410765 1.65018036
0.0544721872 1.65283748
0.054533778 1.65549761
0.0545955378 1.65816074
0.0546574672 1.66082689
0.0547195668 1.66349606
0.054781837 1.66616827
0.0548442783 1.66884352
0.0549068914 1.67152181
0.0549696768 1.67420317
0.0550326349 1.67688759
0.0550957665 1.67957509
0.0551590719 1.68226566
0.0552225518 1.68495933
0.0552862067 1.6876561
0.0553500371 1.69035598
0.0554140437 1.69305898
0.0554782269 1.6957651
0.0555425874 1.69847436
0.0556071257 1.70118675
0.0556718423 1.70390231
0.055736738 1.70662102
0.0558018131 1.7093429
0.0558670683 1.71206796
0.0559325041 1.7147962
0.0559981212 1.71752764
0.0560639202 1.72026229
0.0561299015 1.72300015
0.0561960658 1.72574123
0.0562624137 1.72848554
0.0563289458 1.73123309
0.0563956627 1.73398389
0.0564625649 1.73673795
0.0565296531 1.73949528
0.0565969278 1.74225588
0.0566643898 1.74501977
0.0567320395 1.74778695
0.0567998775 1.75055743
0.0568679046 1.75333123
0.0569361213 1.75610835
0.0570045282 1.75888881
0.057073126 1.7616726
0.0571419152 1.76445974
0.0572108966 1.76725024
0.0572800707 1.77004411
0.0573494381 1.77284136
0.0574189995 1.775642
0.0574887555 1.77844603
0.0575587068 1.78125347
0.0576288541 1.78406433
0.0576991978 1.78687861
0.0577697388 1.78969632
0.0578404776 1.79251748
0.0579114149 1.7953421
0.0579825514 1.79817018
0.0580538877 1.80100173
0.0581254245 1.80383677
0.0581971624 1.8066753
0.0582691021 1.80951733
0.0583412443 1.81236288
0.0584135897 1.81521195
0.0584861389 1.81806455
0.0585588926 1.82092069
0.0586318515 1.82378039
0.0587050163 1.82664365
0.0587783877 1.82951049
0.0588519663 1.8323809
0.0589257528 1.83525491
0.058999748 1.83813252
0.0590739526 1.84101375
0.0591483672 1.8438986
0.0592229925 1.84678708
0.0592978294 1.84967921
0.0593728784 1.85257499
0.0594481403 1.85547444
0.0595236158 1.85837756
0.0595993057 1.86128437
0.0596752106 1.86419487
0.0597513313 1.86710908
0.0598276686 1.87002701
0.0599042231 1.87294866
0.0599809956 1.87587405
0.0600579869 1.8788032
0.0601351976 1.8817361
0.0602126286 1.88467277
0.0602902805 1.88761322
0.0603681542 1.89055747
0.0604462504 1.89350551
0.0605245699 1.89645737
0.0606031134 1.89941306
0.0606818817 1.90237258
0.0607608755 1.90533595
0.0608400957 1.90830317
0.0609195431 1.91127426
0.0609992183 1.91424924
0.0610791222 1.9172281
0.0611592556 1.92021086
0.0612396193 1.92319754
0.0613202141 1.92618814
0.0614010407 1.92918268
0.0614821 1.93218116
0.0615633928 1.93518361
0.0616449199 1.93819002
0.0617266821 1.94120041
0.0618086802 1.94421479
0.0618909151 1.94723318
0.0619733876 1.95025559
0.0620560984 1.95328202
0.0621390485 1.95631249
0.0622222387 1.95934701
0.0623056699 1.96238559
0.0623893427 1.96542825
0.0624732582 1.96847499
0.0625574172 1.97152583
0.0626418205 1.97458078
0.062726469 1.97763985
0.0628113635 1.98070306
0.062896505 1.98377041
0.0629818942 1.98684191
0.0630675322 1.98991759
0.0631534196 1.99299745
0.0632395575 1.9960815
0.0633259468 1.99916976
0.0634125882 2.00226223
0.0634994828 2.00535894
0.0635866314 2.00845989
0.0636740349 2.01156509
0.0637616942 2.01467456
0.0638496103 2.01778832
0.063937784 2.02090636
0.0640262163 2.02402871
0.0641149082 2.02715538
0.0642038605 2.03028638
0.0642930741 2.03342172
0.0643825501 2.03656142
0.0644722893 2.03970549
0.0645622928 2.04285394
0.0646525614 2.04600679
0.0647430961 2.04916404
0.0648338979 2.05232571
0.0649249678 2.05549181
0.0650163067 2.05866237
0.0651079155 2.06183738
0.0651997954 2.06501687
0.0652919472 2.06820084
0.0653843719 2.07138931
0.0654770706 2.07458229
0.0655700442 2.0777798
0.0656632938 2.08098185
0.0657568203 2.08418845
0.0658506248 2.08739962
0.0659447083 2.09061537
0.0660390717 2.09383572
0.0661337162 2.09706067
0.0662286428 2.10029024
0.0663238524 2.10352445
0.0664193462 2.1067633
0.0665151252 2.11000682
0.0666111904 2.11325501
0.0667075429 2.1165079
0.0668041838 2.11976549
0.0669011141 2.1230278
0.0669983349 2.12629484
0.0670958472 2.12956662
0.0671936522 2.13284317
0.067291751 2.1361245
0.0673901445 2.13941061
0.0674888341 2.14270153
0.0675878206 2.14599726
0.0676871053 2.14929783
0.0677866892 2.15260325
0.0678865736 2.15591353
0.0679867594 2.15922868
0.0680872478 2.16254873
0.06818804 2.16587368
0.0682891371 2.16920356
0.0683905403 2.17253837
0.0684922507 2.17587813
0.0685942694 2.17922286
0.0686965976 2.18257257
0.0687992366 2.18592727
0.0689021874 2.18928699
0.0690054512 2.19265173
0.0691090293 2.19602151
0.0692129228 2.19939635
0.069317133 2.20277627
0.0694216609 2.20616127
0.0695265079 2.20955137
0.0696316751 2.2129466
0.0697371638 2.21634696
0.0698429752 2.21975246
0.0699491105 2.22316314
0.070055571 2.226579
0.0701623579 2.23000005
0.0702694724 2.23342632
0.0703769159 2.23685782
0.0704846895 2.24029456
0.0705927947 2.24373656
0.0707012325 2.24718385
0.0708100043 2.25063642
0.0709191115 2.25409431
0.0710285552 2.25755753
0.0711383368 2.26102608
0.0712484577 2.2645
0.071358919 2.26797929
0.0714697222 2.27146398
0.0715808686 2.27495408
0.0716923594 2.2784496
0.0718041961 2.28195057
0.07191638 2.28545699
0.0720289124 2.28896889
0.0721417947 2.29248629
0.0722550283 2.2960092
0.0723686145 2.29953763
0.0724825548 2.30307161
0.0725968505 2.30661116
0.0727115029 2.31015628
0.0728265136 2.313707
0.0729418839 2.31726334
0.0730576153 2.32082531
0.0731737091 2.32439293
0.0732901668 2.32796621
0.0734069898 2.33154518
0.0735241796 2.33512986
0.0736417376 2.33872026
0.0737596653 2.34231639
0.0738779642 2.34591828
0.0739966356 2.34952595
0.0741156812 2.35313941
0.0742351024 2.35675869
0.0743549007 2.36038379
0.0744750776 2.36401474
0.0745956346 2.36765156
0.0747165732 2.37129426
0.074837895 2.37494287
0.0749596015 2.3785974
0.0750816942 2.38225788
0.0752041748 2.38592431
0.0753270446 2.38959672
0.0754503054 2.39327513
0.0755739587 2.39695956
0.0756980061 2.40065002
0.0758224491 2.40434654
0.0759472895 2.40804914
0.0760725287 2.41175783
0.0761981683 2.41547263
0.0763242102 2.41919357
0.0764506557 2.42292066
0.0765775067 2.42665392
0.0767047647 2.43039338
0.0768324314 2.43413904
0.0769605085 2.43789094
0.0770889977 2.4416491
0.0772179005 2.44541352
0.0773472188 2.44918424
0.0774769543 2.45296127
0.0776071086 2.45674463
0.0777376834 2.46053435
0.0778686805 2.46433044
0.0780001017 2.46813293
0.0781319486 2.47194183
0.0782642231 2.47575717
0.0783969269 2.47957896
0.0785300618 2.48340723
0.0786636295 2.487242
0.0787976319 2.4910833
0.0789320707 2.49493113
0.0790669478 2.49878553
0.079202265 2.50264651
0.0793380242 2.50651409
0.0794742271 2.51038831
0.0796108756 2.51426917
0.0797479716 2.5181567
0.079885517 2.52205092
0.0800235136 2.52595186
0.0801619633 2.52985954
0.0803008681 2.53377397
0.0804402298 2.53769518
0.0805800503 2.5416232
0.0807203317 2.54555804
0.0808610758 2.54949973
0.0810022846 2.55344829
0.08114396 2.55740374
0.0812861041 2.56136611
0.0814287188 2.56533541
0.0815718061 2.56931168
0.081715368 2.57329493
0.0818594066 2.5772852
0.0820039238 2.58128249
0.0821489217 2.58528683
0.0822944023 2.58929825
0.0824403678 2.59331678
0.0825868201 2.59734243
0.0827337614 2.60137522
0.0828811938 2.6054152
0.0830291193 2.60946236
0.0831775401 2.61351675
0.0833264584 2.61757838
0.0834758761 2.62164728
0.0836257956 2.62572348
0.083776219 2.62980699
0.0839271484 2.63389784
0.084078586 2.63799606
0.0842305341 2.64210168
0.0843829948 2.6462147
0.0845359704 2.65033518
0.0846894631 2.65446311
0.0848434751 2.65859854
0.0849980088 2.66274149
0.0851530663 2.66689198
0.0853086501 2.67105004
0.0854647623 2.67521569
0.0856214053 2.67938897
0.0857785814 2.68356988
0.0859362929 2.68775847
0.0860945423 2.69195476
0.0862533318 2.69615877
0.0864126639 2.70037053
0.0865725408 2.70459007
0.0867329652 2.70881741
0.0868939392 2.71305259
0.0870554655 2.71729562
0.0872175463 2.72154653
0.0873801843 2.72580535
0.0875433818 2.73007211
0.0877071413 2.73434684
0.0878714654 2.73862956
0.0880363566 2.7429203
0.0882018173 2.74721909
0.0883678501 2.75152595
0.0885344576 2.75584092
0.0887016423 2.76016402
0.0888694069 2.76449527
0.0890377539 2.76883472
0.089206686 2.77318238
0.0893762057 2.77753829
0.0895463158 2.78190247
0.0897170188 2.78627496
0.0898883175 2.79065577
0.0900602146 2.79504495
0.0902327127 2.79944251
0.0904058145 2.8038485
0.0905795229 2.80826293
0.0907538405 2.81268584
0.0909287702 2.81711725
0.0911043146 2.82155721
0.0912804767 2.82600573
0.0914572592 2.83046285
0.091634665 2.8349286
0.0918126968 2.839403
0.0919913577 2.8438861
0.0921706504 2.84837791
0.0923505779 2.85287848
0.092531143 2.85738782
0.0927123487 2.86190598
0.092894198 2.86643298
0.0930766938 2.87096885
0.0932598391 2.87551364
0.0934436369 2.88006736
0.0936280902 2.88463005
0.0938132021 2.88920174
0.0939989755 2.89378246
0.0941854137 2.89837225
0.0943725197 2.90297114
0.0945602965 2.90757916
0.0947487473 2.91219635
0.0949378753 2.91682273
0.0951276836 2.92145834
0.0953181754 2.92610321
0.0955093539 2.93075738
0.0957012223 2.93542088
0.0958937839 2.94009375
0.0960870419 2.94477601
0.0962809996 2.9494677
0.0964756603 2.95416885
0.0966710273 2.95887951
0.0968671039 2.9635997
0.0970638936 2.96832946
0.0972613996 2.97306882
0.0974596254 2.97781782
0.0976585744 2.98257649
0.09785825 2.98734487
0.0980586557 2.99212299
0.098259795 2.9969109
0.0984616713 3.00170862
0.0986642883 3.00651619
0.0988676493 3.01133365
0.0990717581 3.01616103
0.0992766181 3.02099837
0.0994822331 3.02584571
0.0996886065 3.03070308
0.0998957421 3.03557052
0.100103644 3.04044807
0.100312315 3.04533576
0.100521759 3.05023364
0.10073198 3.05514174
0.100942982 3.06006009
0.101154769 3.06498874
0.101367343 3.06992773
0.101580711 3.07487708
0.101794874 3.07983685
0.102009837 3.08480707
0.102225604 3.08978778
0.102442178 3.09477902
0.102659565 3.09978082
0.102877767 3.10479323
0.103096788 3.10981629
0.103316634 3.11485003
0.103537307 3.11989451
0.103758812 3.12494975
0.103981153 3.13001579
0.104204334 3.13509269
0.104428359 3.14018048
0.104653233 3.14527919
0.104878959 3.15038888
0.105105542 3.15550958
0.105332986 3.16064134
0.105561296 3.1657842
0.105790475 3.17093819
0.106020529 3.17610337
0.10625146 3.18127977
0.106483275 3.18646744
0.106715977 3.19166642
0.10694957 3.19687675
0.107184059 3.20209848
0.10741945 3.20733165
0.107655745 3.2125763
0.10789295 3.21783249
0.108131069 3.22310025
0.108370108 3.22837962
0.10861007 3.23367066
0.10885096 3.2389734
0.109092783 3.2442879
0.109335544 3.24961419
0.109579247 3.25495233
0.109823898 3.26030236
0.110069501 3.26566433
0.110316061 3.27103827
0.110563583 3.27642425
0.110812071 3.2818223
0.111061532 3.28723248
0.111311969 3.29265482
0.111563388 3.29808939
0.111815793 3.30353621
0.112069191 3.30899536
0.112323586 3.31446686
0.112578983 3.31995078
0.112835387 3.32544715
0.113092804 3.33095604
0.113351239 3.33647748
0.113610697 3.34201153
0.113871183 3.34755823
0.114132703 3.35311765
0.114395263 3.35868982
0.114658867 3.3642748
0.114923521 3.36987264
0.115189231 3.37548339
0.115456002 3.3811071
0.11572384 3.38674383
0.11599275 3.39239362
0.116262739 3.39805653
0.11653381 3.40373261
0.116805972 3.40942191
0.117079228 3.41512449
0.117353586 3.4208404
0.11762905 3.4265697
0.117905627 3.43231243
0.118183323 3.43806865
0.118462143 3.44383842
0.118742093 3.44962178
0.119023181 3.45541881
0.119305411 3.46122954
0.11958879 3.46705404
0.119873323 3.47289237
0.120159018 3.47874457
0.120445881 3.48461071
0.120733917 3.49049084
0.121023133 3.49638503
0.121313535 3.50229331
0.12160513 3.50821577
0.121897925 3.51415244
0.122191925 3.5201034
0.122487138 3.5260687
0.122783569 3.5320484
0.123081226 3.53804255
0.123380115 3.54405123
0.123680244 3.55007448
0.123981618 3.55611237
0.124284244 3.56216496
0.12458813 3.56823231
0.124893282 3.57431448
0.125199708 3.58041154
0.125507414 3.58652354
0.125816407 3.59265054
0.126126695 3.59879262
0.126438284 3.60494983
0.126751182 3.61112224
0.127065396 3.61730991
0.127380934 3.62351291
0.127697803 3.62973129
0.128016009 3.63596513
0.128335562 3.64221448
0.128656467 3.64847942
0.128978733 3.65476001
0.129302368 3.66105632
0.129627379 3.66736841
0.129953773 3.67369635
0.130281559 3.68004021
0.130610744 3.68640006
0.130941337 3.69277595
0.131273345 3.69916797
0.131606776 3.70557619
0.131941639 3.71200066
0.132277941 3.71844146
0.13261569 3.72489866
0.132954896 3.73137233
0.133295565 3.73786255
0.133637707 3.74436937
0.13398133 3.75089289
0.134326443 3.75743315
0.134673053 3.76399025
0.13502117 3.77056425
0.135370803 3.77715523
0.135721959 3.78376325
0.136074648 3.7903884
0.136428878 3.79703074
0.136784659 3.80369036
0.137142 3.81036733
0.137500909 3.81706172
0.137861396 3.82377361
0.138223469 3.83050308
0.138587139 3.8372502
0.138952414 3.84401506
0.139319304 3.85079773
0.139687818 3.85759828
0.140057966 3.86441681
0.140429757 3.87125338
0.140803202 3.87810808
0.141178309 3.88498099
0.141555088 3.89187219
0.141933551 3.89878176
0.142313705 3.90570978
0.142695562 3.91265634
0.143079132 3.91962151
0.143464424 3.92660538
0.143851449 3.93360805
0.144240218 3.94062957
0.14463074 3.94767006
0.145023026 3.95472958
0.145417087 3.96180823
0.145812934 3.96890609
0.146210577 3.97602325
0.146610027 3.98315979
0.147011294 3.99031581
0.147414391 3.99749139
0.147819327 4.00468663
0.148226114 4.0119016
0.148634764 4.0191364
0.149045287 4.02639113
0.149457695 4.03366587
0.149871999 4.04096071
0.150288212 4.04827575
0.150706344 4.05561108
0.151126407 4.0629668
0.151548414 4.07034299
0.151972376 4.07773975
0.152398305 4.08515718
0.152826213 4.09259537
0.153256113 4.10005442
0.153688017 4.10753442
0.154121937 4.11503548
0.154557886 4.12255769
0.154995876 4.13010115
0.15543592 4.13766596
0.155878031 4.14525221
0.156322221 4.15286002
0.156768504 4.16048948
0.157216894 4.16814069
0.157667402 4.17581375
0.158120042 4.18350878
0.158574828 4.19122586
0.159031773 4.19896511
0.159490892 4.20672663
0.159952196 4.21451053
0.160415701 4.22231692
0.160881421 4.23014589
0.161349369 4.23799756
0.161819559 4.24587204
0.162292007 4.25376943
0.162766725 4.26168985
0.16324373 4.2696334
0.163723035 4.2776002
0.164204655 4.28559036
0.164688605 4.29360399
0.1651749 4.30164121
0.165663555 4.30970212
0.166154586 4.31778685
0.166648007 4.3258955
0.167143835 4.33402821
0.167642085 4.34218507
0.168142772 4.35036621
0.168645912 4.35857175
0.169151522 4.36680181
0.169659617 4.37505651
0.170170215 4.38333597
0.17068333 4.3916403
0.17119898 4.39996964
0.171717182 4.40832411
0.172237951 4.41670382
0.172761306 4.42510891
0.173287263 4.4335395
0.17381584 4.44199572
0.174347053 4.45047769
0.174880921 4.45898555
0.17541746 4.46751941
0.175956689 4.47607942
0.176498626 4.4846657
0.177043289 4.49327838
0.177590696 4.5019176
0.178140865 4.51058349
0.178693816 4.51927619
0.179249566 4.52799582
0.179808135 4.53674253
0.180369541 4.54551645
0.180933805 4.55431772
0.181500944 4.56314648
0.18207098 4.57200286
0.182643931 4.58088702
0.183219817 4.58979909
0.183798659 4.59873921
0.184380476 4.60770753
0.184965289 4.61670419
0.185553119 4.62572934
0.186143986 4.63478313
0.186737911 4.64386569
0.187334916 4.65297719
0.187935021 4.66211777
0.188538248 4.67128757
0.189144619 4.68048676
0.189754156 4.68971548
0.19036688 4.6989739
0.190982813 4.70826215
0.191601979 4.71758041
0.1922244 4.72692882
0.192850099 4.73630755
0.193479098 4.74571675
0.194111421 4.75515658
0.194747091 4.76462721
0.195386132 4.7741288
0.196028568 4.78366152
0.196674423 4.79322551
0.197323721 4.80282096
0.197976486 4.81244804
0.198632744 4.8221069
0.199292519 4.83179771
0.199955836 4.84152066
0.200622721 4.85127591
0.201293199 4.86106363
0.201967297 4.870884
0.202645039 4.8807372
0.203326454 4.8906234
0.204011566 4.90054278
0.204700403 4.91049551
0.205392992 4.92048179
0.206089361 4.93050179
0.206789536 4.94055569
0.207493545 4.95064369
0.208201418 4.96076596
0.20891318 4.9709227
0.209628863 4.98111409
0.210348493 4.99134032
0.211072101 5.00160159
0.211799715 5.01189809
0.212531366 5.02223001
0.213267083 5.03259755
0.214006896 5.0430009
0.214750836 5.05344027
0.215498933 5.06391586
0.216251219 5.07442786
0.217007725 5.08497648
0.217768482 5.09556193
0.218533523 5.1061844
0.21930288 5.11684412
0.220076584 5.12754129
0.22085467 5.13827611
0.22163717 5.14904881
0.222424117 5.15985959
0.223215546 5.17070867
0.22401149 5.18159628
0.224811985 5.19252262
0.225617064 5.20348792
0.226426762 5.21449241
0.227241116 5.2255363
0.228060161 5.23661982
0.228883933 5.2477432
0.229712469 5.25890667
0.230545805 5.27011045
0.231383978 5.2813548
0.232227027 5.29263992
0.233074989 5.30396607
0.233927902 5.31533349
0.234785805 5.3267424
0.235648737 5.33819306
0.236516738 5.3496857
0.237389847 5.36122058
0.238268104 5.37279794
0.23915155 5.38441803
0.240040227 5.39608111
0.240934175 5.40778741
0.241833436 5.41953721
0.242738053 5.43133076
0.243648068 5.44316832
0.244563524 5.45505015
0.245484465 5.46697651
0.246410935 5.47894767
0.247342979 5.4909639
0.24828064 5.50302547
0.249223965 5.51513265
0.250172999 5.52728571
0.251127788 5.53948494
0.25208838 5.5517306
0.25305482 5.56402299
0.254027158 5.57636238
0.255005441 5.58874907
0.255989718 5.60118333
0.256980038 5.61366546
0.25797645 5.62619575
0.258979006 5.6387745
0.259987754 5.651402
0.261002748 5.66407856
0.262024038 5.67680448
0.263051677 5.68958006
0.264085717 5.70240561
0.265126213 5.71528143
0.266173217 5.72820785
0.267226785 5.74118518
0.268286972 5.75421374
0.269353834 5.76729383
0.270427425 5.7804258
0.271507805 5.79360997
0.272595029 5.80684666
0.273689156 5.8201362
0.274790246 5.83347893
0.275898356 5.84687519
0.277013548 5.86032531
0.278135881 5.87382965
0.279265417 5.88738854
0.280402219 5.90100233
0.281546348 5.91467138
0.282697868 5.92839603
0.283856843 5.94217666
0.285023337 5.95601361
0.286197416 5.96990726
0.287379147 5.98385796
0.288568595 5.99786609
0.289765829 6.01193203
0.290970917 6.02605614
0.292183927 6.04023882
0.293404931 6.05448043
0.294633997 6.06878138
0.295871199 6.08314204
0.297116607 6.09756282
0.298370295 6.11204411
0.299632337 6.1265863
0.300902807 6.14118981
0.302181781 6.15585505
0.303469335 6.17058241
0.304765547 6.18537232
0.306070494 6.2002252
0.307384256 6.21514147
0.308706911 6.23012155
0.310038543 6.24516588
0.31137923 6.26027488
0.312729058 6.275449
0.314088108 6.29068868
0.315456466 6.30599436
0.316834217 6.3213665
0.318221448 6.33680554
0.319618246 6.35231195
0.321024699 6.36788619
0.322440898 6.38352872
0.323866933 6.39924001
0.325302896 6.41502054
0.326748879 6.4308708
0.328204976 6.44679126
0.329671283 6.46278241
0.331147895 6.47884474
0.332634909 6.49497876
0.334132425 6.51118496
0.335640541 6.52746386
0.337159358 6.54381596
0.338688979 6.56024178
0.340229506 6.57674184
0.341781044 6.59331667
0.343343699 6.6099668
0.344917577 6.62669277
0.346502788 6.64349512
0.348099439 6.66037439
0.349707644 6.67733114
0.351327512 6.69436592
0.35295916 6.7114793
0.3546027 6.72867185
0.356258251 6.74594413
0.35792593 6.76329674
0.359605855 6.78073025
0.361298149 6.79824525
0.363002933 6.81584234
0.364720332 6.83352213
0.366450471 6.85128522
0.368193476 6.86913223
0.369949477 6.88706377
0.371718604 6.90508047
0.373500988 6.92318297
0.375296763 6.9413719
0.377106065 6.95964791
0.378929031 6.97801166
0.380765799 6.99646379
0.382616509 7.01500498
0.384481305 7.03363589
0.38636033 7.05235721
0.38825373 7.07116963
0.390161653 7.09007382
0.392084249 7.1090705
0.394021671 7.12816036
0.395974071 7.14734413
0.397941605 7.16662252
0.399924432 7.18599627
0.401922711 7.2054661
0.403936604 7.22503277
0.405966276 7.24469702
0.408011892 7.26445961
0.410073622 7.28432132
0.412151636 7.30428291
0.414246107 7.32434517
0.416357212 7.34450889
0.418485126 7.36477487
0.420630032 7.38514393
0.422792111 7.40561687
0.424971549 7.42619452
0.427168533 7.44687772
0.429383254 7.46766731
0.431615904 7.48856414
0.433866679 7.50956909
0.436135777 7.530683
0.438423398 7.55190678
0.440729748 7.5732413
0.443055032 7.59468747
0.445399459 7.61624619
0.447763242 7.63791839
0.450146597 7.659705
0.452549741 7.68160695
0.454972896 7.7036252
0.457416287 7.72576071
0.459880142 7.74801444
0.46236469 7.77038738
0.464870168 7.79288053
0.467396812 7.81549489
0.469944863 7.83823147
0.472514567 7.8610913
0.475106171 7.88407542
0.477719926 7.90718487
0.480356089 7.93042074
0.483014918 7.95378407
0.485696676 7.97727598
0.488401629 8.00089754
0.49113005 8.02464988
0.493882211 8.04853412
0.496658392 8.07255139
0.499458876 8.09670286
0.50228395 8.12098967
0.505133905 8.14541301
0.508009037 8.16997408
0.510909646 8.19467407
0.513836037 8.21951422
0.51678852 8.24449574
0.519767407 8.26961989
0.522773019 8.29488793
0.525805679 8.32030115
0.528865715 8.34586084
0.531953462 8.3715683
0.535069258 8.39742486
0.538213447 8.42343187
0.54138638 8.44959067
0.544588411 8.47590265
0.5478199 8.5023692
0.551081214 8.52899172
0.554372725 8.55577164
0.55769481 8.58271039
0.561047854 8.60980945
0.564432247 8.63707029
0.567848384 8.66449441
0.571296668 8.69208332
0.574777509 8.71983855
0.578291322 8.74776166
0.581838529 8.77585423
0.58541956 8.80411784
0.589034851 8.83255412
0.592684846 8.86116468
0.596369994 8.8899512
0.600090754 8.91891534
0.603847593 8.9480588
0.607640982 8.9773833
0.611471404 9.00689058
0.615339349 9.0365824
0.619245312 9.06646056
0.623189802 9.09652686
0.627173331 9.12678313
0.631196424 9.15723124
0.635259613 9.18787306
0.639363438 9.21871051
0.643508451 9.24974552
0.647695212 9.28098003
0.65192429 9.31241605
0.656196264 9.34405558
0.660511726 9.37590065
0.664871273 9.40795334
0.669275519 9.44021574
0.673725082 9.47268996
0.678220597 9.50537817
0.682762706 9.53828254
0.687352065 9.57140528
0.69198934 9.60474864
0.69667521 9.63831488
0.701410366 9.6721063
0.706195511 9.70612526
0.711031362 9.74037411
0.715918648 9.77485525
0.720858111 9.80957113
0.725850509 9.84452421
0.730896611 9.87971699
0.735997202 9.91515202
0.741153082 9.95083188
0.746365064 9.98675918
0.751633977 10.0229366
0.756960668 10.0593667
0.762345997 10.0960524
0.767790842 10.1329964
0.773296097 10.1702014
0.778862673 10.2076704
0.784491499 10.2454063
0.790183522 10.2834119
0.795939707 10.3216902
0.801761039 10.3602444
0.807648521 10.3990774
0.813603176 10.4381923
0.819626047 10.4775924
0.825718199 10.5172808
0.831880716 10.5572608
0.838114705 10.5975357
0.844421297 10.6381088
0.850801642 10.6789837
0.857256917 10.7201637
0.86378832 10.7616523
0.870397076 10.8034532
0.877084433 10.8455699
0.883851668 10.8880062
0.890700081 10.9307658
0.897631 10.9738525
0.904645783 11.0172701
0.911745813 11.0610227
0.918932506 11.1051141
0.926207306 11.1495484
0.933571688 11.1943298
0.941027159 11.2394625
0.948575258 11.2849506
0.956217559 11.3307986
0.963955667 11.3770107
0.971791225 11.4235916
0.979725912 11.4705457
0.987761442 11.5178776
0.99589957 11.5655921
1.00414209 11.6136939
1.01249083 11.6621878
1.02094767 11.7110789
1.02951452 11.7603721
1.03819335 11.8100725
1.04698615 11.8601854
1.05589499 11.910716
1.06492196 11.9616697
1.07406921 12.013052
1.08333893 12.0648684
1.09273338 12.1171246
1.10225486 12.1698264
1.11190573 12.2229797
1.1216884 12.2765903
1.13160534 12.3306645
1.1416591 12.3852084
1.15185225 12.4402282
1.16218746 12.4957304
1.17266746 12.5517216
1.18329502 12.6082084
1.19407302 12.6651976
1.20500438 12.722696
1.21609211 12.7807108
1.22733928 12.839249
1.23874906 12.898318
1.2503247 12.9579252
1.2620695 13.0180782
1.27398689 13.0787847
1.28608036 13.1400526
1.29835351 13.2018899
1.31081001 13.2643048
1.32345367 13.3273056
1.33628835 13.3909008
1.34931805 13.4550991
1.36254688 13.5199093
1.37597903 13.5853405
1.38961885 13.6514018
1.40347076 13.7181026
1.41753935 13.7854525
1.4318293 13.8534613
1.44634546 13.9221389
1.46109278 13.9914954
1.47607638 14.0615414
1.49130152 14.1322873
1.50677359 14.2037439
1.52249818 14.2759224
1.538481 14.348834
1.55472796 14.4224902
1.57124514 14.4969027
1.58803879 14.5720835
1.60511537 14.648045
1.62248152 14.7247997
1.64014408 14.8023603
1.65811013 14.88074
1.67638693 14.9599521
1.69498201 15.0400102
1.71390311 15.1209285
1.73315823 15.202721
1.75275562 15.2854025
1.77270381 15.3689879
1.79301159 15.4534924
1.81368805 15.5389317
1.83474259 15.6253217
1.85618492 15.7126788
1.87802507 15.8010197
1.90027342 15.8903616
1.92294071 15.9807218
1.94603804 16.0721185
1.96957691 16.1645698
1.99356922 16.2580947
2.01802731 16.3527123
2.04296393 16.4484423
2.06839232 16.545305
2.09432621 16.6433209
2.1207798 16.7425112
2.14776787 16.8428976
2.17530571 16.9445024
2.20340922 17.0473482
2.23209489 17.1514584
2.26137988 17.256857
2.29128199 17.3635683
2.32181974 17.4716175
2.35301238 17.5810304
2.38487994 17.6918334
2.41744327 17.8040534
2.45072408 17.9177183
2.48474496 18.0328564
2.51952949 18.1494971
2.55510221 18.2676701
2.59148875 18.3874061
2.62871582 18.5087366
2.66681132 18.6316938
2.70580438 18.7563109
2.74572545 18.8826217
2.78660634 19.010661
2.82848033 19.1404645
2.87138224 19.2720687
2.91534853 19.405511
2.96041738 19.5408299
3.0066288 19.6780646
3.05402475 19.8172555
3.10264925 19.9584438
3.15254849 20.1016717
3.20377099 20.2469825
3.25636773 20.3944204
3.31039232 20.5440304
3.36590114 20.6958588
3.42295354 20.8499526
3.48161202 21.0063599
3.54194244 21.1651297
3.60401424 21.3263116
3.66790067 21.4899564
3.73367902 21.6561153
3.80143094 21.8248405
3.87124269 21.9961844
3.94320545 22.1702003
4.01741566 22.3469412
4.09397534 22.5264609
4.17299251 22.7088125
4.25458154 22.8940491
4.33886357 23.0822231
4.42596697 23.273386
4.51602777 23.4675878
4.60919014 23.6648766
4.7056069 23.8652983
4.80543999 24.0688956
4.90886099 24.2757075
5.01605162 24.4857682
5.12720424 24.6991063
5.24252225 24.9157439
5.36222056 25.1356946
5.48652588 25.3589627
5.61567695 25.585541
5.74992464 25.8154095
5.88953178 26.0485326
6.03477287 26.2848571
6.18593335 26.5243094
6.34330852 26.7667928
6.50720196 27.0121845
6.67792333 27.260332
6.85578545 27.5110499
7.0411005 27.7641168
7.23417521 28.0192718
7.435305 28.2762118
7.64476679 28.5345894
7.86281063 28.7940117
8.08964998 29.0540404
8.32545099 29.3141942
8.57032077 29.5739533
8.82429547 29.8327669
9.08732855 30.0900645
9.35928054 30.3452706
9.63991116 30.5978234
9.92887548 30.8471976
10.2257254 31.0929294
10.5299178 31.334643
10.8408303 31.5720768
11.1577848 31.8051062
11.4800782 32.0337608
11.8070184 32.2582335
12.1379632 32.4788793
12.4723579 32.6962032
12.8097691 32.9108381
13.1499103 33.1235145
13.492658 33.3350249
13.8380576 33.5461872
14.1863187 33.7578101
14.5378031 33.970663
14.8930078 34.1854528
15.2525447 34.4028074
15.6171207 34.6232655
15.9875183 34.847272
16.3645789 35.0751769
16.7491883 35.3072379
17.142265 35.543625
17.5447518 35.7844273
17.9576109 36.0296606
18.3818228 36.2792758
18.81839 36.5331656
19.268346 36.7911691
19.7327667 37.0530713
20.2127863 37.3185956
20.7096111 37.5873881
21.2245312 37.8589925
21.7589241 38.1328167
22.3142471 38.4080932
22.8920161 38.6838377
23.493768 38.9588103
24.121009 39.2314854
24.7751491 39.5000369
25.457431 39.7623417
26.1688568 40.0160062
26.9101231 40.2584145
27.6815694 40.4867962
28.4831498 40.6983089
29.3144287 40.8901271
30.174605 41.0595283
31.0625623 41.2039673
31.9769386 41.3211298
32.9162085 41.408959
33.878768 41.4656518
34.8630085 41.4896273
35.8673738 41.479471
36.8903905 41.4338651
37.9306708 41.3515133
38.9868872 41.2310714
40.0577255 41.0710913
41.1418207 40.8699834
42.2376838 40.6260005
43.3436246 40.3372427
44.4576761 40.0016827
45.5775218 39.6172094
46.7004304 39.1816909
47.8231995 38.693056
48.9421135 38.1493944
50.0529214 37.5490763
51.1508404 36.8908862
52.2305946 36.1741674
53.2864912 35.3989673
54.3125398 34.566171
55.3026123 33.6776122
56.2506378 32.7361466
57.1508227 31.7456763
57.9978813 30.7111192
58.7872609 29.6383179
59.5153441 28.5338922
60.1796122 27.4050415
60.7787579 26.2593098
61.3127372 25.1043285
61.7827567 23.947554
62.1911997 22.7960184
62.5414946 21.6561086
62.8379392 20.5333879
63.0854928 19.4324686
63.2895537 18.3569412
63.4557358 17.3093587
63.5896595 16.2912714
63.6967676 15.3033043
63.7821731 14.3452681
63.850544 13.4162911
63.906026 12.5149649
63.9522013 11.6394933
63.9920843 10.7878382
64.02815 9.95785458
64.0623915 9.14740882
64.0964051 8.35447326
64.131494 7.57719036
64.1687843 6.8139014
64.209342 6.06313606
64.2542793 5.32356274
64.3048372 4.59390365
64.3624348 3.87282285
64.4286741 3.15879925
64.5052998 2.44999922
64.5941129 1.74416442
64.6968464 1.03852923
64.8150125 0.329779366
64.9497381 -0.385941626
65.1016027 -1.11297627
65.270494 -1.85605166
65.4554947 -2.62014108
65.6548064 -3.41030054
65.8657161 -4.23149296
66.0846017 -5.08841203
66.3069736 -5.98531509
66.5275438 -6.9258708
66.7403169 -7.9130241
66.9386976 -8.94887764
67.1156108 -10.0345877
67.2636368 -11.1702724
67.3751611 -12.3549328
67.4425463 -13.5863883
67.458325 -14.8612339
67.4154178 -16.1748292
67.3073695 -17.5213301
67.1285944 -18.8937746
66.8746155 -20.284232
66.5422759 -21.6840166
66.1299015 -23.0839611
65.6373946 -24.4747345
65.0662445 -25.8471827
64.4194497 -27.1926664
63.7013555 -28.5033685
62.9174207 -29.7725487
62.0739317 -30.9947274
61.1776879 -32.1657902
60.2356805 -33.2830115
59.2547855 -34.3450004
58.2414887 -35.3515796
57.2016554 -36.3036072
56.1403568 -37.2027574
55.061758 -38.0512734
53.969073 -38.8517096
52.8645843 -39.606681
51.7497231 -40.3186335
50.6252008 -40.9896525
49.4911783 -41.6213188
48.3474573 -42.214619
47.1936779 -42.7699116
46.0295068 -43.2869452
44.8548044 -43.7649207
43.6697621 -44.2025876
42.4750062 -44.5983645
41.2716653 -44.9504727
40.0614052 -45.2570759
38.8464297 -45.516418
37.6294534 -45.7269555
36.4136457 -45.8874775
35.2025501 -45.9972103
33.9999822 -46.0559
32.8099108 -46.0638687
31.6363299 -46.0220402
30.4831289 -45.9319341
29.3539709 -45.7956275
28.252187 -45.6156904
27.1806929 -45.3950998
26.1419314 -45.1371406
25.1378421 -44.8453013
24.1698567 -44.5231733
23.2389158 -44.1743574
22.3455029 -43.8023839
21.4896906 -43.4106475
20.6711937 -43.0023577
19.8894248 -42.5805044
19.1435498 -42.1478361
18.4325401 -41.7068505
17.7552205 -41.2597933
17.1103109 -40.8086647
16.4964631 -40.3552302
15.9122905 -39.9010359
15.3563939 -39.4474244
14.827381 -38.995553
14.3238821 -38.5464113
13.8445623 -38.1008386
13.3881302 -37.6595402
12.953344 -37.2231033
12.5390154 -36.7920109
12.1440122 -36.366655
11.7672592 -35.9473483
11.407738 -35.5343346
11.0644862 -35.1277981
10.7365963 -34.727872
10.4232133 -34.3346454
10.1235327 -33.94817
9.83679876 -33.5684654
9.56230115 -33.1955244
9.29937318 -32.8293167
9.04738907 -32.4697932
8.80576159 -32.1168886
8.57393972 -31.7705246
8.3514064 -31.4306121
8.1376764 -31.0970533
7.93229423 -30.7697434
7.73483225 -30.4485723
7.5448888 -30.1334257
7.36208655 -29.8241863
7.18607083 -29.5207346
7.01650814 -29.22295
6.85308478 -28.9307112
6.6955055 -28.6438972
6.54349228 -28.362387
6.39678322 -28.0860608
6.25513143 -27.8147999
6.11830412 -27.5484873
5.98608161 -27.2870074
5.8582565 -27.0302468
5.73463289 -26.778094
5.61502566 -26.5304398
5.49925972 -26.287177
5.38716944 -26.0482011
5.27859803 -25.8134096
5.17339698 -25.5827027
5.07142557 -25.3559828
4.97255037 -25.1331548
4.87664479 -24.9141259
4.78358872 -24.6988058
4.69326806 -24.4871066
4.60557444 -24.2789425
4.52040482 -24.0742301
4.43766121 -23.8728882
4.3572504 -23.6748379
4.27908363 -23.4800024
4.20307636 -23.288307
4.12914806 -23.0996789
4.05722194 -22.9140476
3.98722478 -22.7313443
3.9190867 -22.5515023
3.852741 -22.3744565
3.78812398 -22.2001439
3.72517479 -22.028503
3.66383526 -21.8594741
3.60404977 -21.6929992
3.54576511 -21.5290219
3.48893036 -21.3674871
3.43349677 -21.2083416
3.37941766 -21.0515334
3.32664829 -20.8970121
3.2751458 -20.7447285
3.22486906 -20.5946348
3.17577866 -20.4466845
3.12783675 -20.3008325
3.08100701 -20.1570346
3.03525459 -20.0152481
2.99054597 -19.8754312
2.94684898 -19.7375434
2.90413268 -19.6015452
2.86236733 -19.467398
2.82152432 -19.3350645
2.78157612 -19.2045081
2.74249625 -19.0756934
2.7042592 -18.9485856
2.66684042 -18.8231511
2.63021625 -18.6993571
2.59436389 -18.5771714
2.55926137 -18.4565629
2.52488751 -18.3375013
2.49122188 -18.2199567
2.45824477 -18.1039003
2.42593716 -17.9893039
2.39428071 -17.8761401
2.36325768 -17.7643819
2.33285097 -17.6540033
2.30304404 -17.5449787
2.27382093 -17.4372832
2.2451662 -17.3308924
2.21706492 -17.2257828
2.18950267 -17.1219311
2.1624655 -17.0193146
2.13593991 -16.9179114
2.10991283 -16.8176999
2.08437162 -16.7186591
2.05930405 -16.6207683
2.03469827 -16.5240075
2.0105428 -16.428357
1.98682653 -16.3337978
1.96353869 -16.240311
1.94066884 -16.1478783
1.91820686 -16.0564819
1.89614295 -15.9661042
1.87446759 -15.8767282
1.85317156 -15.7883371
1.83224591 -15.7009145
1.81168196 -15.6144445
1.79147128 -15.5289113
1.77160569 -15.4442998
1.75207725 -15.3605948
1.73287825 -15.2777818
1.71400121 -15.1958464
1.69543884 -15.1147746
1.67718409 -15.0345526
1.65923008 -14.955167
1.64157014 -14.8766046
1.62419779 -14.7988524
1.60710671 -14.721898
1.59029078 -14.6457289
1.57374402 -14.570333
1.55746065 -14.4956985
1.54143501 -14.4218137
1.52566161 -14.3486672
1.5101351 -14.2762479
1.4948503 -14.2045448
1.47980212 -14.1335473
1.46498565 -14.0632448
1.45039607 -13.9936271
1.43602872 -13.924684
1.42187905 -13.8564056
1.4079426 -13.7887823
1.39421506 -13.7218045
1.38069222 -13.655463
1.36736998 -13.5897484
1.35424432 -13.524652
1.34131135 -13.4601648
1.32856726 -13.3962783
1.31600835 -13.3329839
1.30363099 -13.2702734
1.29143166 -13.2081385
1.27940691 -13.1465714
1.26755339 -13.085564
1.25586782 -13.0251087
1.24434699 -12.965198
1.23298779 -12.9058243
1.22178717 -12.8469804
1.21074216 -12.7886592
1.19984984 -12.7308535
1.18910738 -12.6735565
1.17851202 -12.6167613
1.16806104 -12.5604613
1.1577518 -12.50465
1.14758172 -12.4493209
1.13754827 -12.3944677
1.127649 -12.3400842
1.11788149 -12.2861642
1.10824338 -12.2327018
1.09873237 -12.1796911
1.08934621 -12.1271262
1.0800827 -12.0750016
1.07093969 -12.0233115
1.06191507 -11.9720505
1.05300679 -11.9212131
1.04421283 -11.8707941
1.03553122 -11.8207883
1.02696003 -11.7711904
1.01849739 -11.7219954
1.01014144 -11.6731984
1.00189037 -11.6247944
0.993742432 -11.5767786
0.985695884 -11.5291463
0.977749034 -11.4818929
0.969900225 -11.4350137
0.962147835 -11.3885043
0.954490273 -11.3423601
0.946925984 -11.296577
0.939453443 -11.2511504
0.932071158 -11.2060763
0.924777665 -11.1613505
0.917571533 -11.1169688
0.910451357 -11.0729273
0.903415763 -11.0292219
0.896463403 -10.9858488
0.889592956 -10.9428041
0.882803127 -10.900084
0.876092649 -10.8576848
0.869460277 -10.8156029
0.862904794 -10.7738345
0.856425002 -10.7323762
0.850019731 -10.6912245
0.843687832 -10.6503758
0.837428177 -10.6098268
0.831239662 -10.5695742
0.825121203 -10.5296146
0.819071737 -10.4899448
0.813090221 -10.4505615
0.807175632 -10.4114617
0.801326966 -10.3726422
0.795543238 -10.3341
0.789823483 -10.2958319
0.784166752 -10.2578351
0.778572114 -10.2201067
0.773038656 -10.1826436
0.767565481 -10.1454432
0.76215171 -10.1085025
0.756796479 -10.0718188
0.751498939 -10.0353894
0.746258258 -9.99921154
0.741073618 -9.96328263
0.735944217 -9.92760002
0.730869265 -9.89216115
0.72584799 -9.85696346
0.72087963 -9.82200446
0.715963439 -9.78728167
0.711098682 -9.75279265
0.70628464 -9.71853499
0.701520603 -9.68450633
0.696805877 -9.65070432
0.692139778 -9.61712666
0.687521634 -9.58377107
0.682950786 -9.5506353
0.678426584 -9.51771715
0.673948392 -9.48501442
0.669515582 -9.45252495
0.66512754 -9.42024662
0.660783659 -9.38817734
0.656483345 -9.35631502
0.652226013 -9.32465763
0.648011088 -9.29320315
0.643838004 -9.26194959
0.639706205 -9.23089498
0.635615145 -9.20003738
0.631564286 -9.16937489
0.627553099 -9.1389056
0.623581064 -9.10862766
0.61964767 -9.07853923
0.615752414 -9.04863849
0.611894801 -9.01892364
0.608074343 -8.98939291
0.604290563 -8.96004457
0.600542989 -8.93087687
0.596831157 -8.90188811
0.593154611 -8.87307662
0.589512903 -8.84444073
0.58590559 -8.8159788
0.582332239 -8.7876892
0.578792421 -8.75957035
0.575285715 -8.73162065
0.571811708 -8.70383854
0.56836999 -8.67622249
0.564960161 -8.64877096
0.561581826 -8.62148247
0.558234595 -8.59435551
0.554918086 -8.56738862
0.55163192 -8.54058036
0.548375728 -8.51392928
0.545149142 -8.48743397
0.541951804 -8.46109304
0.538783359 -8.4349051
0.535643457 -8.40886879
0.532531755 -8.38298275
0.529447914 -8.35724566
0.5263916 -8.33165619
0.523362485 -8.30621305
0.520360245 -8.28091495
0.517384561 -8.25576062
0.51443512 -8.2307488
0.511511612 -8.20587824
0.508613732 -8.18114773
0.505741179 -8.15655604
0.502893658 -8.13210198
0.500070878 -8.10778437
0.49727255 -8.08360203
0.494498391 -8.0595538
0.491748124 -8.03563854
0.489021472 -8.01185511
0.486318164 -7.9882024
0.483637934 -7.9646793
0.480980518 -7.94128471
0.478345656 -7.91801756
0.475733093 -7.89487677
0.473142577 -7.87186129
0.470573858 -7.84897006
0.468026693 -7.82620207
0.465500838 -7.80355627
0.462996056 -7.78103167
0.460512112 -7.75862725
0.458048774 -7.73634204
0.455605814 -7.71417505
0.453183007 -7.69212532
0.45078013 -7.67019188
0.448396964 -7.6483738
0.446033294 -7.62667013
0.443688906 -7.60507995
0.44136359 -7.58360234
0.439057139 -7.56223639
0.436769349 -7.54098121
0.434500017 -7.51983592
0.432248945 -7.49879962
0.430015937 -7.47787146
0.427800798 -7.45705058
0.425603339 -7.43633612
0.423423369 -7.41572725
0.421260705 -7.39522313
0.419115161 -7.37482293
0.416986557 -7.35452585
0.414874715 -7.33433108
0.412779457 -7.31423782
0.410700611 -7.29424527
0.408638005 -7.27435266
0.406591468 -7.25455922
0.404560835 -7.23486418
0.402545939 -7.21526678
0.400546618 -7.19576627
0.398562711 -7.17636191
0.396594061 -7.15705296
0.394640508 -7.1378387
0.392701901 -7.11871842
0.390778085 -7.09969138
0.38886891 -7.0807569
0.386974227 -7.06191427
0.385093889 -7.0431628
0.383227752 -7.0245018
0.381375673 -7.00593061
0.379537509 -6.98744855
0.377713121 -6.96905495
0.375902372 -6.95074916
0.374105125 -6.93253052
0.372321246 -6.9143984
0.370550602 -6.89635216
0.368793063 -6.87839115
0.367048498 -6.86051476
0.36531678 -6.84272238
0.363597783 -6.82501337
0.361891382 -6.80738714
0.360197454 -6.78984309
0.358515876 -6.77238062
0.35684653 -6.75499914
0.355189296 -6.73769806
0.353544057 -6.72047681
0.351910697 -6.70333481
0.350289101 -6.6862715
0.348679157 -6.66928631
0.347080753 -6.65237869
0.345493779 -6.63554808
0.343918125 -6.61879394
0.342353684 -6.60211573
0.340800349 -6.58551291
0.339258015 -6.56898495
0.337726578 -6.55253133
0.336205936 -6.53615152
0.334695986 -6.519845
0.333196629 -6.50361127
0.331707766 -6.48744982
0.330229298 -6.47136014
0.32876113 -6.45534174
0.327303164 -6.43939413
0.325855306 -6.42351682
0.324417464 -6.40770932
0.322989544 -6.39197115
0.321571455 -6.37630185
0.320163108 -6.36070093
0.318764412 -6.34516793
0.31737528 -6.3297024
0.315995624 -6.31430387
0.314625358 -6.29897189
0.313264398 -6.283706
0.311912657 -6.26850577
0.310570055 -6.25337075
0.309236507 -6.23830051
0.307911933 -6.2232946
0.306596252 -6.20835261
0.305289384 -6.1934741
0.303991251 -6.17865865
0.302701775 -6.16390584
0.301420879 -6.14921526
0.300148487 -6.1345865
0.298884524 -6.12001915
0.297628914 -6.10551281
0.296381586 -6.09106706
0.295142465 -6.07668153
0.293911479 -6.06235581
0.292688559 -6.04808952
0.291473632 -6.03388226
0.29026663 -6.01973365
0.289067484 -6.00564332
0.287876125 -5.99161089
0.286692486 -5.97763598
0.2855165 -5.96371823
0.284348102 -5.94985726
0.283187226 -5.93605271
0.282033808 -5.92230422
0.280887784 -5.90861144
0.27974909 -5.894974
0.278617665 -5.88139157
0.277493446 -5.86786378
0.276376372 -5.85439029
0.275266383 -5.84097076
0.274163418 -5.82760485
0.27306742 -5.81429222
0.271978328 -5.80103254
0.270896085 -5.78782547
0.269820634 -5.77467069
0.268751918 -5.76156787
0.267689881 -5.74851669
0.266634466 -5.73551683
0.26558562 -5.72256796
0.264543287 -5.70966977
0.263507414 -5.69682196
0.262477948 -5.68402421
0.261454835 -5.6712762
0.260438024 -5.65857765
0.259427462 -5.64592824
0.258423099 -5.63332767
0.257424884 -5.62077564
0.256432767 -5.60827187
0.255446698 -5.59581606
0.254466628 -5.58340791
0.253492508 -5.57104714
0.252524291 -5.55873346
0.251561929 -5.54646659
0.250605375 -5.53424625
0.249654581 -5.52207215
0.248709503 -5.50994403
0.247770093 -5.4978616
0.246836307 -5.4858246
0.245908101 -5.47383275
0.244985429 -5.46188578
0.244068247 -5.44998344
0.243156513 -5.43812544
0.242250183 -5.42631154
0.241349214 -5.41454148
0.240453565 -5.40281498
0.239563193 -5.39113181
0.238678057 -5.3794917
0.237798117 -5.36789441
0.236923331 -5.35633968
0.236053659 -5.34482726
0.235189062 -5.33335691
0.2343295 -5.32192839
0.233474934 -5.31054145
0.232625326 -5.29919585
0.231780637 -5.28789136
0.230940829 -5.27662773
0.230105865 -5.26540474
0.229275708 -5.25422214
0.228450321 -5.24307972
0.227629667 -5.23197723
0.22681371 -5.22091445
0.226002415 -5.20989115
0.225195746 -5.19890711
0.224393667 -5.18796211
0.223596145 -5.17705593
0.222803145 -5.16618834
0.222014633 -5.15535913
0.221230574 -5.14456809
0.220450936 -5.13381499
0.219675685 -5.12309963
0.218904789 -5.11242179
0.218138215 -5.10178126
0.21737593 -5.09117784
0.216617903 -5.08061132
0.215864103 -5.0700815
0.215114497 -5.05958816
0.214369055 -5.04913111
0.213627747 -5.03871016
0.21289054 -5.02832509
0.212157407 -5.01797571
0.211428316 -5.00766182
0.210703237 -4.99738324
0.209982143 -4.98713976
0.209265002 -4.9769312
0.208551788 -4.96675736
0.20784247 -4.95661806
0.207137021 -4.9465131
0.206435413 -4.93644231
0.205737618 -4.92640549
0.205043608 -4.91640246
0.204353356 -4.90643304
0.203666835 -4.89649705
0.202984019 -4.88659431
0.20230488 -4.87672464
0.201629393 -4.86688786
0.200957531 -4.8570838
0.200289268 -4.84731228
0.199624579 -4.83757312
0.198963439 -4.82786617
0.198305822 -4.81819123
0.197651703 -4.80854815
0.197001058 -4.79893676
0.196353862 -4.78935689
0.19571009 -4.77980837
0.19506972 -4.77029103
0.194432726 -4.76080472
0.193799086 -4.75134927
0.193168775 -4.74192452
0.192541771 -4.7325303
0.191918051 -4.72316647
0.191297591 -4.71383285
0.190680369 -4.70452929
0.190066363 -4.69525564
0.18945555 -4.68601175
0.188847909 -4.67679745
0.188243417 -4.66761259
0.187642053 -4.65845703
0.187043795 -4.6493306
0.186448622 -4.64023317
0.185856513 -4.63116458
0.185267447 -4.62212469
0.184681403 -4.61311334
0.184098361 -4.6041304
0.1835183 -4.59517571
0.1829412 -4.58624913
0.182367041 -4.57735053
0.181795803 -4.56847975
0.181227467 -4.55963666
0.180662012 -4.55082112
0.180099419 -4.54203298
0.17953967 -4.53327212
0.178982745 -4.52453839
0.178428625 -4.51583165
0.177877292 -4.50715178
0.177328726 -4.49849863
0.17678291 -4.48987207
0.176239825 -4.48127197
0.175699453 -4.47269821
0.175161776 -4.46415063
0.174626776 -4.45562913
0.174094436 -4.44713356
0.173564738 -4.43866381
0.173037665 -4.43021973
0.172513199 -4.42180121
0.171991323 -4.41340812
0.171472021 -4.40504033
0.170955275 -4.39669772
0.170441069 -4.38838016
0.169929386 -4.38008754
0.16942021 -4.37181973
0.168913525 -4.36357662
0.168409314 -4.35535807
0.167907562 -4.34716397
0.167408252 -4.3389942
0.166911369 -4.33084865
0.166416897 -4.3227272
0.16592482 -4.31462972
0.165435124 -4.30655611
0.164947793 -4.29850624
0.164462812 -4.29048002
0.163980166 -4.28247731
0.16349984 -4.27449801
0.163021819 -4.26654201
0.162546088 -4.25860919
0.162072634 -4.25069945
0.161601441 -4.24281267
0.161132495 -4.23494875
0.160665783 -4.22710757
0.160201289 -4.21928904
0.159739001 -4.21149303
0.159278903 -4.20371945
0.158820984 -4.19596818
0.158365228 -4.18823913
0.157911622 -4.18053219
0.157460153 -4.17284726
0.157010807 -4.16518422
0.156563572 -4.15754299
0.156118434 -4.14992345
0.15567538 -4.14232551
0.155234397 -4.13474906
0.154795473 -4.12719401
0.154358595 -4.11966025
0.153923749 -4.11214769
0.153490924 -4.10465623
0.153060107 -4.09718576
0.152631286 -4.0897362
0.152204449 -4.08230745
0.151779583 -4.07489941
0.151356677 -4.06751198
0.150935717 -4.06014508
0.150516694 -4.0527986
0.150099594 -4.04547245
0.149684407 -4.03816654
0.14927112 -4.03088078
0.148859722 -4.02361508
0.148450202 -4.01636934
0.148042548 -4.00914347
0.147636749 -4.00193739
0.147232794 -3.994751
0.146830671 -3.98758421
0.146430371 -3.98043694
0.146031881 -3.9733091
0.145635192 -3.9662006
0.145240292 -3.95911135
0.144847171 -3.95204126
0.144455817 -3.94499026
0.144066222 -3.93795825
0.143678373 -3.93094515
0.143292261 -3.92395087
0.142907876 -3.91697533
0.142525207 -3.91001846
0.142144245 -3.90308015
0.141764978 -3.89616034
0.141387398 -3.88925894
0.141011494 -3.88237587
0.140637256 -3.87551104
0.140264675 -3.86866438
0.139893742 -3.86183581
0.139524445 -3.85502524
0.139156777 -3.8482326
0.138790727 -3.84145781
0.138426285 -3.83470078
0.138063444 -3.82796145
0.137702193 -3.82123974
0.137342523 -3.81453556
0.136984425 -3.80784885
0.13662789 -3.80117952
0.13627291 -3.7945275
0.135919474 -3.78789271
0.135567574 -3.78127509
0.135217202 -3.77467454
0.134868348 -3.76809101
0.134521005 -3.76152442
0.134175163 -3.75497469
0.133830813 -3.74844176
0.133487948 -3.74192554
0.133146558 -3.73542598
0.132806637 -3.72894299
0.132468174 -3.7224765
0.132131162 -3.71602645
0.131795593 -3.70959276
0.131461458 -3.70317537
0.13112875 -3.6967742
0.13079746 -3.69038919
0.130467581 -3.68402027
0.130139104 -3.67766737
0.129812023 -3.67133041
0.129486328 -3.66500935
0.129162012 -3.65870409
0.128839067 -3.65241459
0.128517487 -3.64614077
0.128197262 -3.63988257
0.127878387 -3.63363992
0.127560852 -3.62741276
0.127244652 -3.62120102
0.126929778 -3.61500463
0.126616223 -3.60882354
0.12630398 -3.60265767
0.125993041 -3.59650698
0.1256834 -3.59037138
0.125375049 -3.58425082
0.125067981 -3.57814524
0.12476219 -3.57205457
0.124457668 -3.56597876
0.124154408 -3.55991774
0.123852403 -3.55387144
0.123551647 -3.54783982
0.123252133 -3.54182281
0.122953854 -3.53582034
0.122656803 -3.52983236
0.122360974 -3.52385881
0.12206636 -3.51789963
0.121772955 -3.51195477
0.121480751 -3.50602415
0.121189744 -3.50010773
0.120899925 -3.49420545
0.120611289 -3.48831725
0.120323829 -3.48244306
0.120037539 -3.47658284
0.119752414 -3.47073653
0.119468445 -3.46490408
0.119185629 -3.45908541
0.118903957 -3.45328049
0.118623425 -3.44748925
0.118344026 -3.44171164
0.118065754 -3.4359476
0.117788603 -3.43019708
0.117512568 -3.42446003
0.117237641 -3.41873639
0.116963819 -3.41302611
0.116691094 -3.40732913
0.116419461 -3.4016454
0.116148914 -3.39597487
0.115879448 -3.39031748
0.115611056 -3.38467318
0.115343734 -3.37904193
0.115077475 -3.37342367
0.114812274 -3.36781834
0.114548126 -3.3622259
0.114285025 -3.35664629
0.114022965 -3.35107947
0.113761942 -3.34552538
0.113501949 -3.33998398
0.113242983 -3.3344552
0.112985036 -3.32893902
0.112728104 -3.32343536
0.112472182 -3.31794419
0.112217264 -3.31246546
0.111963346 -3.30699912
0.111710422 -3.30154511
0.111458487 -3.2961034
0.111207536 -3.29067393
0.110957564 -3.28525665
0.110708566 -3.27985152
0.110460537 -3.27445849
0.110213473 -3.26907752
0.109967367 -3.26370855
0.109722216 -3.25835155
0.109478014 -3.25300645
0.109234757 -3.24767323
0.10899244 -3.24235182
0.108751058 -3.2370422
0.108510606 -3.2317443
0.10827108 -3.2264581
0.108032475 -3.22118353
0.107794787 -3.21592056
0.10755801 -3.21066914
0.107322141 -3.20542923
0.107087174 -3.20020078
0.106853106 -3.19498376
0.106619931 -3.18977811
0.106387645 -3.18458379
0.106156245 -3.17940077
0.105925724 -3.17422899
0.10569608 -3.16906841
0.105467308 -3.163919
0.105239402 -3.15878071
0.10501236 -3.1536535
0.104786177 -3.14853732
0.104560848 -3.14343214
0.10433637 -3.13833791
0.104112737 -3.13325459
0.103889947 -3.12818214
0.103667995 -3.12312052
0.103446876 -3.11806969
0.103226587 -3.11302961
0.103007124 -3.10800024
0.102788482 -3.10298153
0.102570657 -3.09797346
0.102353647 -3.09297597
0.102137445 -3.08798903
0.10192205 -3.08301261
0.101707456 -3.07804665
0.10149366 -3.07309113
0.101280659 -3.068146
0.101068447 -3.06321122
0.100857022 -3.05828677
0.100646379 -3.05337259
0.100436515 -3.04846865
0.100227426 -3.04357491
0.100019108 -3.03869134
0.0998115577 -3.03381789
0.0996047715 -3.02895454
0.0993987455 -3.02410124
0.0991934761 -3.01925796
0.0989889597 -3.01442466
0.0987851927 -3.0096013
0.0985821715 -3.00478784
0.0983798926 -2.99998426
0.0981783525 -2.99519052
0.0979775475 -2.99040657
0.0977774744 -2.98563238
0.0975781295 -2.98086793
0.0973795095 -2.97611316
0.0971816108 -2.97136805
0.0969844302 -2.96663257
0.0967879642 -2.96190667
0.0965922095 -2.95719033
0.0963971627 -2.9524835
0.0962028204 -2.94778616
0.0960091795 -2.94309826
0.0958162365 -2.93841979
0.0956239883 -2.93375069
0.0954324316 -2.92909094
0.0952415631 -2.92444051
0.0950513797 -2.91979936
0.0948618781 -2.91516745
0.0946730552 -2.91054477
0.0944849079 -2.90593126
0.094297433 -2.9013269
0.0941106273 -2.89673166
0.0939244878 -2.8921455
0.0937390115 -2.8875684
0.0935541952 -2.88300031
0.0933700358 -2.87844121
0.0931865305 -2.87389107
0.0930036762 -2.86934985
0.0928214698 -2.86481752
0.0926399084 -2.86029405
0.092458989 -2.85577942
0.0922787088 -2.85127358
0.0920990648 -2.8467765
0.091920054 -2.84228817
0.0917416736 -2.83780854
0.0915639208 -2.83333759
0.0913867926 -2.82887528
0.0912102862 -2.82442158
0.0910343989 -2.81997647
0.0908591277 -2.81553991
0.0906844699 -2.81111188
0.0905104228 -2.80669234
0.0903369836 -2.80228127
0.0901641494 -2.79787863
0.0899919177 -2.79348439
0.0898202856 -2.78909854
0.0896492506 -2.78472103
0.0894788098 -2.78035184
0.0893089607 -2.77599094
0.0891397006 -2.7716383
0.0889710269 -2.76729389
0.0888029369 -2.76295769
0.088635428 -2.75862966
0.0884684976 -2.75430978
0.0883021433 -2.74999802
0.0881363623 -2.74569435
0.0879711521 -2.74139874
0.0878065103 -2.73711117
0.0876424343 -2.73283161
0.0874789216 -2.72856003
0.0873159697 -2.7242964
0.0871535761 -2.7200407
0.0869917383 -2.71579289
0.086830454 -2.71155296
0.0866697207 -2.70732087
0.0865095359 -2.70309661
0.0863498972 -2.69888013
0.0861908023 -2.69467142
0.0860322487 -2.69047045
0.0858742342 -2.68627719
0.0857167563 -2.68209161
0.0855598127 -2.6779137
0.085403401 -2.67374342
0.085247519 -2.66958075
0.0850921643 -2.66542567
0.0849373347 -2.66127814
0.0847830279 -2.65713814
0.0846292416 -2.65300565
0.0844759735 -2.64888064
0.0843232214 -2.64476308
0.0841709831 -2.64065296
0.0840192564 -2.63655024
0.0838680391 -2.6324549
0.0837173288 -2.62836692
0.0835671236 -2.62428627
0.0834174212 -2.62021293
0.0832682195 -2.61614687
0.0831195162 -2.61208807
0.0829713093 -2.60803651
0.0828235967 -2.60399215
0.0826763762 -2.59995498
0.0825296458 -2.59592497
0.0823834033 -2.5919021
0.0822376467 -2.58788635
0.0820923739 -2.58387769
0.0819475829 -2.57987609
0.0818032715 -2.57588154
0.0816594379 -2.57189401
0.0815160799 -2.56791347
0.0813731955 -2.56393992
0.0812307828 -2.55997331
0.0810888398 -2.55601363
0.0809473644 -2.55206086
0.0808063547 -2.54811497
0.0806658088 -2.54417594
0.0805257247 -2.54024375
0.0803861004 -2.53631838
0.0802469341 -2.53239979
0.0801082238 -2.52848798
0.0799699677 -2.52458292
0.0798321637 -2.52068459
0.0796948101 -2.51679296
0.079557905 -2.51290801
0.0794214464 -2.50902973
0.0792854326 -2.50515808
0.0791498616 -2.50129305
0.0790147317 -2.49743462
0.0788800411 -2.49358276
0.0787457878 -2.48973746
0.0786119701 -2.48589869
0.0784785863 -2.48206643
0.0783456344 -2.47824066
0.0782131128 -2.47442136
0.0780810197 -2.47060851
0.0779493532 -2.46680208
0.0778181117 -2.46300206
0.0776872934 -2.45920843
END
