SIMP
NP=4096
SW=20000
TYPE=SPE
DATA
0.0569703372 -1.75861623
0.0569020495 -1.75583744
0.0568339514 -1.75306198
0.0567660424 -1.75028983
0.0566983219 -1.74752099
0.0566307891 -1.74475545
0.0565634436 -1.74199319
0.0564962848 -1.73923422
0.056429312 -1.73647852
0.0563625245 -1.73372608
0.056295922 -1.73097689
0.0562295036 -1.72823094
0.0561632689 -1.72548823
0.0560972173 -1.72274874
0.0560313481 -1.72001247
0.0559656608 -1.71727941
0.0559001549 -1.71454955
0.0558348296 -1.71182288
0.0557696845 -1.70909939
0.055704719 -1.70637907
0.0556399325 -1.70366192
0.0555753244 -1.70094792
0.0555108942 -1.69823707
0.0554466413 -1.69552935
0.0553825651 -1.69282477
0.0553186651 -1.6901233
0.0552549408 -1.68742495
0.0551913915 -1.6847297
0.0551280168 -1.68203754
0.055064816 -1.67934848
0.0550017886 -1.67666249
0.0549389341 -1.67397957
0.054876252 -1.67129971
0.0548137416 -1.6686229
0.0547514025 -1.66594914
0.0546892341 -1.66327841
0.0546272359 -1.66061072
0.0545654073 -1.65794604
0.0545037479 -1.65528437
0.054442257 -1.65262571
0.0543809343 -1.64997004
0.054319779 -1.64731735
0.0542587908 -1.64466765
0.0541979691 -1.64202091
0.0541373134 -1.63937714
0.0540768232 -1.63673632
0.0540164979 -1.63409845
0.0539563371 -1.63146352
0.0538963403 -1.62883152
0.0538365068 -1.62620243
0.0537768363 -1.62357627
0.0537173283 -1.62095301
0.0536579821 -1.61833264
0.0535987974 -1.61571517
0.0535397737 -1.61310058
0.0534809104 -1.61048887
0.053422207 -1.60788002
0.0533636631 -1.60527403
0.0533052782 -1.60267089
0.0532470518 -1.6000706
0.0531889834 -1.59747314
0.0531310725 -1.59487851
0.0530733187 -1.5922867
0.0530157214 -1.58969771
0.0529582803 -1.58711151
0.0529009947 -1.58452812
0.0528438643 -1.58194752
0.0527868886 -1.5793697
0.0527300671 -1.57679465
0.0526733994 -1.57422237
0.0526168849 -1.57165286
0.0525605233 -1.56908609
0.052504314 -1.56652207
0.0524482566 -1.56396079
0.0523923507 -1.56140224
0.0523365957 -1.55884641
0.0522809913 -1.5562933
0.052225537 -1.55374289
0.0521702323 -1.55119519
0.0521150769 -1.54865018
0.0520600701 -1.54610785
0.0520052117 -1.54356821
0.0519505011 -1.54103124
0.051895938 -1.53849693
0.0518415218 -1.53596528
0.0517872522 -1.53343628
0.0517331287 -1.53090992
0.0516791508 -1.5283862
0.0516253182 -1.52586511
0.0515716305 -1.52334664
0.0515180871 -1.52083079
0.0514646877 -1.51831754
0.0514114318 -1.5158069
0.0513583191 -1.51329885
0.051305349 -1.51079339
0.0512525212 -1.5082905
0.0511998353 -1.50579019
0.0511472908 -1.50329245
0.0510948874 -1.50079726
0.0510426246 -1.49830463
0.050990502 -1.49581454
0.0509385191 -1.493327
0.0508866757 -1.49084198
0.0508349713 -1.48835949
0.0507834054 -1.48587952
0.0507319777 -1.48340206
0.0506806878 -1.4809271
0.0506295353 -1.47845465
0.0505785198 -1.47598468
0.0505276408 -1.4735172
0.050476898 -1.4710522
0.050426291 -1.46858967
0.0503758195 -1.4661296
0.0503254829 -1.463672
0.050275281 -1.46121684
0.0502252133 -1.45876413
0.0501752794 -1.45631386
0.0501254791 -1.45386602
0.0500758118 -1.45142061
0.0500262772 -1.44897762
0.049976875 -1.44653704
0.0499276047 -1.44409886
0.0498784659 -1.44166309
0.0498294584 -1.43922971
0.0497805817 -1.43679872
0.0497318355 -1.4343701
0.0496832193 -1.43194387
0.0496347329 -1.42952
0.0495863758 -1.42709849
0.0495381477 -1.42467934
0.0494900482 -1.42226253
0.0494420769 -1.41984807
0.0493942336 -1.41743595
0.0493465177 -1.41502616
0.0492989291 -1.41261869
0.0492514673 -1.41021354
0.0492041319 -1.4078107
0.0491569226 -1.40541017
0.0491098391 -1.40301194
0.049062881 -1.400616
0.0490160479 -1.39822235
0.0489693396 -1.39583097
0.0489227556 -1.39344188
0.0488762956 -1.39105505
0.0488299592 -1.38867049
0.0487837462 -1.38628818
0.0487376562 -1.38390813
0.0486916888 -1.38153032
0.0486458436 -1.37915475
0.0486001205 -1.37678141
0.0485545189 -1.3744103
0.0485090387 -1.37204142
0.0484636794 -1.36967474
0.0484184407 -1.36731028
0.0483733223 -1.36494802
0.0483283239 -1.36258796
0.048283445 -1.36023009
0.0482386855 -1.35787441
0.048194045 -1.3555209
0.0481495231 -1.35316958
0.0481051195 -1.35082042
0.0480608339 -1.34847342
0.048016666 -1.34612858
0.0479726155 -1.34378589
0.047928682 -1.34144535
0.0478848652 -1.33910695
0.0478411648 -1.33677068
0.0477975805 -1.33443654
0.047754112 -1.33210453
0.0477107589 -1.32977463
0.047667521 -1.32744685
0.0476243979 -1.32512117
0.0475813894 -1.32279759
0.047538495 -1.32047611
0.0474957146 -1.31815671
0.0474530478 -1.3158394
0.0474104943 -1.31352417
0.0473680538 -1.31121101
0.047325726 -1.30889992
0.0472835106 -1.30659089
0.0472414073 -1.30428392
0.0471994158 -1.301979
0.0471575358 -1.29967612
0.047115767 -1.29737529
0.0470741091 -1.29507649
0.0470325618 -1.29277972
0.0469911249 -1.29048497
0.046949798 -1.28819224
0.0469085808 -1.28590152
0.046867473 -1.28361282
0.0468264744 -1.28132611
0.0467855847 -1.2790414
0.0467448036 -1.27675869
0.0467041308 -1.27447796
0.046663566 -1.27219921
0.0466231089 -1.26992244
0.0465827593 -1.26764764
0.0465425168 -1.2653748
0.0465023813 -1.26310393
0.0464623523 -1.26083501
0.0464224297 -1.25856804
0.0463826131 -1.25630302
0.0463429023 -1.25403993
0.0463032971 -1.25177878
0.046263797 -1.24951956
0.0462244019 -1.24726226
0.0461851115 -1.24500689
0.0461459256 -1.24275342
0.0461068437 -1.24050187
0.0460678658 -1.23825222
0.0460289915 -1.23600447
0.0459902205 -1.23375861
0.0459515525 -1.23151464
0.0459129875 -1.22927256
0.0458745249 -1.22703235
0.0458361647 -1.22479402
0.0457979064 -1.22255755
0.04575975 -1.22032295
0.045721695 -1.21809021
0.0456837413 -1.21585933
0.0456458886 -1.21363029
0.0456081367 -1.21140309
0.0455704852 -1.20917774
0.0455329339 -1.20695422
0.0454954826 -1.20473253
0.0454581311 -1.20251266
0.045420879 -1.20029461
0.0453837261 -1.19807838
0.0453466722 -1.19586396
0.045309717 -1.19365134
0.0452728603 -1.19144052
0.0452361018 -1.1892315
0.0451994412 -1.18702427
0.0451628784 -1.18481883
0.0451264131 -1.18261517
0.0450900451 -1.18041328
0.045053774 -1.17821316
0.0450175997 -1.17601482
0.044981522 -1.17381823
0.0449455405 -1.1716234
0.044909655 -1.16943033
0.0448738654 -1.167239
0.0448381713 -1.16504942
0.0448025725 -1.16286157
0.0447670689 -1.16067546
0.0447316601 -1.15849108
0.0446963459 -1.15630843
0.0446611262 -1.15412749
0.0446260005 -1.15194827
0.0445909689 -1.14977077
0.0445560309 -1.14759497
0.0445211864 -1.14542087
0.0444864352 -1.14324847
0.0444517769 -1.14107776
0.0444172115 -1.13890874
0.0443827386 -1.1367414
0.0443483581 -1.13457575
0.0443140696 -1.13241176
0.0442798731 -1.13024945
0.0442457683 -1.12808881
0.0442117549 -1.12592982
0.0441778327 -1.1237725
0.0441440015 -1.12161682
0.0441102611 -1.1194628
0.0440766113 -1.11731042
0.0440430519 -1.11515967
0.0440095826 -1.11301057
0.0439762032 -1.11086309
0.0439429135 -1.10871724
0.0439097133 -1.10657301
0.0438766024 -1.1044304
0.0438435805 -1.1022894
0.0438106475 -1.10015001
0.0437778032 -1.09801223
0.0437450472 -1.09587604
0.0437123795 -1.09374145
0.0436797999 -1.09160846
0.043647308 -1.08947705
0.0436149037 -1.08734722
0.0435825868 -1.08521897
0.0435503571 -1.0830923
0.0435182144 -1.08096719
0.0434861585 -1.07884365
0.0434541891 -1.07672168
0.0434223062 -1.07460126
0.0433905093 -1.07248239
0.0433587985 -1.07036508
0.0433271734 -1.06824931
0.0432956339 -1.06613507
0.0432641798 -1.06402238
0.0432328108 -1.06191122
0.0432015268 -1.05980159
0.0431703276 -1.05769348
0.043139213 -1.05558689
0.0431081828 -1.05348181
0.0430772367 -1.05137825
0.0430463747 -1.0492762
0.0430155964 -1.04717565
0.0429849018 -1.0450766
0.0429542906 -1.04297904
0.0429237626 -1.04088298
0.0428933177 -1.0387884
0.0428629556 -1.03669531
0.0428326762 -1.03460369
0.0428024793 -1.03251355
0.0427723646 -1.03042489
0.0427423321 -1.02833768
0.0427123814 -1.02625195
0.0426825125 -1.02416767
0.0426527252 -1.02208484
0.0426230192 -1.02000347
0.0425933943 -1.01792355
0.0425638505 -1.01584507
0.0425343875 -1.01376802
0.0425050051 -1.01169242
0.0424757032 -1.00961824
0.0424464815 -1.00754549
0.0424173399 -1.00547417
0.0423882783 -1.00340427
0.0423592963 -1.00133578
0.042330394 -0.999268701
0.042301571 -0.997203033
0.0422728272 -0.995138769
0.0422441624 -0.993075905
0.0422155765 -0.991014438
0.0421870693 -0.988954363
0.0421586406 -0.986895678
0.0421302902 -0.984838377
0.042102018 -0.982782458
0.0420738238 -0.980727916
0.0420457074 -0.978674747
0.0420176686 -0.976622949
0.0419897074 -0.974572516
0.0419618234 -0.972523446
0.0419340166 -0.970475734
0.0419062867 -0.968429377
0.0418786337 -0.966384371
0.0418510573 -0.964340712
0.0418235574 -0.962298397
0.0417961338 -0.960257421
0.0417687863 -0.958217782
0.0417415148 -0.956179475
0.0417143192 -0.954142496
0.0416871992 -0.952106843
0.0416601547 -0.95007251
0.0416331855 -0.948039496
0.0416062915 -0.946007795
0.0415794725 -0.943977404
0.0415527283 -0.941948321
0.0415260588 -0.93992054
0.0414994639 -0.937894058
0.0414729434 -0.935868872
0.041446497 -0.933844978
0.0414201247 -0.931822373
0.0413938264 -0.929801052
0.0413676017 -0.927781013
0.0413414507 -0.925762251
0.0413153731 -0.923744763
0.0412893688 -0.921728546
0.0412634376 -0.919713596
0.0412375794 -0.917699909
0.041211794 -0.915687482
0.0411860813 -0.913676311
0.0411604411 -0.911666393
0.0411348733 -0.909657724
0.0411093777 -0.907650301
0.0410839541 -0.905644119
0.0410586025 -0.903639177
0.0410333227 -0.901635469
0.0410081145 -0.899632993
0.0409829778 -0.897631745
0.0409579124 -0.895631722
0.0409329181 -0.89363292
0.040907995 -0.891635336
0.0408831427 -0.889638966
0.0408583612 -0.887643807
0.0408336502 -0.885649855
0.0408090098 -0.883657106
0.0407844396 -0.881665559
0.0407599396 -0.879675208
0.0407355097 -0.877686051
0.0407111497 -0.875698084
0.0406868594 -0.873711304
0.0406626387 -0.871725708
0.0406384875 -0.869741291
0.0406144056 -0.867758051
0.0405903929 -0.865775984
0.0405664493 -0.863795088
0.0405425746 -0.861815357
0.0405187686 -0.85983679
0.0404950313 -0.857859382
0.0404713626 -0.855883131
0.0404477621 -0.853908033
0.04042423 -0.851934085
0.0404007659 -0.849961284
0.0403773698 -0.847989625
0.0403540415 -0.846019106
0.0403307809 -0.844049724
0.0403075879 -0.842081475
0.0402844623 -0.840114356
0.040261404 -0.838148364
0.0402384129 -0.836183494
0.0402154888 -0.834219745
0.0401926316 -0.832257113
0.0401698412 -0.830295595
0.0401471175 -0.828335186
0.0401244603 -0.826375885
0.0401018695 -0.824417688
0.0400793449 -0.822460591
0.0400568865 -0.820504591
0.0400344941 -0.818549686
0.0400121675 -0.816595871
0.0399899067 -0.814643144
0.0399677116 -0.812691502
0.039945582 -0.810740941
0.0399235177 -0.808791458
0.0399015187 -0.80684305
0.0398795848 -0.804895714
0.039857716 -0.802949446
0.039835912 -0.801004244
0.0398141728 -0.799060104
0.0397924982 -0.797117023
0.0397708882 -0.795174998
0.0397493426 -0.793234025
0.0397278612 -0.791294103
0.039706444 -0.789355227
0.0396850909 -0.787417394
0.0396638016 -0.785480601
0.0396425762 -0.783544846
0.0396214144 -0.781610125
0.0396003163 -0.779676434
0.0395792815 -0.777743772
0.0395583101 -0.775812134
0.0395374019 -0.773881518
0.0395165569 -0.77195192
0.0394957748 -0.770023338
0.0394750555 -0.768095768
0.039454399 -0.766169208
0.0394338052 -0.764243654
0.0394132739 -0.762319103
0.039392805 -0.760395553
0.0393723984 -0.758472999
0.039352054 -0.75655144
0.0393317716 -0.754630872
0.0393115513 -0.752711292
0.0392913927 -0.750792697
0.0392712959 -0.748875084
0.0392512608 -0.74695845
0.0392312871 -0.745042792
0.0392113749 -0.743128107
0.039191524 -0.741214393
0.0391717343 -0.739301645
0.0391520056 -0.737389861
0.0391323379 -0.735479038
0.0391127311 -0.733569174
0.0390931851 -0.731660264
0.0390736997 -0.729752307
0.0390542748 -0.727845299
0.0390349104 -0.725939238
0.0390156064 -0.724034119
0.0389963625 -0.722129941
0.0389771788 -0.720226701
0.0389580551 -0.718324395
0.0389389914 -0.716423021
0.0389199874 -0.714522575
0.0389010432 -0.712623055
0.0388821585 -0.710724458
0.0388633334 -0.708826781
0.0388445677 -0.706930021
0.0388258613 -0.705034175
0.0388072141 -0.70313924
0.0387886259 -0.701245214
0.0387700968 -0.699352093
0.0387516266 -0.697459875
0.0387332152 -0.695568557
0.0387148625 -0.693678135
0.0386965683 -0.691788608
0.0386783327 -0.689899971
0.0386601555 -0.688012223
0.0386420366 -0.686125361
0.0386239759 -0.684239381
0.0386059734 -0.682354281
0.0385880288 -0.680470058
0.0385701422 -0.678586709
0.0385523134 -0.676704231
0.0385345423 -0.674822622
0.0385168289 -0.672941878
0.0384991729 -0.671061998
0.0384815745 -0.669182977
0.0384640334 -0.667304814
0.0384465495 -0.665427505
0.0384291229 -0.663551047
0.0384117532 -0.661675439
0.0383944406 -0.659800677
0.0383771849 -0.657926758
0.0383599859 -0.656053679
0.0383428437 -0.654181439
0.038325758 -0.652310033
0.0383087289 -0.65043946
0.0382917562 -0.648569716
0.0382748399 -0.646700799
0.0382579798 -0.644832706
0.0382411759 -0.642965434
0.0382244281 -0.641098981
0.0382077362 -0.639233344
0.0381911002 -0.637368519
0.0381745201 -0.635504505
0.0381579956 -0.633641299
0.0381415268 -0.631778897
0.0381251136 -0.629917298
0.0381087558 -0.628056498
0.0380924534 -0.626196495
0.0380762063 -0.624337286
0.0380600144 -0.622478869
0.0380438776 -0.62062124
0.0380277958 -0.618764397
0.038011769 -0.616908337
0.037995797 -0.615053058
0.0379798798 -0.613198557
0.0379640174 -0.611344832
0.0379482095 -0.609491879
0.0379324562 -0.607639696
0.0379167573 -0.60578828
0.0379011128 -0.603937629
0.0378855226 -0.60208774
0.0378699866 -0.60023861
0.0378545047 -0.598390237
0.0378390769 -0.596542618
0.037823703 -0.594695751
0.037808383 -0.592849632
0.0377931168 -0.59100426
0.0377779043 -0.589159631
0.0377627455 -0.587315743
0.0377476403 -0.585472593
0.0377325885 -0.58363018
0.0377175901 -0.581788499
0.0377026451 -0.579947549
0.0376877533 -0.578107326
0.0376729147 -0.576267829
0.0376581292 -0.574429055
0.0376433968 -0.572591001
0.0376287172 -0.570753664
0.0376140906 -0.568917042
0.0375995167 -0.567081133
0.0375849956 -0.565245934
0.0375705271 -0.563411441
0.0375561112 -0.561577654
0.0375417477 -0.559744569
0.0375274367 -0.557912183
0.0375131781 -0.556080494
0.0374989717 -0.554249499
0.0374848175 -0.552419197
0.0374707155 -0.550589584
0.0374566655 -0.548760657
0.0374426675 -0.546932415
0.0374287214 -0.545104855
0.0374148272 -0.543277974
0.0374009847 -0.541451769
0.0373871939 -0.539626239
0.0373734548 -0.53780138
0.0373597672 -0.535977191
0.0373461311 -0.534153668
0.0373325465 -0.532330809
0.0373190131 -0.530508612
0.0373055311 -0.528687074
0.0372921002 -0.526866192
0.0372787206 -0.525045964
0.0372653919 -0.523226389
0.0372521143 -0.521407462
0.0372388877 -0.519589182
0.0372257119 -0.517771545
0.0372125869 -0.515954551
0.0371995126 -0.514138196
0.0371864891 -0.512322477
0.0371735161 -0.510507393
0.0371605937 -0.50869294
0.0371477217 -0.506879117
0.0371349002 -0.505065921
0.037122129 -0.503253349
0.037109408 -0.501441399
0.0370967373 -0.499630068
0.0370841168 -0.497819354
0.0370715463 -0.496009255
0.0370590259 -0.494199768
0.0370465554 -0.492390891
0.0370341348 -0.490582621
0.037021764 -0.488774956
0.037009443 -0.486967894
0.0369971718 -0.485161431
0.0369849501 -0.483355566
0.0369727781 -0.481550296
0.0369606556 -0.479745618
0.0369485825 -0.477941531
0.0369365589 -0.476138032
0.0369245846 -0.474335118
0.0369126596 -0.472532788
0.0369007838 -0.470731038
0.0368889571 -0.468929866
0.0368771796 -0.46712927
0.0368654511 -0.465329248
0.0368537716 -0.463529797
0.036842141 -0.461730914
0.0368305593 -0.459932598
0.0368190265 -0.458134846
0.0368075423 -0.456337655
0.0367961069 -0.454541023
0.0367847201 -0.452744948
0.0367733818 -0.450949428
0.0367620921 -0.44915446
0.0367508509 -0.447360041
0.0367396581 -0.44556617
0.0367285136 -0.443772843
0.0367174175 -0.44198006
0.0367063696 -0.440187816
0.0366953698 -0.438396111
0.0366844182 -0.43660494
0.0366735147 -0.434814304
0.0366626593 -0.433024198
0.0366518517 -0.43123462
0.0366410922 -0.429445569
0.0366303804 -0.427657041
0.0366197165 -0.425869035
0.0366091004 -0.424081548
0.0365985319 -0.422294579
0.0365880111 -0.420508123
0.036577538 -0.41872218
0.0365671123 -0.416936746
0.0365567342 -0.415151821
0.0365464035 -0.4133674
0.0365361202 -0.411583482
0.0365258842 -0.409800065
0.0365156956 -0.408017146
0.0365055542 -0.406234724
0.03649546 -0.404452795
0.0364854129 -0.402671357
0.0364754129 -0.400890408
0.03646546 -0.399109947
0.036455554 -0.397329969
0.036445695 -0.395550474
0.0364358829 -0.393771459
0.0364261177 -0.391992921
0.0364163993 -0.390214859
0.0364067276 -0.38843727
0.0363971026 -0.386660152
0.0363875243 -0.384883502
0.0363779926 -0.383107318
0.0363685074 -0.381331599
0.0363590688 -0.379556341
0.0363496766 -0.377781542
0.0363403309 -0.376007201
0.0363310316 -0.374233314
0.0363217786 -0.372459881
0.0363125718 -0.370686897
0.0363034114 -0.368914362
0.0362942971 -0.367142272
0.036285229 -0.365370626
0.0362762069 -0.363599422
0.036267231 -0.361828656
0.0362583011 -0.360058328
0.0362494171 -0.358288434
0.0362405791 -0.356518972
0.036231787 -0.35474994
0.0362230407 -0.352981337
0.0362143402 -0.351213159
0.0362056855 -0.349445404
0.0361970765 -0.347678071
0.0361885132 -0.345911157
0.0361799955 -0.344144659
0.0361715235 -0.342378576
0.0361630969 -0.340612905
0.0361547159 -0.338847644
0.0361463804 -0.337082791
0.0361380903 -0.335318344
0.0361298456 -0.3335543
0.0361216462 -0.331790657
0.0361134921 -0.330027413
0.0361053834 -0.328264566
0.0360973198 -0.326502114
0.0360893015 -0.324740054
0.0360813283 -0.322978384
0.0360734002 -0.321217102
0.0360655172 -0.319456206
0.0360576792 -0.317695693
0.0360498862 -0.315935562
0.0360421382 -0.31417581
0.0360344351 -0.312416434
0.0360267769 -0.310657434
0.0360191636 -0.308898806
0.0360115951 -0.307140549
0.0360040713 -0.30538266
0.0359965923 -0.303625136
0.035989158 -0.301867977
0.0359817683 -0.300111179
0.0359744233 -0.298354741
0.0359671229 -0.29659866
0.0359598671 -0.294842935
0.0359526557 -0.293087562
0.0359454889 -0.29133254
0.0359383665 -0.289577867
0.0359312886 -0.28782354
0.035924255 -0.286069557
0.0359172658 -0.284315917
0.0359103209 -0.282562616
0.0359034203 -0.280809654
0.035896564 -0.279057026
0.0358897518 -0.277304733
0.0358829839 -0.275552771
0.0358762601 -0.273801137
0.0358695804 -0.272049831
0.0358629449 -0.27029885
0.0358563534 -0.268548192
0.0358498059 -0.266797854
0.0358433024 -0.265047834
0.0358368429 -0.263298131
0.0358304273 -0.261548741
0.0358240556 -0.259799664
0.0358177278 -0.258050897
0.0358114438 -0.256302437
0.0358052037 -0.254554283
0.0357990073 -0.252806432
0.0357928547 -0.251058883
0.0357867457 -0.249311633
0.0357806805 -0.24756468
0.035774659 -0.245818021
0.0357686811 -0.244071656
0.0357627468 -0.242325581
0.035756856 -0.240579794
0.0357510089 -0.238834294
0.0357452052 -0.237089078
0.035739445 -0.235344145
0.0357337283 -0.233599491
0.0357280551 -0.231855115
0.0357224252 -0.230111015
0.0357168388 -0.228367189
0.0357112957 -0.226623634
0.0357057959 -0.224880349
0.0357003394 -0.223137331
0.0356949262 -0.221394578
0.0356895563 -0.219652088
0.0356842296 -0.217909859
0.0356789461 -0.216167889
0.0356737057 -0.214426176
0.0356685085 -0.212684717
0.0356633545 -0.210943511
0.0356582435 -0.209202556
0.0356531757 -0.207461848
0.0356481509 -0.205721387
0.0356431691 -0.203981171
0.0356382303 -0.202241196
0.0356333345 -0.200501461
0.0356284816 -0.198761964
0.0356236717 -0.197022703
0.0356189047 -0.195283675
0.0356141806 -0.193544879
0.0356094994 -0.191806312
0.035604861 -0.190067973
0.0356002654 -0.188329859
0.0355957127 -0.186591968
0.0355912027 -0.184854299
0.0355867355 -0.183116848
0.035582311 -0.181379615
0.0355779292 -0.179642596
0.0355735901 -0.17790579
0.0355692937 -0.176169194
0.03556504 -0.174432808
0.0355608288 -0.172696627
0.0355566603 -0.170960652
0.0355525344 -0.169224878
0.0355484511 -0.167489305
0.0355444103 -0.16575393
0.0355404121 -0.164018752
0.0355364563 -0.162283767
0.0355325431 -0.160548974
0.0355286724 -0.158814371
0.0355248441 -0.157079956
0.0355210582 -0.155345727
0.0355173148 -0.153611682
0.0355136138 -0.151877818
0.0355099552 -0.150144133
0.0355063389 -0.148410627
0.035502765 -0.146677295
0.0354992335 -0.144944137
0.0354957442 -0.14321115
0.0354922973 -0.141478333
0.0354888927 -0.139745682
0.0354855303 -0.138013197
0.0354822102 -0.136280875
0.0354789323 -0.134548714
0.0354756966 -0.132816711
0.0354725032 -0.131084866
0.035469352 -0.129353175
0.0354662429 -0.127621637
0.035463176 -0.12589025
0.0354601512 -0.124159011
0.0354571686 -0.122427919
0.0354542281 -0.120696972
0.0354513298 -0.118966167
0.0354484735 -0.117235502
0.0354456593 -0.115504976
0.0354428871 -0.113774586
0.035440157 -0.11204433
0.035437469 -0.110314206
0.035434823 -0.108584213
0.035432219 -0.106854347
0.035429657 -0.105124608
0.035427137 -0.103394993
0.035424659 -0.101665499
0.0354222229 -0.0999361256
0.0354198288 -0.0982068699
0.0354174767 -0.09647773
0.0354151665 -0.0947487039
0.0354128982 -0.0930197895
0.0354106718 -0.0912909847
0.0354084873 -0.0895622876
0.0354063447 -0.087833696
0.035404244 -0.0861052079
0.0354021852 -0.0843768214
0.0354001682 -0.0826485342
0.0353981931 -0.0809203445
0.0353962598 -0.0791922501
0.0353943684 -0.0774642491
0.0353925188 -0.0757363393
0.035390711 -0.0740085187
0.035388945 -0.0722807854
0.0353872208 -0.0705531372
0.0353855384 -0.0688255721
0.0353838978 -0.0670980881
0.035382299 -0.0653706831
0.0353807419 -0.0636433551
0.0353792266 -0.0619161021
0.035377753 -0.060188922
0.0353763212 -0.0584618128
0.0353749312 -0.0567347724
0.0353735828 -0.0550077989
0.0353722762 -0.0532808901
0.0353710113 -0.051554044
0.0353697882 -0.0498272587
0.0353686067 -0.048100532
0.035367467 -0.046373862
0.0353663689 -0.0446472465
0.0353653125 -0.0429206837
0.0353642979 -0.0411941713
0.0353633249 -0.0394677075
0.0353623936 -0.0377412901
0.0353615039 -0.0360149171
0.0353606559 -0.0342885866
0.0353598496 -0.0325622963
0.035359085 -0.0308360445
0.035358362 -0.0291098289
0.0353576807 -0.0273836476
0.035357041 -0.0256574985
0.035356443 -0.0239313796
0.0353558866 -0.0222052888
0.0353553719 -0.0204792242
0.0353548988 -0.0187531837
0.0353544673 -0.0170271653
0.0353540775 -0.0153011669
0.0353537293 -0.0135751865
0.0353534228 -0.0118492221
0.0353531579 -0.0101232717
0.0353529346 -0.00839733311
0.0353527529 -0.00667140443
0.0353526129 -0.0049454836
0.0353525145 -0.00321956859
0.0353524578 -0.00149365737
0.0353524426 0.000232252106
0.0353524691 0.00195816185
0.0353525372 0.00368407391
0.035352647 0.00540999031
0.0353527983 0.00713591307
0.0353529913 0.00886184424
0.035353226 0.0105877858
0.0353535022 0.0123137399
0.0353538201 0.0140397085
0.0353541797 0.0157656936
0.0353545808 0.0174916972
0.0353550236 0.0192177215
0.0353555081 0.0209437683
0.0353560341 0.0226698398
0.0353566019 0.024395938
0.0353572113 0.026122065
0.0353578623 0.0278482226
0.035358555 0.0295744131
0.0353592893 0.0313006384
0.0353600653 0.0330269005
0.0353608829 0.0347532015
0.0353617423 0.0364795434
0.0353626433 0.0382059283
0.0353635859 0.0399323582
0.0353645703 0.041658835
0.0353655963 0.0433853609
0.0353666641 0.0451119379
0.0353677735 0.0468385681
0.0353689246 0.0485652533
0.0353701174 0.0502919958
0.035371352 0.0520187975
0.0353726282 0.0537456604
0.0353739462 0.0554725867
0.0353753059 0.0571995782
0.0353767074 0.0589266371
0.0353781506 0.0606537655
0.0353796355 0.0623809653
0.0353811622 0.0641082385
0.0353827306 0.0658355873
0.0353843409 0.0675630136
0.0353859929 0.0692905195
0.0353876867 0.0710181071
0.0353894222 0.0727457783
0.0353911996 0.0744735352
0.0353930188 0.0762013799
0.0353948798 0.0779293143
0.0353967827 0.0796573406
0.0353987273 0.0813854608
0.0354007139 0.0831136768
0.0354027422 0.0848419909
0.0354048125 0.0865704049
0.0354069246 0.088298921
0.0354090786 0.0900275411
0.0354112745 0.0917562674
0.0354135123 0.0934851019
0.035415792 0.0952140465
0.0354181137 0.0969431035
0.0354204773 0.0986722747
0.0354228828 0.100401562
0.0354253303 0.102130968
0.0354278198 0.103860495
0.0354303512 0.105590144
0.0354329246 0.107319917
0.0354355401 0.109049817
0.0354381976 0.110779846
0.0354408971 0.112510006
0.0354436386 0.114240298
0.0354464222 0.115970725
0.0354492479 0.117701289
0.0354521157 0.119431991
0.0354550255 0.121162835
0.0354579775 0.122893822
0.0354609716 0.124624954
0.0354640078 0.126356233
0.0354670862 0.128087661
0.0354702068 0.12981924
0.0354733695 0.131550973
0.0354765745 0.133282861
0.0354798216 0.135014906
0.035483111 0.136747111
0.0354864427 0.138479478
0.0354898166 0.140212008
0.0354932327 0.141944703
0.0354966912 0.143677567
0.035500192 0.1454106
0.0355037351 0.147143805
0.0355073205 0.148877184
0.0355109483 0.150610739
0.0355146185 0.152344472
0.0355183311 0.154078385
0.0355220861 0.155812481
0.0355258835 0.157546761
0.0355297233 0.159281226
0.0355336057 0.161015881
0.0355375305 0.162750726
0.0355414978 0.164485763
0.0355455076 0.166220995
0.03554956 0.167956424
0.035553655 0.169692051
0.0355577925 0.17142788
0.0355619726 0.173163911
0.0355661953 0.174900147
0.0355704607 0.176636591
0.0355747688 0.178373243
0.0355791195 0.180110107
0.0355835129 0.181847184
0.0355879491 0.183584477
0.0355924279 0.185321987
0.0355969496 0.187059717
0.035601514 0.188797668
0.0356061213 0.190535843
0.0356107713 0.192274244
0.0356154643 0.194012873
0.0356202001 0.195751732
0.0356249788 0.197490823
0.0356298004 0.199230149
0.0356346649 0.20096971
0.0356395725 0.20270951
0.035644523 0.204449551
0.0356495165 0.206189834
0.035654553 0.207930362
0.0356596327 0.209671137
0.0356647554 0.21141216
0.0356699212 0.213153435
0.0356751301 0.214894963
0.0356803822 0.216636746
0.0356856775 0.218378786
0.035691016 0.220121086
0.0356963978 0.221863647
0.0357018228 0.223606472
0.035707291 0.225349563
0.0357128026 0.227092922
0.0357183576 0.22883655
0.0357239559 0.230580451
0.0357295975 0.232324626
0.0357352826 0.234069077
0.0357410112 0.235813807
0.0357467832 0.237558818
0.0357525988 0.239304111
0.0357584578 0.241049689
0.0357643604 0.242795554
0.0357703066 0.244541708
0.0357762964 0.246288153
0.0357823299 0.248034891
0.035788407 0.249781925
0.0357945279 0.251529257
0.0358006924 0.253276888
0.0358069007 0.255024821
0.0358131529 0.256773059
0.0358194488 0.258521602
0.0358257886 0.260270454
0.0358321722 0.262019616
0.0358385998 0.26376909
0.0358450713 0.26551888
0.0358515868 0.267268986
0.0358581463 0.269019411
0.0358647498 0.270770157
0.0358713974 0.272521227
0.0358780891 0.274272622
0.0358848249 0.276024345
0.0358916049 0.277776397
0.0358984291 0.279528781
0.0359052975 0.2812815
0.0359122102 0.283034554
0.0359191672 0.284787947
0.0359261685 0.286541681
0.0359332142 0.288295757
0.0359403043 0.290050178
0.0359474388 0.291804946
0.0359546177 0.293560064
0.0359618412 0.295315533
0.0359691092 0.297071355
0.0359764218 0.298827533
0.035983779 0.300584069
0.0359911808 0.302340965
0.0359986273 0.304098223
0.0360061186 0.305855846
0.0360136545 0.307613836
0.0360212353 0.309372194
0.0360288609 0.311130923
0.0360365313 0.312890025
0.0360442467 0.314649503
0.0360520069 0.316409358
0.0360598122 0.318169594
0.0360676625 0.319930211
0.0360755578 0.321691212
0.0360834982 0.323452599
0.0360914837 0.325214375
0.0360995144 0.326976542
0.0361075903 0.328739102
0.0361157114 0.330502057
0.0361238778 0.332265409
0.0361320896 0.334029161
0.0361403467 0.335793315
0.0361486492 0.337557873
0.0361569971 0.339322837
0.0361653906 0.341088209
0.0361738295 0.342853992
0.036182314 0.344620188
0.0361908442 0.346386799
0.0361994199 0.348153828
0.0362080414 0.349921276
0.0362167086 0.351689146
0.0362254216 0.353457439
0.0362341804 0.35522616
0.036242985 0.356995308
0.0362518356 0.358764887
0.0362607321 0.3605349
0.0362696746 0.362305347
0.0362786631 0.364076232
0.0362876977 0.365847557
0.0362967784 0.367619324
0.0363059053 0.369391535
0.0363150784 0.371164192
0.0363242978 0.372937298
0.0363335635 0.374710855
0.0363428755 0.376484866
0.0363522339 0.378259331
0.0363616387 0.380034255
0.03637109 0.381809639
0.0363805879 0.383585485
0.0363901323 0.385361795
0.0363997234 0.387138573
0.0364093611 0.388915819
0.0364190456 0.390693537
0.0364287768 0.392471729
0.0364385548 0.394250396
0.0364483797 0.396029542
0.0364582516 0.397809168
0.0364681703 0.399589278
0.0364781361 0.401369872
0.036488149 0.403150954
0.0364982089 0.404932525
0.036508316 0.406714589
0.0365184703 0.408497147
0.0365286719 0.410280201
0.0365389208 0.412063755
0.036549217 0.413847809
0.0365595607 0.415632367
0.0365699518 0.417417431
0.0365803904 0.419203004
0.0365908766 0.420989087
0.0366014104 0.422775682
0.0366119919 0.424562793
0.0366226211 0.426350421
0.036633298 0.428138569
0.0366440228 0.429927239
0.0366547955 0.431716434
0.0366656161 0.433506155
0.0366764847 0.435296406
0.0366874014 0.437087188
0.0366983661 0.438878504
0.036709379 0.440670356
0.0367204401 0.442462747
0.0367315495 0.444255678
0.0367427071 0.446049153
0.0367539132 0.447843174
0.0367651677 0.449637742
0.0367764706 0.451432861
0.0367878221 0.453228532
0.0367992222 0.455024759
0.036810671 0.456821543
0.0368221684 0.458618886
0.0368337147 0.460416792
0.0368453097 0.462215263
0.0368569537 0.4640143
0.0368686465 0.465813907
0.0368803884 0.467614086
0.0368921794 0.469414838
0.0369040195 0.471216168
0.0369159087 0.473018076
0.0369278472 0.474820565
0.036939835 0.476623638
0.0369518721 0.478427298
0.0369639587 0.480231546
0.0369760948 0.482036385
0.0369882803 0.483841817
0.0370005155 0.485647845
0.0370128004 0.487454471
0.037025135 0.489261698
0.0370375194 0.491069528
0.0370499536 0.492877963
0.0370624377 0.494687006
0.0370749719 0.49649666
0.037087556 0.498306927
0.0371001903 0.500117808
0.0371128747 0.501929308
0.0371256094 0.503741427
0.0371383944 0.50555417
0.0371512297 0.507367537
0.0371641155 0.509181532
0.0371770517 0.510996156
0.0371900385 0.512811413
0.037203076 0.514627305
0.0372161641 0.516443835
0.037229303 0.518261004
0.0372424927 0.520078816
0.0372557333 0.521897272
0.0372690248 0.523716376
0.0372823674 0.52553613
0.0372957611 0.527356535
0.0373092059 0.529177596
0.037322702 0.530999314
0.0373362494 0.532821691
0.0373498481 0.534644731
0.0373634983 0.536468436
0.0373772 0.538292808
0.0373909532 0.540117849
0.0374047581 0.541943564
0.0374186148 0.543769952
0.0374325232 0.545597019
0.0374464835 0.547424765
0.0374604957 0.549253194
0.0374745599 0.551082307
0.0374886762 0.552912108
0.0375028447 0.554742599
0.0375170654 0.556573783
0.0375313383 0.558405662
0.0375456637 0.560238239
0.0375600415 0.562071515
0.0375744718 0.563905495
0.0375889547 0.56574018
0.0376034902 0.567575573
0.0376180785 0.569411677
0.0376327197 0.571248493
0.0376474137 0.573086025
0.0376621607 0.574924276
0.0376769607 0.576763247
0.0376918139 0.578602942
0.0377067202 0.580443363
0.0377216798 0.582284512
0.0377366928 0.584126393
0.0377517592 0.585969008
0.0377668791 0.587812358
0.0377820526 0.589656448
0.0377972798 0.59150128
0.0378125607 0.593346856
0.0378278955 0.595193179
0.0378432841 0.597040251
0.0378587268 0.598888076
0.0378742235 0.600736655
0.0378897743 0.602585992
0.0379053794 0.604436089
0.0379210388 0.606286948
0.0379367526 0.608138573
0.0379525208 0.609990966
0.0379683436 0.61184413
0.0379842211 0.613698067
0.0380001533 0.61555278
0.0380161402 0.617408272
0.0380321821 0.619264545
0.0380482789 0.621121603
0.0380644308 0.622979447
0.0380806379 0.62483808
0.0380969001 0.626697506
0.0381132177 0.628557726
0.0381295907 0.630418744
0.0381460192 0.632280562
0.0381625032 0.634143183
0.0381790429 0.63600661
0.0381956383 0.637870845
0.0382122896 0.639735891
0.0382289968 0.641601751
0.03824576 0.643468428
0.0382625793 0.645335923
0.0382794548 0.647204241
0.0382963866 0.649073384
0.0383133747 0.650943354
0.0383304193 0.652814154
0.0383475205 0.654685788
0.0383646783 0.656558257
0.0383818928 0.658431564
0.0383991641 0.660305713
0.0384164923 0.662180707
0.0384338776 0.664056547
0.0384513199 0.665933236
0.0384688195 0.667810778
0.0384863763 0.669689175
0.0385039905 0.671568431
0.0385216622 0.673448547
0.0385393914 0.675329527
0.0385571783 0.677211373
0.038575023 0.679094088
0.0385929255 0.680977676
0.038610886 0.682862138
0.0386289045 0.684747479
0.0386469811 0.686633699
0.038665116 0.688520803
0.0386833092 0.690408794
0.0387015609 0.692297673
0.038719871 0.694187445
0.0387382398 0.696078111
0.0387566674 0.697969675
0.0387751538 0.699862139
0.0387936991 0.701755507
0.0388123034 0.703649781
0.0388309668 0.705544965
0.0388496895 0.70744106
0.0388684715 0.709338071
0.038887313 0.711235999
0.038906214 0.713134848
0.0389251746 0.71503462
0.0389441949 0.716935319
0.0389632751 0.718836948
0.0389824153 0.720739509
0.0390016155 0.722643006
0.0390208758 0.72454744
0.0390401965 0.726452816
0.0390595774 0.728359136
0.0390790189 0.730266403
0.0390985209 0.73217462
0.0391180837 0.73408379
0.0391377072 0.735993916
0.0391573916 0.737905001
0.039177137 0.739817048
0.0391969435 0.74173006
0.0392168112 0.74364404
0.0392367403 0.74555899
0.0392567308 0.747474915
0.0392767829 0.749391816
0.0392968966 0.751309697
0.0393170721 0.753228561
0.0393373095 0.755148411
0.0393576089 0.757069249
0.0393779704 0.75899108
0.0393983941 0.760913906
0.0394188801 0.762837729
0.0394394286 0.764762554
0.0394600396 0.766688383
0.0394807133 0.768615219
0.0395014498 0.770543065
0.0395222492 0.772471924
0.0395431116 0.7744018
0.0395640372 0.776332695
0.039585026 0.778264613
0.0396060781 0.780197556
0.0396271937 0.782131528
0.039648373 0.784066532
0.0396696159 0.78600257
0.0396909227 0.787939647
0.0397122935 0.789877765
0.0397337283 0.791816927
0.0397552273 0.793757136
0.0397767906 0.795698396
0.0397984184 0.797640709
0.0398201107 0.79958408
0.0398418677 0.80152851
0.0398636895 0.803474003
0.0398855762 0.805420563
0.039907528 0.807368192
0.0399295449 0.809316893
0.0399516271 0.811266671
0.0399737747 0.813217527
0.0399959879 0.815169466
0.0400182668 0.81712249
0.0400406114 0.819076602
0.0400630219 0.821031806
0.0400854985 0.822988106
0.0401080413 0.824945503
0.0401306504 0.826904002
0.0401533259 0.828863606
0.0401760679 0.830824318
0.0401988767 0.832786141
0.0402217522 0.834749078
0.0402446947 0.836713133
0.0402677043 0.838678309
0.0402907811 0.840644609
0.0403139252 0.842612037
0.0403371368 0.844580596
0.040360416 0.846550289
0.040383763 0.848521119
0.0404071778 0.85049309
0.0404306606 0.852466205
0.0404542115 0.854440467
0.0404778307 0.85641588
0.0405015183 0.858392447
0.0405252745 0.860370172
0.0405490994 0.862349057
0.040572993 0.864329106
0.0405969556 0.866310322
0.0406209874 0.86829271
0.0406450883 0.870276271
0.0406692586 0.872261011
0.0406934985 0.874246931
0.0407178079 0.876234035
0.0407421872 0.878222327
0.0407666364 0.88021181
0.0407911557 0.882202488
0.0408157452 0.884194364
0.040840405 0.886187441
0.0408651354 0.888181723
0.0408899364 0.890177213
0.0409148081 0.892173915
0.0409397509 0.894171833
0.0409647647 0.896170968
0.0409898497 0.898171326
0.0410150061 0.90017291
0.041040234 0.902175722
0.0410655336 0.904179768
0.041090905 0.906185049
0.0411163484 0.90819157
0.0411418638 0.910199334
0.0411674516 0.912208344
0.0411931117 0.914218605
0.0412188445 0.916230119
0.0412446499 0.918242891
0.0412705282 0.920256923
0.0412964795 0.92227222
0.041322504 0.924288784
0.0413486018 0.926306621
0.0413747731 0.928325732
0.0414010181 0.930346121
0.0414273368 0.932367793
0.0414537295 0.934390751
0.0414801962 0.936414998
0.0415067373 0.938440539
0.0415333527 0.940467375
0.0415600428 0.942495513
0.0415868075 0.944524954
0.0416136472 0.946555703
0.0416405619 0.948587763
0.0416675518 0.950621138
0.0416946172 0.952655832
0.041721758 0.954691848
0.0417489746 0.95672919
0.041776267 0.958767861
0.0418036354 0.960807866
0.04183108 0.962849208
0.041858601 0.964891891
0.0418861985 0.966935918
0.0419138727 0.968981294
0.0419416238 0.971028022
0.0419694519 0.973076105
0.0419973571 0.975125548
0.0420253398 0.977176354
0.0420533999 0.979228528
0.0420815378 0.981282072
0.0421097535 0.983336991
0.0421380473 0.985393288
0.0421664192 0.987450968
0.0421948696 0.989510033
0.0422233985 0.991570489
0.0422520061 0.993632338
0.0422806927 0.995695585
0.0423094583 0.997760233
0.0423383032 0.999826287
0.0423672275 1.00189375
0.0423962314 1.00396263
0.0424253151 1.00603292
0.0424544788 1.00810463
0.0424837226 1.01017777
0.0425130467 1.01225234
0.0425424513 1.01432834
0.0425719366 1.01640577
0.0426015028 1.01848465
0.04263115 1.02056497
0.0426608785 1.02264674
0.0426906884 1.02472996
0.0427205798 1.02681464
0.042750553 1.02890078
0.0427806083 1.03098838
0.0428107456 1.03307745
0.0428409653 1.03516799
0.0428712675 1.03726001
0.0429016525 1.03935351
0.0429321203 1.0414485
0.0429626713 1.04354497
0.0429933055 1.04564293
0.0430240232 1.0477424
0.0430548246 1.04984336
0.0430857098 1.05194582
0.0431166791 1.0540498
0.0431477326 1.05615529
0.0431788706 1.05826229
0.0432100932 1.06037082
0.0432414007 1.06248087
0.0432727931 1.06459245
0.0433042708 1.06670557
0.043335834 1.06882022
0.0433674827 1.07093642
0.0433992173 1.07305416
0.0434310379 1.07517345
0.0434629448 1.07729429
0.043494938 1.0794167
0.043527018 1.08154066
0.0435591847 1.0836662
0.0435914385 1.0857933
0.0436237795 1.08792198
0.043656208 1.09005224
0.0436887241 1.09218409
0.0437213281 1.09431752
0.0437540202 1.09645255
0.0437868005 1.09858917
0.0438196694 1.1007274
0.0438526269 1.10286723
0.0438856734 1.10500867
0.043918809 1.10715172
0.0439520339 1.10929639
0.0439853484 1.11144269
0.0440187527 1.11359061
0.0440522469 1.11574017
0.0440858313 1.11789136
0.0441195062 1.12004419
0.0441532717 1.12219867
0.044187128 1.1243548
0.0442210754 1.12651258
0.0442551141 1.12867202
0.0442892443 1.13083312
0.0443234662 1.13299589
0.0443577801 1.13516033
0.0443921862 1.13732644
0.0444266847 1.13949424
0.0444612758 1.14166372
0.0444959597 1.1438349
0.0445307368 1.14600776
0.0445656071 1.14818233
0.044600571 1.1503586
0.0446356287 1.15253657
0.0446707804 1.15471626
0.0447060262 1.15689767
0.0447413666 1.1590808
0.0447768016 1.16126565
0.0448123316 1.16345224
0.0448479567 1.16564056
0.0448836773 1.16783062
0.0449194934 1.17002242
0.0449554055 1.17221598
0.0449914136 1.17441129
0.0450275181 1.17660836
0.0450637192 1.17880719
0.0451000171 1.18100779
0.0451364121 1.18321017
0.0451729044 1.18541432
0.0452094942 1.18762025
0.0452461819 1.18982797
0.0452829676 1.19203749
0.0453198516 1.1942488
0.0453568341 1.19646191
0.0453939154 1.19867683
0.0454310958 1.20089356
0.0454683755 1.2031121
0.0455057546 1.20533247
0.0455432336 1.20755466
0.0455808127 1.20977869
0.045618492 1.21200455
0.0456562719 1.21423225
0.0456941525 1.21646179
0.0457321343 1.21869319
0.0457702174 1.22092644
0.045808402 1.22316155
0.0458466885 1.22539853
0.0458850771 1.22763737
0.0459235681 1.22987809
0.0459621617 1.2321207
0.0460008582 1.23436518
0.0460396578 1.23661156
0.0460785609 1.23885983
0.0461175676 1.24111001
0.0461566783 1.24336208
0.0461958933 1.24561607
0.0462352127 1.24787198
0.0462746369 1.2501298
0.0463141661 1.25238955
0.0463538006 1.25465123
0.0463935408 1.25691485
0.0464333867 1.25918041
0.0464733389 1.26144791
0.0465133974 1.26371737
0.0465535626 1.26598878
0.0465938348 1.26826215
0.0466342142 1.2705375
0.0466747012 1.27281481
0.046715296 1.2750941
0.0467559988 1.27737538
0.0467968101 1.27965864
0.04683773 1.28194389
0.0468787589 1.28423115
0.046919897 1.28652041
0.0469611447 1.28881168
0.0470025021 1.29110496
0.0470439697 1.29340026
0.0470855477 1.29569759
0.0471272364 1.29799695
0.0471690361 1.30029835
0.047210947 1.30260178
0.0472529696 1.30490727
0.047295104 1.30721481
0.0473373506 1.3095244
0.0473797097 1.31183606
0.0474221816 1.31414979
0.0474647666 1.31646559
0.047507465 1.31878347
0.047550277 1.32110344
0.0475932031 1.3234255
0.0476362434 1.32574965
0.0476793984 1.32807591
0.0477226683 1.33040428
0.0477660535 1.33273476
0.0478095542 1.33506735
0.0478531707 1.33740208
0.0478969035 1.33973893
0.0479407527 1.34207792
0.0479847187 1.34441905
0.0480288019 1.34676233
0.0480730025 1.34910776
0.0481173209 1.35145535
0.0481617574 1.35380511
0.0482063123 1.35615703
0.0482509859 1.35851114
0.0482957786 1.36086742
0.0483406907 1.36322589
0.0483857225 1.36558656
0.0484308743 1.36794942
0.0484761466 1.37031449
0.0485215395 1.37268177
0.0485670535 1.37505127
0.0486126889 1.377423
0.048658446 1.37979695
0.0487043251 1.38217313
0.0487503266 1.38455156
0.0487964509 1.38693223
0.0488426982 1.38931516
0.048889069 1.39170034
0.0489355635 1.39408779
0.0489821821 1.39647751
0.0490289252 1.39886951
0.0490757931 1.40126379
0.0491227861 1.40366036
0.0491699046 1.40605923
0.049217149 1.40846039
0.0492645196 1.41086387
0.0493120167 1.41326966
0.0493596408 1.41567776
0.0494073921 1.4180882
0.0494552711 1.42050096
0.049503278 1.42291607
0.0495514134 1.42533352
0.0495996774 1.42775332
0.0496480705 1.43017547
0.0496965931 1.43259999
0.0497452455 1.43502689
0.0497940281 1.43745615
0.0498429413 1.4398878
0.0498919853 1.44232184
0.0499411607 1.44475828
0.0499904678 1.44719711
0.0500399069 1.44963836
0.0500894785 1.45208201
0.0501391829 1.45452809
0.0501890205 1.4569766
0.0502389916 1.45942754
0.0502890967 1.46188093
0.0503393362 1.46433676
0.0503897104 1.46679504
0.0504402198 1.46925578
0.0504908646 1.47171899
0.0505416454 1.47418468
0.0505925624 1.47665284
0.0506436162 1.47912349
0.050694807 1.48159664
0.0507461354 1.48407228
0.0507976016 1.48655043
0.0508492061 1.4890311
0.0509009494 1.49151428
0.0509528317 1.494
0.0510048535 1.49648824
0.0510570153 1.49897903
0.0511093173 1.50147237
0.0511617601 1.50396825
0.0512143441 1.50646671
0.0512670696 1.50896772
0.0513199371 1.51147132
0.051372947 1.51397749
0.0514260997 1.51648626
0.0514793957 1.51899762
0.0515328353 1.52151158
0.051586419 1.52402816
0.0516401472 1.52654735
0.0516940204 1.52906916
0.0517480389 1.53159361
0.0518022032 1.53412069
0.0518565138 1.53665042
0.051910971 1.53918281
0.0519655754 1.54171785
0.0520203273 1.54425556
0.0520752272 1.54679594
0.0521302755 1.549339
0.0521854726 1.55188476
0.0522408192 1.5544332
0.0522963154 1.55698436
0.0523519619 1.55953822
0.0524077591 1.5620948
0.0524637074 1.5646541
0.0525198072 1.56721614
0.0525760591 1.56978091
0.0526324635 1.57234844
0.0526890208 1.57491872
0.0527457316 1.57749176
0.0528025962 1.58006757
0.0528596152 1.58264616
0.052916789 1.58522753
0.0529741181 1.58781169
0.0530316029 1.59039866
0.053089244 1.59298843
0.0531470417 1.59558102
0.0532049967 1.59817642
0.0532631093 1.60077466
0.0533213801 1.60337574
0.0533798095 1.60597967
0.0534383981 1.60858644
0.0534971462 1.61119608
0.0535560544 1.61380859
0.0536151233 1.61642398
0.0536743532 1.61904225
0.0537337446 1.62166341
0.0537932982 1.62428747
0.0538530143 1.62691444
0.0539128936 1.62954433
0.0539729364 1.63217714
0.0540331432 1.63481288
0.0540935147 1.63745157
0.0541540513 1.6400932
0.0542147536 1.64273779
0.0542756219 1.64538535
0.0543366569 1.64803587
0.0543978591 1.65068938
0.054459229 1.65334588
0.0545207671 1.65600537
0.054582474 1.65866787
0.0546443501 1.66133338
0.054706396 1.66400191
0.0547686123 1.66667348
0.0548309994 1.66934808
0.054893558 1.67202573
0.0549562885 1.67470643
0.0550191914 1.6773902
0.0550822675 1.68007704
0.0551455171 1.68276696
0.0552089408 1.68545997
0.0552725392 1.68815607
0.0553363128 1.69085529
0.0554002623 1.69355761
0.055464388 1.69626306
0.0555286907 1.69897164
0.0555931708 1.70168337
0.055657829 1.70439824
0.0557226658 1.70711626
0.0557876817 1.70983746
0.0558528774 1.71256183
0.0559182534 1.71528938
0.0559838103 1.71802013
0.0560495487 1.72075407
0.0561154691 1.72349123
0.0561815722 1.72623161
0.0562478585 1.72897521
0.0563143286 1.73172206
0.0563809831 1.73447214
0.0564478226 1.73722549
0.0565148477 1.73998209
0.056582059 1.74274198
0.0566494572 1.74550514
0.0567170427 1.74827159
0.0567848162 1.75104135
0.0568527784 1.75381441
0.0569209298 1.75659079
0.056989271 1.75937051
0.0570578027 1.76215355
0.0571265255 1.76493995
0.05719544 1.7677297
0.0572645469 1.77052282
0.0573338467 1.77331931
0.0574033401 1.77611919
0.0574730278 1.77892245
0.0575429103 1.78172913
0.0576129883 1.78453921
0.0576832625 1.78735272
0.0577537335 1.79016966
0.0578244019 1.79299004
0.0578952684 1.79581387
0.0579663337 1.79864116
0.0580375984 1.80147192
0.0581090631 1.80430617
0.0581807286 1.8071439
0.0582525954 1.80998513
0.0583246643 1.81282987
0.0583969359 1.81567813
0.058469411 1.81852992
0.0585420901 1.82138525
0.058614974 1.82424413
0.0586880633 1.82710657
0.0587613588 1.82997258
0.058834861 1.83284216
0.0589085708 1.83571534
0.0589824888 1.83859211
0.0590566157 1.8414725
0.0591309521 1.8443565
0.0592054989 1.84724413
0.0592802567 1.85013541
0.0593552263 1.85303033
0.0594304082 1.85592892
0.0595058033 1.85883117
0.0595814123 1.86173711
0.0596572359 1.86464674
0.0597332748 1.86756008
0.0598095298 1.87047712
0.0598860015 1.87339789
0.0599626908 1.8763224
0.0600395983 1.87925065
0.0601167248 1.88218265
0.060194071 1.88511842
0.0602716378 1.88805797
0.0603494258 1.89100131
0.0604274358 1.89394844
0.0605056686 1.89689939
0.0605841249 1.89985415
0.0606628054 1.90281274
0.0607417111 1.90577518
0.0608208426 1.90874147
0.0609002006 1.91171163
0.0609797861 1.91468565
0.0610595997 1.91766357
0.0611396423 1.92064538
0.0612199147 1.9236311
0.0613004176 1.92662074
0.0613811518 1.92961432
0.0614621181 1.93261183
0.0615433175 1.9356133
0.0616247505 1.93861873
0.0617064181 1.94162814
0.0617883211 1.94464154
0.0618704603 1.94765893
0.0619528366 1.95068034
0.0620354506 1.95370577
0.0621183034 1.95673523
0.0622013956 1.95976874
0.0622847283 1.96280631
0.0623683021 1.96584794
0.0624521179 1.96889366
0.0625361766 1.97194347
0.0626204791 1.97499738
0.0627050262 1.97805541
0.0627898187 1.98111757
0.0628748576 1.98418387
0.0629601436 1.98725432
0.0630456778 1.99032894
0.0631314608 1.99340773
0.0632174937 1.99649071
0.0633037773 1.99957789
0.0633903125 2.00266929
0.0634771002 2.00576491
0.0635641413 2.00886477
0.0636514367 2.01196888
0.0637389873 2.01507725
0.0638267939 2.01818989
0.0639148576 2.02130683
0.0640031793 2.02442806
0.0640917598 2.0275536
0.0641806001 2.03068348
0.0642697011 2.03381768
0.0643590638 2.03695624
0.0644486891 2.04009917
0.0645385779 2.04324646
0.0646287312 2.04639815
0.0647191499 2.04955424
0.0648098351 2.05271475
0.0649007876 2.05587968
0.0649920084 2.05904905
0.0650834985 2.06222288
0.0651752589 2.06540118
0.0652672906 2.06858395
0.0653595945 2.07177122
0.0654521716 2.074963
0.065545023 2.07815929
0.0656381496 2.08136012
0.0657315524 2.0845655
0.0658252324 2.08777544
0.0659191907 2.09098995
0.0660134282 2.09420905
0.0661079461 2.09743275
0.0662027452 2.10066107
0.0662978267 2.10389401
0.0663931916 2.1071316
0.0664888409 2.11037384
0.0665847756 2.11362075
0.0666809969 2.11687235
0.0667775058 2.12012864
0.0668743033 2.12338965
0.0669713905 2.12665539
0.0670687685 2.12992586
0.0671664383 2.13320109
0.0672644011 2.13648108
0.0673626579 2.13976587
0.0674612099 2.14305544
0.067560058 2.14634983
0.0676592035 2.14964905
0.0677586474 2.1529531
0.0678583908 2.15626202
0.0679584349 2.1595758
0.0680587808 2.16289447
0.0681594296 2.16621803
0.0682603825 2.16954651
0.0683616405 2.17287992
0.0684632049 2.17621827
0.0685650768 2.17956158
0.0686672573 2.18290987
0.0687697476 2.18626314
0.068872549 2.18962142
0.0689756624 2.19298472
0.0690790892 2.19635305
0.0691828305 2.19972643
0.0692868875 2.20310488
0.0693912615 2.20648841
0.0694959535 2.20987703
0.0696009648 2.21327076
0.0697062967 2.21666963
0.0698119504 2.22007363
0.069917927 2.22348279
0.0700242278 2.22689713
0.0701308541 2.23031666
0.0702378071 2.23374139
0.070345088 2.23717134
0.0704526982 2.24060653
0.0705606388 2.24404698
0.0706689111 2.24749269
0.0707775164 2.2509437
0.0708864561 2.2544
0.0709957313 2.25786162
0.0711053434 2.26132858
0.0712152937 2.26480089
0.0713255835 2.26827857
0.0714362141 2.27176163
0.0715471868 2.27525009
0.0716585029 2.27874397
0.0717701639 2.28224329
0.0718821709 2.28574805
0.0719945255 2.28925829
0.0721072288 2.29277401
0.0722202823 2.29629523
0.0723336874 2.29982198
0.0724474454 2.30335425
0.0725615577 2.30689209
0.0726760257 2.31043549
0.0727908508 2.31398448
0.0729060344 2.31753908
0.0730215779 2.3210993
0.0731374827 2.32466516
0.0732537503 2.32823669
0.073370382 2.33181388
0.0734873793 2.33539677
0.0736047436 2.33898538
0.0737224765 2.34257971
0.0738405793 2.34617979
0.0739590536 2.34978563
0.0740779007 2.35339726
0.0741971223 2.3570147
0.0743167197 2.36063795
0.0744366945 2.36426704
0.0745570481 2.36790199
0.0746777822 2.37154281
0.0747988981 2.37518953
0.0749203975 2.37884216
0.0750422819 2.38250072
0.0751645527 2.38616523
0.0752872117 2.38983571
0.0754102602 2.39351218
0.0755337 2.39719466
0.0756575325 2.40088316
0.0757817593 2.40457771
0.0759063821 2.40827832
0.0760314024 2.41198502
0.0761568219 2.41569782
0.0762826421 2.41941674
0.0764088647 2.4231418
0.0765354913 2.42687303
0.0766625236 2.43061044
0.0767899632 2.43435405
0.0769178117 2.43810388
0.0770460709 2.44185995
0.0771747424 2.44562228
0.0773038278 2.44939089
0.077433329 2.45316581
0.0775632475 2.45694705
0.0776935852 2.46073463
0.0778243436 2.46452857
0.0779555246 2.4683289
0.0780871299 2.47213562
0.0782191612 2.47594878
0.0783516203 2.47976838
0.0784845089 2.48359444
0.0786178289 2.48742699
0.078751582 2.49126606
0.0788857699 2.49511164
0.0790203946 2.49896378
0.0791554578 2.5028225
0.0792909613 2.5066878
0.0794269069 2.51055972
0.0795632966 2.51443828
0.0797001321 2.51832349
0.0798374154 2.52221538
0.0799751482 2.52611398
0.0801133325 2.5300193
0.0802519702 2.53393136
0.0803910631 2.53785019
0.0805306131 2.54177581
0.0806706223 2.54570824
0.0808110925 2.54964751
0.0809520256 2.55359363
0.0810934236 2.55754664
0.0812352885 2.56150654
0.0813776223 2.56547337
0.0815204269 2.56944715
0.0816637043 2.5734279
0.0818074565 2.57741564
0.0819516856 2.5814104
0.0820963935 2.5854122
0.0822415823 2.58942107
0.0823872541 2.59343702
0.0825334109 2.59746008
0.0826800547 2.60149027
0.0828271877 2.60552763
0.082974812 2.60957216
0.0831229296 2.6136239
0.0832715427 2.61768288
0.0834206534 2.6217491
0.0835702639 2.6258226
0.0837203762 2.62990341
0.0838709926 2.63399154
0.0840221151 2.63808703
0.0841737461 2.64218989
0.0843258877 2.64630015
0.0844785421 2.65041784
0.0846317116 2.65454298
0.0847853983 2.6586756
0.0849396045 2.66281572
0.0850943326 2.66696336
0.0852495846 2.67111856
0.085405363 2.67528134
0.08556167 2.67945171
0.0857185079 2.68362972
0.0858758791 2.68781539
0.0860337859 2.69200873
0.0861922306 2.69620978
0.0863512157 2.70041857
0.0865107434 2.70463511
0.0866708161 2.70885944
0.0868314363 2.71309159
0.0869926064 2.71733157
0.0871543288 2.72157942
0.0873166059 2.72583517
0.0874794402 2.73009883
0.0876428342 2.73437044
0.0878067903 2.73865003
0.087971311 2.74293762
0.0881363989 2.74723324
0.0883020565 2.75153692
0.0884682863 2.75584868
0.0886350908 2.76016855
0.0888024727 2.76449657
0.0889704345 2.76883276
0.0891389788 2.77317714
0.0893081082 2.77752975
0.0894778254 2.78189061
0.0896481329 2.78625976
0.0898190335 2.79063722
0.0899905298 2.79502302
0.0901626245 2.79941719
0.0903353202 2.80381976
0.0905086198 2.80823076
0.090682526 2.81265022
0.0908570414 2.81707816
0.0910321689 2.82151462
0.0912079112 2.82595963
0.0913842711 2.83041322
0.0915612515 2.83487541
0.0917388552 2.83934624
0.091917085 2.84382574
0.0920959437 2.84831393
0.0922754343 2.85281086
0.0924555596 2.85731654
0.0926363226 2.86183102
0.0928177262 2.86635432
0.0929997733 2.87088647
0.0931824668 2.8754275
0.0933658099 2.87997745
0.0935498054 2.88453635
0.0937344563 2.88910423
0.0939197658 2.89368112
0.0941057368 2.89826706
0.0942923725 2.90286207
0.0944796758 2.90746618
0.0946676499 2.91207944
0.094856298 2.91670187
0.0950456231 2.92133351
0.0952356284 2.92597439
0.0954263172 2.93062454
0.0956176925 2.935284
0.0958097576 2.93995279
0.0960025158 2.94463096
0.0961959702 2.94931853
0.0963901242 2.95401555
0.0965849811 2.95872204
0.0967805441 2.96343804
0.0969768166 2.96816358
0.0971738019 2.9728987
0.0973715035 2.97764344
0.0975699246 2.98239782
0.0977690687 2.98716188
0.0979689393 2.99193566
0.0981695398 2.9967192
0.0983708736 3.00151252
0.0985729442 3.00631567
0.0987757553 3.01112868
0.0989793102 3.01595159
0.0991836125 3.02078443
0.0993886659 3.02562724
0.099594474 3.03048006
0.0998010402 3.03534291
0.100008368 3.04021585
0.100216462 3.04509891
0.100425325 3.04999212
0.100634961 3.05489552
0.100845373 3.05980915
0.101056566 3.06473305
0.101268544 3.06966725
0.101481309 3.0746118
0.101694866 3.07956673
0.101909219 3.08453208
0.102124371 3.08950789
0.102340327 3.0944942
0.10255709 3.09949104
0.102774664 3.10449846
0.102993054 3.1095165
0.103212263 3.1145452
0.103432295 3.11958459
0.103653155 3.12463472
0.103874846 3.12969562
0.104097372 3.13476734
0.104320738 3.13984992
0.104544948 3.1449434
0.104770005 3.15004781
0.104995915 3.15516321
0.105222681 3.16028963
0.105450308 3.16542712
0.105678799 3.17057571
0.105908159 3.17573545
0.106138393 3.18090638
0.106369505 3.18608855
0.106601499 3.19128199
0.10683438 3.19648675
0.107068151 3.20170287
0.107302818 3.2069304
0.107538385 3.21216938
0.107774857 3.21741985
0.108012238 3.22268186
0.108250532 3.22795545
0.108489744 3.23324067
0.10872988 3.23853756
0.108970943 3.24384616
0.109212938 3.24916653
0.10945587 3.2544987
0.109699744 3.25984272
0.109944564 3.26519864
0.110190336 3.27056651
0.110437063 3.27594637
0.110684752 3.28133826
0.110933407 3.28674224
0.111183033 3.29215835
0.111433634 3.29758664
0.111685216 3.30302715
0.111937785 3.30847994
0.112191344 3.31394505
0.112445899 3.31942253
0.112701456 3.32491243
0.112958019 3.33041479
0.113215593 3.33592968
0.113474185 3.34145712
0.113733798 3.34699719
0.113994439 3.35254992
0.114256113 3.35811536
0.114518824 3.36369357
0.11478258 3.3692846
0.115047384 3.37488849
0.115313242 3.3805053
0.115580161 3.38613508
0.115848145 3.39177788
0.1161172 3.39743375
0.116387332 3.40310275
0.116658547 3.40878493
0.116930849 3.41448033
0.117204246 3.42018902
0.117478741 3.42591105
0.117754343 3.43164647
0.118031056 3.43739533
0.118308885 3.44315769
0.118587838 3.4489336
0.11886792 3.45472312
0.119149138 3.4605263
0.119431496 3.4663432
0.119715002 3.47217387
0.11999966 3.47801837
0.120285479 3.48387676
0.120572463 3.48974909
0.12086062 3.49563541
0.121149954 3.5015358
0.121440474 3.50745029
0.121732184 3.51337896
0.122025092 3.51932185
0.122319204 3.52527904
0.122614527 3.53125056
0.122911066 3.5372365
0.123208829 3.54323689
0.123507823 3.54925181
0.123808053 3.55528132
0.124109528 3.56132546
0.124412252 3.56738432
0.124716235 3.57345793
0.125021481 3.57954638
0.125327999 3.58564971
0.125635795 3.59176799
0.125944876 3.59790128
0.126255249 3.60404965
0.126566922 3.61021316
0.126879902 3.61639187
0.127194195 3.62258584
0.127509809 3.62879514
0.127826752 3.63501983
0.12814503 3.64125998
0.128464652 3.64751566
0.128785625 3.65378692
0.129107955 3.66007384
0.129431652 3.66637647
0.129756722 3.6726949
0.130083173 3.67902917
0.130411013 3.68537937
0.130740249 3.69174556
0.131070891 3.6981278
0.131402944 3.70452616
0.131736418 3.71094072
0.132071321 3.71737155
0.13240766 3.7238187
0.132745444 3.73028226
0.13308468 3.73676229
0.133425378 3.74325886
0.133767545 3.74977205
0.13411119 3.75630192
0.134456322 3.76284855
0.134802947 3.76941202
0.135151077 3.77599238
0.135500718 3.78258972
0.13585188 3.78920411
0.136204571 3.79583563
0.1365588 3.80248434
0.136914576 3.80915033
0.137271908 3.81583366
0.137630805 3.82253442
0.137991276 3.82925268
0.13835333 3.83598852
0.138716977 3.84274201
0.139082225 3.84951323
0.139449083 3.85630226
0.139817563 3.86310918
0.140187672 3.86993407
0.14055942 3.876777
0.140932817 3.88363806
0.141307873 3.89051733
0.141684597 3.89741488
0.142062999 3.9043308
0.142443089 3.91126517
0.142824878 3.91821807
0.143208374 3.92518959
0.143593588 3.93217981
0.143980531 3.9391888
0.144369213 3.94621666
0.144759643 3.95326348
0.145151833 3.96032933
0.145545793 3.9674143
0.145941533 3.97451847
0.146339064 3.98164194
0.146738397 3.98878479
0.147139543 3.99594711
0.147542512 4.00312899
0.147947316 4.01033051
0.148353966 4.01755177
0.148762472 4.02479285
0.149172846 4.03205385
0.1495851 4.03933485
0.149999244 4.04663595
0.150415291 4.05395724
0.150833251 4.06129881
0.151253137 4.06866076
0.15167496 4.07604317
0.152098732 4.08344615
0.152524465 4.09086979
0.152952171 4.09831418
0.153381862 4.10577941
0.15381355 4.1132656
0.154247249 4.12077283
0.154682969 4.12830119
0.155120724 4.1358508
0.155560526 4.14342175
0.156002388 4.15101413
0.156446322 4.15862805
0.156892342 4.16626361
0.157340461 4.17392091
0.157790691 4.18160006
0.158243046 4.18930114
0.15869754 4.19702428
0.159154185 4.20476957
0.159612995 4.21253711
0.160073983 4.22032702
0.160537165 4.2281394
0.161002552 4.23597435
0.16147016 4.24383198
0.161940002 4.25171241
0.162412092 4.25961573
0.162886445 4.26754206
0.163363075 4.27549151
0.163841997 4.28346419
0.164323225 4.29146021
0.164806775 4.29947969
0.16529266 4.30752272
0.165780896 4.31558944
0.166271497 4.32367995
0.16676448 4.33179437
0.16725986 4.33993282
0.167757652 4.3480954
0.168257871 4.35628225
0.168760533 4.36449347
0.169265655 4.37272918
0.169773252 4.38098951
0.17028334 4.38927458
0.170795936 4.3975845
0.171311056 4.4059194
0.171828716 4.4142794
0.172348933 4.42266462
0.172871724 4.43107519
0.173397105 4.43951124
0.173925095 4.44797289
0.174455709 4.45646026
0.174988966 4.46497349
0.175524883 4.4735127
0.176063478 4.48207802
0.176604767 4.49066958
0.17714877 4.49928752
0.177695504 4.50793196
0.178244988 4.51660304
0.178797239 4.5253009
0.179352277 4.53402565
0.179910121 4.54277745
0.180470788 4.55155643
0.181034298 4.56036272
0.18160067 4.56919647
0.182169924 4.5780578
0.182742079 4.58694687
0.183317154 4.59586381
0.18389517 4.60480877
0.184476147 4.61378189
0.185060104 4.62278331
0.185647062 4.63181317
0.186237042 4.64087163
0.186830064 4.64995883
0.187426149 4.65907491
0.188025319 4.66822003
0.188627593 4.67739434
0.189232995 4.68659799
0.189841545 4.69583112
0.190453265 4.70509389
0.191068177 4.71438647
0.191686304 4.72370899
0.192307667 4.73306162
0.19293229 4.74244451
0.193560194 4.75185783
0.194191404 4.76130173
0.194825941 4.77077637
0.195463831 4.78028191
0.196105095 4.78981852
0.196749758 4.79938637
0.197397844 4.80898561
0.198049377 4.81861641
0.198704382 4.82827895
0.199362882 4.83797338
0.200024904 4.84769988
0.200690471 4.85745862
0.20135961 4.86724977
0.202032345 4.8770735
0.202708703 4.88693
0.20338871 4.89681943
0.204072391 4.90674197
0.204759774 4.91669781
0.205450884 4.92668711
0.20614575 4.93671007
0.206844397 4.94676686
0.207546854 4.95685767
0.208253148 4.96698269
0.208963307 4.97714209
0.209677359 4.98733607
0.210395333 4.99756481
0.211117257 5.00782851
0.211843161 5.01812736
0.212573073 5.02846155
0.213307023 5.03883128
0.214045041 5.04923674
0.214787157 5.05967813
0.215533401 5.07015564
0.216283804 5.08066949
0.217038397 5.09121986
0.21779721 5.10180697
0.218560276 5.11243102
0.219327626 5.12309221
0.220099292 5.13379075
0.220875307 5.14452686
0.221655703 5.15530074
0.222440514 5.16611261
0.223229772 5.17696267
0.224023511 5.18785116
0.224821765 5.19877827
0.225624568 5.20974424
0.226431956 5.22074928
0.227243962 5.23179362
0.228060622 5.24287748
0.228881972 5.25400108
0.229708047 5.26516466
0.230538884 5.27636844
0.23137452 5.28761265
0.232214991 5.29889753
0.233060335 5.31022331
0.233910589 5.32159022
0.234765791 5.33299851
0.235625981 5.34444842
0.236491196 5.35594018
0.237361476 5.36747404
0.23823686 5.37905025
0.239117389 5.39066906
0.240003102 5.4023307
0.240894041 5.41403545
0.241790246 5.42578354
0.24269176 5.43757523
0.243598623 5.44941078
0.24451088 5.46129046
0.245428571 5.47321451
0.246351741 5.48518321
0.247280433 5.49719683
0.248214691 5.50925562
0.24915456 5.52135985
0.250100085 5.53350981
0.25105131 5.54570577
0.252008283 5.55794799
0.25297105 5.57023676
0.253939656 5.58257237
0.25491415 5.59495509
0.25589458 5.6073852
0.256880993 5.619863
0.257873439 5.63238878
0.258871966 5.64496282
0.259876624 5.65758543
0.260887464 5.6702569
0.261904537 5.68297753
0.262927893 5.69574762
0.263957585 5.70856747
0.264993666 5.7214374
0.266036187 5.73435771
0.267085202 5.74732872
0.268140766 5.76035073
0.269202933 5.77342407
0.270271759 5.78654906
0.271347298 5.79972601
0.272429608 5.81295526
0.273518745 5.82623713
0.274614767 5.83957195
0.275717731 5.85296006
0.276827698 5.86640179
0.277944726 5.87989748
0.279068875 5.89344747
0.280200206 5.90705211
0.281338779 5.92071174
0.282484658 5.93442672
0.283637905 5.9481974
0.284798583 5.96202413
0.285966756 5.97590728
0.287142489 5.98984721
0.288325846 6.00384428
0.289516895 6.01789887
0.290715702 6.03201134
0.291922335 6.04618207
0.293136861 6.06041144
0.29435935 6.07469983
0.295589872 6.08904763
0.296828498 6.10345523
0.298075297 6.11792301
0.299330344 6.13245137
0.30059371 6.14704072
0.30186547 6.16169145
0.303145697 6.17640397
0.304434468 6.19117869
0.305731858 6.20601602
0.307037945 6.22091639
0.308352807 6.2358802
0.309676522 6.25090789
0.31100917 6.26599988
0.312350832 6.2811566
0.31370159 6.2963785
0.315061525 6.311666
0.316430721 6.32701956
0.317809263 6.34243962
0.319197236 6.35792663
0.320594726 6.37348106
0.32200182 6.38910335
0.323418608 6.40479397
0.324845177 6.4205534
0.326281619 6.4363821
0.327728024 6.45228055
0.329184486 6.46824923
0.330651098 6.48428863
0.332127954 6.50039924
0.333615151 6.51658156
0.335112784 6.53283608
0.336620953 6.5491633
0.338139756 6.56556374
0.339669294 6.58203791
0.341209668 6.59858633
0.342760981 6.61520952
0.344323336 6.63190801
0.34589684 6.64868233
0.347481598 6.66553303
0.349077719 6.68246063
0.350685311 6.6994657
0.352304485 6.71654879
0.353935352 6.73371045
0.355578025 6.75095125
0.35723262 6.76827176
0.358899251 6.78567256
0.360578036 6.80315422
0.362269093 6.82071733
0.363972543 6.83836249
0.365688508 6.85609029
0.367417109 6.87390133
0.369158473 6.89179623
0.370912725 6.9097756
0.372679993 6.92784006
0.374460406 6.94599025
0.376254095 6.96422678
0.378061192 6.98255031
0.379881833 7.00096148
0.381716152 7.01946094
0.383564288 7.03804936
0.38542638 7.05672739
0.387302569 7.07549571
0.389192998 7.09435501
0.391097812 7.11330596
0.393017157 7.13234926
0.394951182 7.15148561
0.396900038 7.17071572
0.398863876 7.1900403
0.400842851 7.20946007
0.40283712 7.22897577
0.40484684 7.24858812
0.406872172 7.26829788
0.408913279 7.28810579
0.410970325 7.30801261
0.413043477 7.32801912
0.415132904 7.34812608
0.417238777 7.36833429
0.41936127 7.38864452
0.421500559 7.40905759
0.423656821 7.42957429
0.425830237 7.45019546
0.42802099 7.4709219
0.430229266 7.49175446
0.432455252 7.51269398
0.434699138 7.53374131
0.436961119 7.55489731
0.439241388 7.57616285
0.441540145 7.59753881
0.44385759 7.61902608
0.446193928 7.64062556
0.448549364 7.66233816
0.450924108 7.68416479
0.453318373 7.70610638
0.455732372 7.72816387
0.458166326 7.75033821
0.460620454 7.77263035
0.463094981 7.79504128
0.465590134 7.81757195
0.468106144 7.84022338
0.470643245 7.86299655
0.473201674 7.88589248
0.475781671 7.90891219
0.47838348 7.93205673
0.48100735 7.95532713
0.483653529 7.97872446
0.486322274 8.00224978
0.489013842 8.02590418
0.491728496 8.04968875
0.4944665 8.07360461
0.497228124 8.09765287
0.500013642 8.12183466
0.502823331 8.14615113
0.505657472 8.17060343
0.508516352 8.19519275
0.51140026 8.21992027
0.514309489 8.24478718
0.517244339 8.26979469
0.520205112 8.29494405
0.523192116 8.32023648
0.526205662 8.34567325
0.529246067 8.37125563
0.532313653 8.39698489
0.535408746 8.42286235
0.538531676 8.44888932
0.54168278 8.47506714
0.5448624 8.50139714
0.548070881 8.5278807
0.551308575 8.5545192
0.554575841 8.58131403
0.557873039 8.60826662
0.56120054 8.63537838
0.564558715 8.66265077
0.567947947 8.69008525
0.571368619 8.71768332
0.574821125 8.74544647
0.578305861 8.77337622
0.581823233 8.80147411
0.58537365 8.82974171
0.58895753 8.85818059
0.592575296 8.88679235
0.596227379 8.9155786
0.599914217 8.94454099
0.603636253 8.97368118
0.60739394 9.00300083
0.611187736 9.03250166
0.615018108 9.06218539
0.618885528 9.09205376
0.62279048 9.12210854
0.626733453 9.15235152
0.630714944 9.1827845
0.634735458 9.21340933
0.638795511 9.24422787
0.642895625 9.27524199
0.647036331 9.30645361
0.65121817 9.33786466
0.655441691 9.3694771
0.659707453 9.40129291
0.664016024 9.43331411
0.668367981 9.46554272
0.672763913 9.49798082
0.677204416 9.53063049
0.681690099 9.56349386
0.68622158 9.59657307
0.690799488 9.62987029
0.695424462 9.66338775
0.700097155 9.69712766
0.704818228 9.73109231
0.709588355 9.76528398
0.714408222 9.799705
0.719278527 9.83435774
0.72419998 9.86924459
0.729173305 9.90436798
0.734199237 9.93973036
0.739278524 9.97533423
0.744411931 10.0111821
0.749600232 10.0472766
0.754844218 10.0836203
0.760144694 10.1202158
0.765502478 10.1570657
0.770918406 10.1941729
0.776393327 10.2315401
0.781928106 10.26917
0.787523625 10.3070655
0.793180781 10.3452295
0.79890049 10.3836648
0.804683682 10.4223745
0.810531307 10.4613615
0.816444331 10.5006289
0.822423742 10.5401797
0.828470542 10.5800172
0.834585755 10.6201444
0.840770424 10.6605646
0.847025613 10.7012811
0.853352405 10.7422972
0.859751905 10.7836163
0.866225239 10.8252418
0.872773556 10.8671772
0.879398027 10.909426
0.886099846 10.9519918
0.89288023 10.9948782
0.899740422 11.038089
0.906681689 11.0816279
0.913705322 11.1254986
0.920812641 11.1697052
0.92800499 11.2142514
0.935283742 11.2591413
0.942650296 11.304379
0.950106084 11.3499686
0.957652562 11.3959141
0.96529122 11.44222
0.973023577 11.4888906
0.980851185 11.5359301
0.988775627 11.5833431
0.996798522 11.6311341
1.00492152 11.6793077
1.01314631 11.7278686
1.02147461 11.7768216
1.02990818 11.8261714
1.03844882 11.8759231
1.04709837 11.9260815
1.0558587 11.9766518
1.06473172 12.0276392
1.07371941 12.0790489
1.08282375 12.1308862
1.0920468 12.1831565
1.10139065 12.2358655
1.11085743 12.2890187
1.12044934 12.3426218
1.13016861 12.3966806
1.14001752 12.4512011
1.14999842 12.5061893
1.16011369 12.5616513
1.17036579 12.6175933
1.18075722 12.6740217
1.19129054 12.7309429
1.20196836 12.7883635
1.21279339 12.8462901
1.22376835 12.9047296
1.23489607 12.963689
1.24617942 13.0231752
1.25762134 13.0831954
1.26922486 13.1437569
1.28099307 13.2048673
1.29292913 13.266534
1.30503628 13.3287648
1.31731786 13.3915676
1.32977725 13.4549504
1.34241796 13.5189213
1.35524356 13.5834886
1.36825771 13.6486609
1.38146418 13.7144468
1.39486681 13.780855
1.40846956 13.8478946
1.42227648 13.9155746
1.43629173 13.9839045
1.45051958 14.0528937
1.46496439 14.1225519
1.47963066 14.1928889
1.494523 14.2639149
1.50964614 14.3356402
1.52500494 14.4080752
1.54060438 14.4812305
1.55644959 14.5551172
1.57254582 14.6297463
1.58889848 14.7051293
1.60551312 14.7812776
1.62239545 14.8582031
1.63955133 14.9359179
1.65698678 15.0144342
1.67470801 15.0937648
1.69272138 15.1739223
1.71103344 15.25492
1.72965094 15.3367712
1.74858081 15.4194896
1.76783018 15.5030892
1.7874064 15.5875842
1.80731702 15.6729892
1.82756983 15.7593191
1.84817284 15.8465891
1.86913429 15.9348148
1.89046269 16.0240121
1.91216679 16.1141971
1.93425563 16.2053867
1.9567385 16.2975976
1.97962498 16.3908474
2.00292497 16.4851537
2.02664867 16.5805347
2.05080659 16.677009
2.07540958 16.7745957
2.10046884 16.8733141
2.12599593 16.9731842
2.15200279 17.0742263
2.17850175 17.1764614
2.20550552 17.2799107
2.23302726 17.3845961
2.26108057 17.4905399
2.28967948 17.5977651
2.31883853 17.7062952
2.34857273 17.8161541
2.37889761 17.9273665
2.40982925 18.0399577
2.44138428 18.1539534
2.47357992 18.2693801
2.506434 18.3862651
2.53996498 18.504636
2.57419199 18.6245215
2.60913486 18.7459508
2.64481414 18.8689539
2.68125113 18.9935616
2.71846794 19.1198053
2.75648749 19.2477176
2.79533358 19.3773315
2.83503091 19.5086811
2.87560512 19.6418014
2.91708286 19.7767283
2.95949183 19.9134986
3.00286078 20.0521502
3.04721966 20.1927218
3.09259957 20.3352533
3.13903291 20.4797856
3.18655337 20.6263607
3.23519605 20.7750219
3.28499749 20.9258134
3.3359958 21.0787809
3.38823066 21.233971
3.44174346 21.391432
3.4965774 21.5512132
3.55277753 21.7133654
3.61039089 21.8779407
3.66946662 22.0449928
3.73005605 22.2145769
3.79221282 22.3867494
3.85599306 22.5615687
3.92145545 22.7390945
3.98866142 22.9193885
4.0576753 23.1025136
4.12856447 23.288535
4.20139955 23.4775193
4.27625458 23.6695351
4.35320723 23.8646528
4.43233902 24.0629448
4.51373555 24.2644854
4.59748673 24.469351
4.68368709 24.6776197
4.77243601 24.8893721
4.86383808 25.1046904
4.95800336 25.3236594
5.05504781 25.5463655
5.15509361 25.7728976
5.25826956 26.0033464
5.36471155 26.2378047
5.47456302 26.4763676
5.58797542 26.7191319
5.70510877 26.9661964
5.82613225 27.2176616
5.95122477 27.4736299
6.0805757 27.734205
6.2143855 27.9994921
6.35286654 28.2695974
6.49624386 28.5446278
6.6447561 28.8246908
6.79865637 29.109894
6.95821327 29.4003444
7.12371193 29.6961479
7.29545514 29.997409
7.4737645 30.3042292
7.65898171 30.616707
7.85146985 30.9349359
8.05161473 31.2590039
8.25982633 31.5889913
8.47654025 31.9249696
8.70221914 32.266999
8.93735424 32.6151267
9.18246677 32.9693835
9.43810935 33.3297815
9.70486726 33.6963104
9.98335956 34.0689337
10.27424 34.4475843
10.5781974 34.8321597
10.8959563 35.2225169
11.2282756 35.6184659
11.5759485 36.0197638
11.9398 36.4261075
12.320684 36.8371266
12.7194794 37.2523756
13.1370843 37.6713259
13.5744096 38.0933586
14.03237 38.5177564
14.511874 38.9436972
15.0138119 39.3702484
15.5390424 39.7963623
16.0883779 40.2208731
16.6625684 40.6424969
17.262285 41.0598325
17.8881027 41.4713653
18.5404838 41.8754728
19.2197602 42.2704328
19.926117 42.6544325
20.6595748 43.0255802
21.4199716 43.3819188
22.2069447 43.7214426
23.0199097 44.0421183
23.8580418 44.3419117
24.720256 44.6188218
25.6051934 44.8709236
26.5112138 45.0964193
27.4363989 45.2936967
28.3785709 45.461392
29.335327 45.5984527
30.3040912 45.7041959
31.2821828 45.7783559
32.266899 45.8211175
33.2556061 45.8331291
34.2458356 45.8154954
35.2353783 45.7697478
36.2223717 45.6977923
37.2053743 45.6018403
38.183423 45.4843222
39.1560704 45.3477923
40.1233995 45.1948279
41.0860165 45.027931
42.045023 44.8494365
43.0019721 44.661434
43.9588132 44.4657045
44.9178313 44.2636751
45.8815887 44.0563895
46.8528718 43.8444901
47.8346474 43.6282082
48.8300283 43.4073558
49.8422466 43.1813138
50.8746319 42.949014
51.9305893 42.7089127
53.0135736 42.4589547
54.1270569 42.1965302
55.2744855 41.9184237
56.4592232 41.620756
57.6844765 41.2989223
58.9531965 40.9475278
60.2679514 40.5603263
61.6307651 40.1301726
63.0429187 39.6489984
64.5047175 39.1078295
66.0152298 38.496858
67.5720137 37.8055853
69.17085 37.0230462
70.8055068 36.138117
72.4675624 35.1399057
74.1463129 34.0182095
75.8287876 32.7640204
77.4998887 31.3700489
79.142666 29.8312319
80.7387216 28.1451877
82.2687348 26.3125789
83.71308 24.3373533
85.0525041 22.2268338
86.2688223 19.9916461
87.3455857 17.6454806
88.2686793 15.204703
89.0268111 12.6878369
89.6118657 10.1149537
90.0191052 7.50700869
90.247215 4.88516701
90.2982016 2.2701551
90.1771603 -0.318326914
89.8919381 -2.86210823
89.4527173 -5.34494866
88.8715518 -7.75283031
88.1618814 -10.0741393
87.3380503 -12.2997435
86.4148498 -14.4229769
85.407101 -16.4395461
84.3292885 -18.3473722
83.1952501 -20.1463868
82.0179266 -21.8382946
80.8091688 -23.4263169
79.5796003 -24.9149274
78.3385322 -26.3095892
77.0939229 -27.6165015
75.8523788 -28.8423627
74.6191881 -29.9941533
73.3983815 -31.0789427
72.1928141 -32.1037217
71.0042607 -33.0752597
69.8335218 -33.9999869
68.6805337 -34.8838998
67.5444802 -35.732488
66.4239019 -36.5506798
65.3168016 -37.3428046
64.2207433 -38.1125684
63.1329437 -38.8630387
62.0503571 -39.5966371
60.9697556 -40.3151351
59.8878043 -41.0196518
58.8011386 -41.7106537
57.7064428 -42.3879557
56.600535 -43.0507281
55.4804577 -43.6975119
54.3435745 -44.3262474
53.1876683 -44.9343209
52.0110372 -45.5186305
50.8125819 -46.0756737
49.5918781 -46.6016543
48.3492282 -47.0926045
47.0856905 -47.544519
45.8030801 -47.9534933
44.5039453 -48.3158619
43.1915163 -48.6283299
41.8696297 -48.8880955
40.5426308 -49.0929552
39.2152548 -49.2413899
37.8924924 -49.3326262
36.5794448 -49.366669
35.281174 -49.3443013
34.0025582 -49.2670535
32.7481592 -49.1371401
31.5221102 -48.9573722
30.328029 -48.7310493
29.1689603 -48.4618403
28.0473477 -48.1536618
26.9650326 -47.8105602
25.9232767 -47.4366047
24.9228035 -47.035795
23.9638515 -46.6119858
23.046236 -46.1688293
22.1694138 -45.7097345
21.3325471 -45.237841
20.5345638 -44.7560072
19.7742127 -44.2668073
19.0501133 -43.7725379
18.360797 -43.2752293
17.704744 -42.7766621
17.0804118 -42.2783851
16.4862597 -41.7817354
15.9207669 -41.2878579
15.3824475 -40.7977257
14.8698608 -40.3121579
14.3816188 -39.8318379
13.9163918 -39.3573295
13.4729109 -38.8890915
13.0499701 -38.4274915
12.646426 -37.9728177
12.2611976 -37.5252895
11.8932643 -37.0850673
11.5416646 -36.6522607
11.2054936 -36.226936
10.8839002 -35.8091225
10.5760848 -35.3988181
10.2812966 -34.9959944
9.99883067 -34.6006006
9.72802544 -34.2125676
9.46826004 -33.8318109
9.21895184 -33.4582336
8.97955396 -33.0917283
8.74955308 -32.7321799
8.5284672 -32.3794664
8.31584363 -32.0334613
8.11125703 -31.6940343
7.91430765 -31.3610527
7.7246196 -31.034382
7.54183928 -30.7138873
7.36563391 -30.3994332
7.19569013 -30.0908849
7.03171275 -29.7881084
6.87342354 -29.4909712
6.7205601 -29.1993423
6.57287488 -28.9130925
6.43013416 -28.6320948
6.29211716 -28.3562245
6.15861528 -28.0853592
6.02943124 -27.8193792
5.9043784 -27.5581672
5.78328011 -27.3016086
5.66596904 -27.0495914
5.55228664 -26.8020065
5.44208261 -26.5587473
5.33521435 -26.3197099
5.23154654 -26.0847932
5.13095066 -25.8538985
5.03330465 -25.6269299
4.93849245 -25.403794
4.84640372 -25.1843999
4.75693345 -24.9686591
4.6699817 -24.7564857
4.58545329 -24.5477959
4.50325751 -24.3425085
4.42330792 -24.1405443
4.34552207 -23.9418265
4.26982128 -23.7462802
4.19613048 -23.5538327
4.12437795 -23.3644135
4.0544952 -23.1779537
3.98641674 -22.9943866
3.92007998 -22.8136473
3.85542503 -22.6356726
3.7923946 -22.4604011
3.73093383 -22.2877731
3.67099017 -22.1177306
3.61251331 -21.9502171
3.55545501 -21.7851778
3.49976901 -21.6225592
3.44541097 -21.4623093
3.39233832 -21.3043776
3.34051022 -21.1487151
3.28988744 -20.9952737
3.24043232 -20.844007
3.19210868 -20.6948696
3.14488171 -20.5478174
3.098718 -20.4028075
3.05358536 -20.2597981
3.00945287 -20.1187484
2.96629075 -19.9796189
2.92407033 -19.8423709
2.88276402 -19.7069667
2.84234523 -19.5733698
2.80278835 -19.4415445
2.7640687 -19.3114559
2.72616248 -19.1830702
2.68904673 -19.0563543
2.65269933 -18.931276
2.61709892 -18.8078039
2.58222488 -18.6859074
2.54805732 -18.5655565
2.51457703 -18.4467223
2.48176544 -18.3293762
2.44960463 -18.2134905
2.41807728 -18.0990382
2.38716664 -17.9859929
2.35685652 -17.8743288
2.32713126 -17.7640209
2.29797573 -17.6550444
2.26937526 -17.5473756
2.24131569 -17.4409909
2.21378329 -17.3358676
2.18676477 -17.2319833
2.16024726 -17.1293163
2.13421831 -17.0278451
2.10866585 -16.9275491
2.08357817 -16.8284078
2.05894393 -16.7304014
2.03475215 -16.6335105
2.01099218 -16.5377162
1.98765367 -16.4429997
1.9647266 -16.3493431
1.94220126 -16.2567285
1.92006819 -16.1651386
1.89831826 -16.0745564
1.87694256 -15.9849653
1.85593247 -15.8963491
1.83527961 -15.8086918
1.81497583 -15.721978
1.79501323 -15.6361923
1.77538413 -15.55132
1.75608107 -15.4673464
1.73709678 -15.3842573
1.71842421 -15.3020386
1.70005651 -15.2206767
1.68198702 -15.1401582
1.66420923 -15.06047
1.64671686 -14.9815992
1.62950375 -14.9035332
1.61256395 -14.8262597
1.59589163 -14.7497667
1.57948114 -14.6740422
1.56332698 -14.5990746
1.54742378 -14.5248527
1.53176633 -14.4513651
1.51634954 -14.3786011
1.50116845 -14.30655
1.48621825 -14.2352011
1.47149424 -14.1645442
1.45699182 -14.0945692
1.44270655 -14.0252663
1.42863406 -13.9566256
1.41477012 -13.8886377
1.40111058 -13.8212932
1.38765143 -13.754583
1.37438871 -13.6884981
1.3613186 -13.6230296
1.34843736 -13.5581689
1.33574132 -13.4939074
1.32322694 -13.4302369
1.31089073 -13.3671491
1.29872929 -13.304636
1.28673932 -13.2426898
1.27491758 -13.1813026
1.26326092 -13.1204669
1.25176625 -13.0601751
1.24043055 -13.00042
1.2292509 -12.9411944
1.21822441 -12.8824911
1.20734829 -12.8243033
1.19661978 -12.7666241
1.18603621 -12.7094467
1.17559496 -12.6527646
1.16529347 -12.5965713
1.15512924 -12.5408605
1.14509983 -12.4856259
1.13520284 -12.4308613
1.12543593 -12.3765608
1.11579683 -12.3227183
1.10628329 -12.269328
1.09689313 -12.2163842
1.08762421 -12.1638813
1.07847444 -12.1118137
1.06944177 -12.0601759
1.06052419 -12.0089626
1.05171975 -11.9581685
1.04302653 -11.9077884
1.03444264 -11.8578172
1.02596626 -11.8082499
1.01759559 -11.7590816
1.00932885 -11.7103073
1.00116434 -11.6619224
0.993100346 -11.6139221
0.98513523 -11.5663017
0.977267369 -11.5190568
0.969495176 -11.4721829
0.961817096 -11.4256755
0.954231607 -11.3795303
0.946737217 -11.333743
0.939332464 -11.2883094
0.932015917 -11.2432255
0.924786172 -11.198487
0.917641852 -11.15409
0.91058161 -11.1100306
0.903604124 -11.0663048
0.896708098 -11.0229089
0.889892262 -10.979839
0.883155371 -10.9370915
0.876496203 -10.8946626
0.86991356 -10.8525488
0.863406269 -10.8107465
0.856973176 -10.7692523
0.850613153 -10.7280627
0.844325091 -10.6871742
0.838107903 -10.6465836
0.831960521 -10.6062876
0.8258819 -10.5662829
0.819871012 -10.5265663
0.81392685 -10.4871347
0.808048424 -10.4479849
0.802234764 -10.4091139
0.796484917 -10.3705188
0.790797948 -10.3321964
0.785172938 -10.2941439
0.779608988 -10.2563585
0.774105211 -10.2188371
0.768660739 -10.1815771
0.76327472 -10.1445757
0.757946314 -10.1078302
0.7526747 -10.0713378
0.747459069 -10.0350959
0.742298628 -9.99910186
0.737192598 -9.96335316
0.732140212 -9.92784723
0.727140719 -9.89258156
0.722193378 -9.85755367
0.717297465 -9.82276113
0.712452265 -9.78820152
0.707657078 -9.75387248
0.702911215 -9.71977166
0.698213998 -9.68589675
0.693564762 -9.65224547
0.688962852 -9.61881557
0.684407627 -9.58560484
0.679898454 -9.55261109
0.675434712 -9.51983215
0.671015789 -9.4872659
0.666641086 -9.45491022
0.662310012 -9.42276305
0.658021986 -9.39082234
0.653776438 -9.35908606
0.649572806 -9.32755222
0.645410537 -9.29621885
0.64128909 -9.265084
0.637207929 -9.23414576
0.633166529 -9.20340224
0.629164374 -9.17285155
0.625200955 -9.14249186
0.621275771 -9.11232135
0.617388332 -9.0823382
0.613538152 -9.05254066
0.609724755 -9.02292695
0.605947672 -8.99349536
0.602206443 -8.96424416
0.598500613 -8.93517168
0.594829735 -8.90627624
0.591193369 -8.87755618
0.587591084 -8.8490099
0.584022452 -8.82063578
0.580487055 -8.79243222
0.576984479 -8.76439768
0.573514318 -8.73653058
0.570076172 -8.70882941
0.566669648 -8.68129266
0.563294357 -8.65391883
0.559949917 -8.62670644
0.556635952 -8.59965404
0.553352092 -8.57276019
0.550097973 -8.54602347
0.546873234 -8.51944247
0.543677523 -8.4930158
0.54051049 -8.46674209
0.537371793 -8.44061999
0.534261094 -8.41464814
0.531178059 -8.38882524
0.52812236 -8.36314997
0.525093675 -8.33762103
0.522091684 -8.31223715
0.519116075 -8.28699707
0.516166538 -8.26189953
0.513242768 -8.2369433
0.510344465 -8.21212716
0.507471334 -8.18744991
0.504623083 -8.16291035
0.501799424 -8.1385073
0.499000076 -8.11423959
0.496224757 -8.09010608
0.493473195 -8.06610563
0.490745117 -8.0422371
0.488040257 -8.01849939
0.48535835 -7.9948914
0.482699138 -7.97141203
0.480062364 -7.94806021
0.477447776 -7.92483487
0.474855125 -7.90173496
0.472284166 -7.87875944
0.469734656 -7.85590728
0.467206358 -7.83317746
0.464699035 -7.81056898
0.462212457 -7.78808083
0.459746394 -7.76571203
0.457300621 -7.74346161
0.454874915 -7.72132861
0.452469057 -7.69931207
0.45008283 -7.67741104
0.447716021 -7.65562459
0.445368419 -7.63395181
0.443039817 -7.61239177
0.440730009 -7.59094357
0.438438794 -7.56960633
0.436165971 -7.54837915
0.433911345 -7.52726116
0.431674721 -7.50625149
0.429455907 -7.4853493
0.427254715 -7.46455372
0.425070959 -7.44386392
0.422904453 -7.42327908
0.420755016 -7.40279836
0.41862247 -7.38242097
0.416506637 -7.36214608
0.414407343 -7.34197291
0.412324416 -7.32190068
0.410257685 -7.30192859
0.408206983 -7.28205588
0.406172144 -7.26228178
0.404153005 -7.24260554
0.402149404 -7.22302641
0.400161182 -7.20354365
0.398188182 -7.18415653
0.396230249 -7.16486432
0.394287228 -7.1456663
0.39235897 -7.12656176
0.390445323 -7.10754999
0.388546142 -7.08863031
0.38666128 -7.06980202
0.384790594 -7.05106443
0.382933941 -7.03241688
0.381091181 -7.01385868
0.379262176 -6.99538918
0.377446789 -6.97700773
0.375644885 -6.95871366
0.37385633 -6.94050634
0.372080994 -6.92238513
0.370318745 -6.90434941
0.368569455 -6.88639853
0.366832997 -6.86853189
0.365109247 -6.85074887
0.363398079 -6.83304887
0.361699373 -6.81543128
0.360013006 -6.79789551
0.358338859 -6.78044097
0.356676816 -6.76306708
0.355026758 -6.74577325
0.353388571 -6.72855891
0.351762142 -6.71142351
0.350147357 -6.69436646
0.348544106 -6.67738723
0.34695228 -6.66048525
0.345371769 -6.64365998
0.343802466 -6.62691088
0.342244267 -6.61023741
0.340697066 -6.59363905
0.339160759 -6.57711526
0.337635245 -6.56066552
0.336120423 -6.54428933
0.334616193 -6.52798616
0.333122457 -6.51175551
0.331639116 -6.49559687
0.330166075 -6.47950976
0.328703238 -6.46349368
0.327250512 -6.44754813
0.325807802 -6.43167264
0.324375019 -6.41586672
0.322952069 -6.40012991
0.321538864 -6.38446172
0.320135315 -6.36886169
0.318741333 -6.35332937
0.317356833 -6.33786428
0.315981728 -6.32246599
0.314615933 -6.30713403
0.313259365 -6.29186796
0.311911941 -6.27666734
0.310573577 -6.26153174
0.309244195 -6.24646071
0.307923712 -6.23145383
0.30661205 -6.21651067
0.305309131 -6.2016308
0.304014877 -6.18681382
0.30272921 -6.1720593
0.301452057 -6.15736683
0.30018334 -6.142736
0.298922987 -6.12816641
0.297670924 -6.11365766
0.296427078 -6.09920935
0.295191377 -6.08482109
0.293963751 -6.07049248
0.29274413 -6.05622314
0.291532443 -6.04201269
0.290328622 -6.02786073
0.2891326 -6.01376691
0.287944309 -5.99973084
0.286763682 -5.98575215
0.285590654 -5.97183047
0.28442516 -5.95796544
0.283267135 -5.9441567
0.282116516 -5.93040389
0.28097324 -5.91670665
0.279837243 -5.90306463
0.278708466 -5.88947749
0.277586846 -5.87594487
0.276472323 -5.86246643
0.275364838 -5.84904183
0.274264332 -5.83567074
0.273170745 -5.82235281
0.27208402 -5.80908772
0.2710041 -5.79587513
0.269930929 -5.78271472
0.268864449 -5.76960617
0.267804606 -5.75654916
0.266751344 -5.74354335
0.26570461 -5.73058845
0.264664349 -5.71768413
0.263630508 -5.70483008
0.262603035 -5.69202601
0.261581877 -5.67927159
0.260566983 -5.66656652
0.259558302 -5.65391051
0.258555783 -5.64130326
0.257559376 -5.62874447
0.256569031 -5.61623385
0.2555847 -5.6037711
0.254606333 -5.59135594
0.253633884 -5.57898808
0.252667304 -5.56666723
0.251706545 -5.55439311
0.250751563 -5.54216545
0.24980231 -5.52998397
0.24885874 -5.51784838
0.24792081 -5.50575842
0.246988472 -5.49371382
0.246061684 -5.4817143
0.245140402 -5.4697596
0.244224581 -5.45784946
0.24331418 -5.44598361
0.242409154 -5.43416179
0.241509463 -5.42238374
0.240615064 -5.41064921
0.239725916 -5.39895794
0.238841978 -5.38730967
0.237963209 -5.37570417
0.23708957 -5.36414118
0.23622102 -5.35262045
0.23535752 -5.34114173
0.234499031 -5.3297048
0.233645515 -5.31830939
0.232796933 -5.30695528
0.231953246 -5.29564222
0.231114419 -5.28436999
0.230280413 -5.27313835
0.229451192 -5.26194705
0.228626719 -5.25079589
0.227806958 -5.23968462
0.226991873 -5.22861302
0.226181429 -5.21758086
0.225375591 -5.20658792
0.224574324 -5.19563399
0.223777594 -5.18471883
0.222985366 -5.17384223
0.222197607 -5.16300398
0.221414283 -5.15220385
0.22063536 -5.14144164
0.219860808 -5.13071713
0.219090591 -5.12003011
0.218324679 -5.10938038
0.21756304 -5.09876772
0.216805641 -5.08819193
0.216052452 -5.07765281
0.215303441 -5.06715015
0.214558577 -5.05668375
0.213817831 -5.04625342
0.213081171 -5.03585894
0.212348569 -5.02550014
0.211619993 -5.0151768
0.210895416 -5.00488874
0.210174807 -4.99463577
0.209458138 -4.98441769
0.208745381 -4.97423431
0.208036506 -4.96408545
0.207331487 -4.95397092
0.206630294 -4.94389052
0.205932901 -4.93384408
0.20523928 -4.92383142
0.204549404 -4.91385235
0.203863246 -4.90390669
0.20318078 -4.89399427
0.202501979 -4.88411489
0.201826817 -4.8742684
0.201155269 -4.86445461
0.200487308 -4.85467334
0.199822909 -4.84492443
0.199162048 -4.83520771
0.198504698 -4.82552299
0.197850835 -4.81587012
0.197200436 -4.80624893
0.196553474 -4.79665924
0.195909927 -4.78710089
0.19526977 -4.77757372
0.19463298 -4.76807757
0.193999532 -4.75861227
0.193369405 -4.74917765
0.192742575 -4.73977357
0.192119018 -4.73039986
0.191498713 -4.72105636
0.190881636 -4.71174292
0.190267766 -4.70245938
0.18965708 -4.69320558
0.189049557 -4.68398138
0.188445174 -4.67478661
0.187843911 -4.66562114
0.187245746 -4.6564848
0.186650657 -4.64737744
0.186058624 -4.63829893
0.185469626 -4.62924911
0.184883642 -4.62022784
0.184300652 -4.61123496
0.183720635 -4.60227034
0.183143572 -4.59333384
0.182569443 -4.5844253
0.181998227 -4.57554459
0.181429906 -4.56669157
0.180864459 -4.55786609
0.180301867 -4.54906802
0.179742112 -4.54029723
0.179185175 -4.53155357
0.178631036 -4.5228369
0.178079677 -4.5141471
0.177531079 -4.50548402
0.176985225 -4.49684755
0.176442095 -4.48823753
0.175901673 -4.47965385
0.17536394 -4.47109636
0.174828878 -4.46256495
0.174296469 -4.45405947
0.173766698 -4.44557981
0.173239545 -4.43712584
0.172714994 -4.42869743
0.172193028 -4.42029445
0.17167363 -4.41191677
0.171156783 -4.40356429
0.170642471 -4.39523686
0.170130678 -4.38693438
0.169621386 -4.37865671
0.16911458 -4.37040374
0.168610243 -4.36217534
0.168108361 -4.3539714
0.167608916 -4.3457918
0.167111893 -4.33763643
0.166617277 -4.32950515
0.166125053 -4.32139786
0.165635204 -4.31331445
0.165147716 -4.30525479
0.164662574 -4.29721878
0.164179763 -4.28920629
0.163699267 -4.28121723
0.163221073 -4.27325146
0.162745166 -4.2653089
0.16227153 -4.25738941
0.161800153 -4.2494929
0.161331019 -4.24161926
0.160864115 -4.23376837
0.160399426 -4.22594012
0.159936938 -4.21813442
0.159476639 -4.21035116
0.159018513 -4.20259022
0.158562548 -4.19485151
0.158108731 -4.18713492
0.157657046 -4.17944034
0.157207482 -4.17176768
0.156760026 -4.16411682
0.156314663 -4.15648768
0.155871382 -4.14888014
0.155430168 -4.14129411
0.154991011 -4.13372948
0.154553896 -4.12618616
0.154118812 -4.11866405
0.153685746 -4.11116305
0.153254685 -4.10368307
0.152825618 -4.09622399
0.152398531 -4.08878574
0.151973414 -4.08136821
0.151550253 -4.07397131
0.151129037 -4.06659494
0.150709755 -4.05923901
0.150292395 -4.05190343
0.149876944 -4.0445881
0.149463391 -4.03729293
0.149051726 -4.03001783
0.148641936 -4.02276271
0.14823401 -4.01552747
0.147827937 -4.00831203
0.147423706 -4.0011163
0.147021306 -3.99394019
0.146620726 -3.9867836
0.146221955 -3.97964646
0.145824982 -3.97252867
0.145429797 -3.96543014
0.145036389 -3.9583508
0.144644747 -3.95129055
0.144254861 -3.94424931
0.14386672 -3.937227
0.143480315 -3.93022352
0.143095635 -3.9232388
0.142712669 -3.91627275
0.142331409 -3.90932529
0.141951843 -3.90239634
0.141573961 -3.89548581
0.141197755 -3.88859363
0.140823214 -3.8817197
0.140450328 -3.87486396
0.140079087 -3.86802632
0.139709483 -3.8612067
0.139341506 -3.85440503
0.138975146 -3.84762121
0.138610393 -3.84085519
0.138247239 -3.83410687
0.137885675 -3.82737618
0.13752569 -3.82066304
0.137167277 -3.81396738
0.136810425 -3.80728913
0.136455127 -3.80062819
0.136101372 -3.79398451
0.135749153 -3.787358
0.13539846 -3.7807486
0.135049285 -3.77415622
0.134701619 -3.76758079
0.134355453 -3.76102225
0.13401078 -3.75448051
0.13366759 -3.74795551
0.133325875 -3.74144718
0.132985626 -3.73495543
0.132646837 -3.72848021
0.132309497 -3.72202144
0.131973599 -3.71557905
0.131639135 -3.70915297
0.131306097 -3.70274313
0.130974477 -3.69634946
0.130644267 -3.6899719
0.130315458 -3.68361037
0.129988044 -3.67726482
0.129662017 -3.67093516
0.129337367 -3.66462133
0.129014089 -3.65832327
0.128692174 -3.65204091
0.128371615 -3.64577418
0.128052405 -3.63952303
0.127734535 -3.63328737
0.127417998 -3.62706715
0.127102787 -3.62086231
0.126788896 -3.61467278
0.126476315 -3.60849849
0.126165039 -3.60233938
0.12585506 -3.59619539
0.125546371 -3.59006646
0.125238965 -3.58395252
0.124932835 -3.57785351
0.124627974 -3.57176937
0.124324375 -3.56570004
0.124022031 -3.55964545
0.123720935 -3.55360555
0.123421081 -3.54758028
0.123122462 -3.54156957
0.122825071 -3.53557336
0.122528902 -3.52959161
0.122233948 -3.52362424
0.121940201 -3.51767119
0.121647657 -3.51173242
0.121356309 -3.50580786
0.121066149 -3.49989745
0.120777172 -3.49400114
0.120489371 -3.48811886
0.120202741 -3.48225057
0.119917274 -3.4763962
0.119632964 -3.4705557
0.119349806 -3.46472901
0.119067794 -3.45891608
0.11878692 -3.45311685
0.11850718 -3.44733126
0.118228567 -3.44155927
0.117951075 -3.43580081
0.117674699 -3.43005583
0.117399432 -3.42432428
0.117125268 -3.41860611
0.116852203 -3.41290126
0.116580229 -3.40720967
0.116309341 -3.4015313
0.116039535 -3.39586608
0.115770803 -3.39021398
0.11550314 -3.38457494
0.115236541 -3.3789489
0.114971001 -3.37333581
0.114706513 -3.36773563
0.114443072 -3.3621483
0.114180673 -3.35657377
0.113919311 -3.35101199
0.113658979 -3.34546291
0.113399674 -3.33992648
0.113141388 -3.33440265
0.112884118 -3.32889138
0.112627858 -3.3233926
0.112372603 -3.31790628
0.112118347 -3.31243236
0.111865085 -3.30697079
0.111612813 -3.30152154
0.111361526 -3.29608454
0.111111217 -3.29065976
0.110861883 -3.28524713
0.110613518 -3.27984663
0.110366118 -3.2744582
0.110119677 -3.26908179
0.10987419 -3.26371735
0.109629654 -3.25836485
0.109386062 -3.25302423
0.109143411 -3.24769545
0.108901695 -3.24237846
0.10866091 -3.23707322
0.108421051 -3.23177969
0.108182114 -3.22649781
0.107944093 -3.22122754
0.107706984 -3.21596884
0.107470783 -3.21072167
0.107235485 -3.20548597
0.107001086 -3.20026172
0.106767581 -3.19504885
0.106534965 -3.18984734
0.106303234 -3.18465713
0.106072385 -3.17947819
0.105842412 -3.17431046
0.105613311 -3.16915392
0.105385077 -3.16400851
0.105157707 -3.15887419
0.104931197 -3.15375093
0.104705541 -3.14863867
0.104480736 -3.14353739
0.104256778 -3.13844703
0.104033662 -3.13336756
0.103811385 -3.12829893
0.103589941 -3.12324111
0.103369328 -3.11819406
0.103149541 -3.11315773
0.102930576 -3.10813208
0.102712429 -3.10311708
0.102495096 -3.09811268
0.102278573 -3.09311885
0.102062856 -3.08813554
0.101847941 -3.08316272
0.101633825 -3.07820035
0.101420503 -3.07324839
0.101207972 -3.0683068
0.100996228 -3.06337554
0.100785266 -3.05845457
0.100575084 -3.05354386
0.100365678 -3.04864337
0.100157043 -3.04375306
0.0999491765 -3.03887289
0.0997420743 -3.03400283
0.0995357328 -3.02914284
0.0993301485 -3.02429288
0.0991253176 -3.01945291
0.0989212367 -3.0146229
0.0987179021 -3.00980282
0.0985153103 -3.00499262
0.0983134578 -3.00019227
0.0981123411 -2.99540174
0.0979119566 -2.99062098
0.097712301 -2.98584997
0.0975133707 -2.98108867
0.0973151624 -2.97633703
0.0971176726 -2.97159504
0.096920898 -2.96686265
0.0967248351 -2.96213982
0.0965294808 -2.95742653
0.0963348315 -2.95272274
0.0961408841 -2.94802841
0.0959476353 -2.94334351
0.0957550817 -2.93866801
0.0955632202 -2.93400188
0.0953720474 -2.92934507
0.0951815603 -2.92469756
0.0949917556 -2.92005931
0.0948026301 -2.91543029
0.0946141808 -2.91081047
0.0944264043 -2.90619981
0.0942392978 -2.90159828
0.094052858 -2.89700585
0.0938670818 -2.89242249
0.0936819663 -2.88784816
0.0934975083 -2.88328283
0.0933137049 -2.87872647
0.093130553 -2.87417906
0.0929480497 -2.86964055
0.0927661919 -2.86511091
0.0925849768 -2.86059012
0.0924044013 -2.85607814
0.0922244626 -2.85157494
0.0920451577 -2.84708049
0.0918664839 -2.84259477
0.0916884381 -2.83811773
0.0915110175 -2.83364935
0.0913342194 -2.8291896
0.0911580408 -2.82473845
0.090982479 -2.82029586
0.0908075312 -2.81586182
0.0906331946 -2.81143628
0.0904594664 -2.80701922
0.0902863439 -2.80261062
0.0901138245 -2.79821043
0.0899419053 -2.79381863
0.0897705836 -2.78943519
0.0895998569 -2.78506009
0.0894297224 -2.78069329
0.0892601775 -2.77633476
0.0890912195 -2.77198448
0.0889228458 -2.76764242
0.0887550538 -2.76330855
0.088587841 -2.75898284
0.0884212047 -2.75466526
0.0882551424 -2.75035579
0.0880896515 -2.74605439
0.0879247296 -2.74176105
0.087760374 -2.73747572
0.0875965823 -2.73319839
0.087433352 -2.72892903
0.0872706805 -2.72466761
0.0871085656 -2.7204141
0.0869470046 -2.71616847
0.0867859952 -2.71193071
0.0866255349 -2.70770077
0.0864656214 -2.70347864
0.0863062522 -2.69926429
0.0861474249 -2.69505769
0.0859891372 -2.69085882
0.0858313867 -2.68666765
0.0856741711 -2.68248415
0.0855174881 -2.6783083
0.0853613353 -2.67414007
0.0852057104 -2.66997943
0.0850506112 -2.66582637
0.0848960353 -2.66168085
0.0847419805 -2.65754285
0.0845884446 -2.65341235
0.0844354252 -2.64928931
0.0842829202 -2.64517372
0.0841309273 -2.64106555
0.0839794444 -2.63696477
0.0838284692 -2.63287136
0.0836779996 -2.62878529
0.0835280334 -2.62470655
0.0833785684 -2.6206351
0.0832296025 -2.61657092
0.0830811336 -2.61251399
0.0829331594 -2.60846428
0.082785678 -2.60442177
0.0826386873 -2.60038644
0.082492185 -2.59635825
0.0823461692 -2.5923372
0.0822006378 -2.58832324
0.0820555887 -2.58431637
0.0819110199 -2.58031656
0.0817669294 -2.57632378
0.0816233151 -2.572338
0.081480175 -2.56835922
0.0813375071 -2.5643874
0.0811953095 -2.56042252
0.0810535801 -2.55646456
0.0809123169 -2.55251349
0.0807715181 -2.5485693
0.0806311817 -2.54463196
0.0804913057 -2.54070145
0.0803518882 -2.53677774
0.0802129273 -2.53286081
0.0800744211 -2.52895065
0.0799363677 -2.52504722
0.0797987652 -2.52115052
0.0796616117 -2.5172605
0.0795249053 -2.51337716
0.0793886443 -2.50950047
0.0792528267 -2.50563042
0.0791174507 -2.50176697
0.0789825145 -2.4979101
0.0788480162 -2.49405981
0.0787139542 -2.49021605
0.0785803265 -2.48637882
0.0784471313 -2.4825481
0.078314367 -2.47872385
0.0781820316 -2.47490606
0.0780501235 -2.47109472
0.0779186409 -2.46728979
0.0777875821 -2.46349126
0.0776569453 -2.4596991
0.0775267288 -2.4559133
0.0773969309 -2.45213384
0.0772675499 -2.4483607
0.077138584 -2.44459385
0.0770100316 -2.44083328
0.076881891 -2.43707896
0.0767541606 -2.43333088
0.0766268386 -2.42958901
0.0764999235 -2.42585334
0.0763734135 -2.42212384
0.076247307 -2.4184005
0.0761216024 -2.4146833
0.0759962981 -2.41097221
0.0758713925 -2.40726723
0.0757468839 -2.40356832
0.0756227708 -2.39987546
0.0754990516 -2.39618865
0.0753757246 -2.39250786
0.0752527884 -2.38883307
0.0751302413 -2.38516427
0.0750080819 -2.38150143
0.0748863084 -2.37784453
0.0747649195 -2.37419356
0.0746439136 -2.37054849
0.0745232891 -2.36690932
0.0744030446 -2.36327601
0.0742831784 -2.35964856
0.0741636892 -2.35602694
0.0740445755 -2.35241113
0.0739258356 -2.34880112
0.0738074683 -2.34519689
0.0736894719 -2.34159843
0.073571845 -2.3380057
0.0734545863 -2.3344187
0.0733376941 -2.3308374
0.0732211671 -2.3272618
0.0731050039 -2.32369186
0.072989203 -2.32012758
0.072873763 -2.31656893
0.0727586824 -2.31301591
0.0726439599 -2.30946848
0.0725295941 -2.30592664
0.0724155836 -2.30239036
0.072301927 -2.29885963
0.0721886229 -2.29533443
0.0720756699 -2.29181475
0.0719630667 -2.28830057
0.071850812 -2.28479186
0.0717389043 -2.28128862
0.0716273423 -2.27779083
0.0715161247 -2.27429846
0.0714052502 -2.27081151
0.0712947174 -2.26732996
0.071184525 -2.26385378
0.0710746717 -2.26038297
0.0709651562 -2.2569175
0.0708559772 -2.25345737
0.0707471334 -2.25000255
0.0706386236 -2.24655303
0.0705304463 -2.24310878
0.0704226004 -2.23966981
0.0703150846 -2.23623608
0.0702078977 -2.23280759
0.0701010383 -2.22938431
0.0699945053 -2.22596623
0.0698882973 -2.22255334
0.0697824132 -2.21914562
0.0696768517 -2.21574306
0.0695716116 -2.21234563
0.0694666916 -2.20895332
0.0693620906 -2.20556612
0.0692578074 -2.20218402
0.0691538408 -2.19880699
0.0690501895 -2.19543502
0.0689468523 -2.19206809
0.0688438281 -2.18870619
0.0687411158 -2.18534931
0.0686387141 -2.18199743
0.0685366218 -2.17865054
0.0684348379 -2.17530861
0.0683333611 -2.17197164
0.0682321903 -2.16863961
0.0681313243 -2.1653125
0.0680307621 -2.1619903
0.0679305024 -2.158673
0.0678305442 -2.15536057
0.0677308864 -2.15205302
0.0676315277 -2.14875031
0.0675324672 -2.14545244
0.0674337036 -2.1421594
0.0673352359 -2.13887116
0.0672370631 -2.13558771
0.0671391839 -2.13230905
0.0670415974 -2.12903514
0.0669443024 -2.12576599
0.0668472978 -2.12250158
0.0667505827 -2.11924189
0.0666541559 -2.1159869
0.0665580163 -2.11273661
0.066462163 -2.109491
0.0663665948 -2.10625005
0.0662713108 -2.10301376
0.0661763098 -2.09978211
0.0660815908 -2.09655508
0.0659871529 -2.09333266
0.065892995 -2.09011484
0.065799116 -2.08690161
0.065705515 -2.08369294
0.0656121909 -2.08048883
0.0655191427 -2.07728926
0.0654263695 -2.07409423
0.0653338702 -2.07090371
0.0652416438 -2.06771769
0.0651496894 -2.06453616
0.065058006 -2.06135911
0.0649665925 -2.05818653
0.0648754481 -2.05501839
0.0647845717 -2.05185469
0.0646939624 -2.04869542
0.0646036192 -2.04554055
0.0645135411 -2.04239009
0.0644237273 -2.03924401
0.0643341767 -2.0361023
0.0642448885 -2.03296495
0.0641558616 -2.02983195
0.0640670952 -2.02670328
0.0639785883 -2.02357894
0.06389034 -2.0204589
0.0638023494 -2.01734316
0.0637146155 -2.01423171
0.0636271375 -2.01112452
0.0635399144 -2.0080216
0.0634529453 -2.00492292
0.0633662294 -2.00182847
0.0632797657 -1.99873825
0.0631935533 -1.99565224
0.0631075914 -1.99257042
0.063021879 -1.98949279
0.0629364153 -1.98641934
0.0628511995 -1.98335004
0.0627662306 -1.98028489
0.0626815077 -1.97722388
0.0625970301 -1.974167
0.0625127968 -1.97111422
0.062428807 -1.96806555
0.0623450599 -1.96502097
0.0622615545 -1.96198047
0.0621782901 -1.95894403
0.0620952658 -1.95591164
0.0620124807 -1.9528833
0.0619299341 -1.94985899
0.0618476251 -1.9468387
0.0617655529 -1.94382241
0.0616837167 -1.94081013
0.0616021155 -1.93780182
0.0615207488 -1.93479749
0.0614396155 -1.93179712
0.0613587149 -1.9288007
0.0612780463 -1.92580822
0.0611976087 -1.92281967
0.0611174015 -1.91983504
0.0610374238 -1.91685431
0.0609576748 -1.91387747
0.0608781537 -1.91090452
0.0607988598 -1.90793544
0.0607197923 -1.90497022
0.0606409504 -1.90200885
0.0605623334 -1.89905132
0.0604839404 -1.89609762
0.0604057707 -1.89314773
0.0603278235 -1.89020165
0.0602500981 -1.88725937
0.0601725938 -1.88432087
0.0600953097 -1.88138614
0.0600182452 -1.87845518
0.0599413994 -1.87552797
0.0598647717 -1.8726045
0.0597883613 -1.86968477
0.0597121674 -1.86676875
0.0596361894 -1.86385644
0.0595604265 -1.86094784
0.059484878 -1.85804292
0.0594095432 -1.85514168
0.0593344213 -1.85224411
0.0592595116 -1.8493502
0.0591848135 -1.84645994
0.0591103261 -1.84357331
0.0590360489 -1.84069031
0.058961981 -1.83781093
0.0588881219 -1.83493515
0.0588144707 -1.83206297
0.0587410269 -1.82919438
0.0586677897 -1.82632936
0.0585947584 -1.82346791
0.0585219324 -1.82061002
0.0584493109 -1.81775567
0.0583768933 -1.81490486
0.0583046789 -1.81205758
0.058232667 -1.80921381
0.058160857 -1.80637355
0.0580892482 -1.80353678
0.05801784 -1.8007035
0.0579466316 -1.7978737
0.0578756224 -1.79504737
0.0578048118 -1.7922245
0.0577341991 -1.78940507
0.0576637836 -1.78658908
0.0575935648 -1.78377652
0.0575235419 -1.78096738
0.0574537144 -1.77816165
0.0573840815 -1.77535932
0.0573146427 -1.77256039
0.0572453973 -1.76976483
0.0571763446 -1.76697265
0.0571074842 -1.76418382
0.0570388152 -1.76139836
END
