SIMP
NP=4096
SW=20000
TYPE=SPE
DATA
0.0756108279 -2.39549922
0.0754869154 -2.39181302
0.0753633973 -2.38813284
0.0752402718 -2.38445867
0.0751175374 -2.38079049
0.0749951926 -2.37712828
0.0748732357 -2.37347203
0.0747516653 -2.36982172
0.0746304798 -2.36617732
0.0745096775 -2.36253882
0.0743892571 -2.35890619
0.074269217 -2.35527943
0.0741495556 -2.35165851
0.0740302714 -2.34804341
0.073911363 -2.34443412
0.0737928289 -2.34083061
0.0736746675 -2.33723287
0.0735568775 -2.33364088
0.0734394572 -2.33005463
0.0733224053 -2.32647409
0.0732057203 -2.32289924
0.0730894008 -2.31933008
0.0729734453 -2.31576657
0.0728578523 -2.31220871
0.0727426205 -2.30865648
0.0726277485 -2.30510985
0.0725132347 -2.30156881
0.0723990779 -2.29803335
0.0722852766 -2.29450344
0.0721718294 -2.29097907
0.0720587349 -2.28746022
0.0719459918 -2.28394688
0.0718335987 -2.28043902
0.0717215542 -2.27693664
0.071609857 -2.2734397
0.0714985057 -2.26994821
0.071387499 -2.26646213
0.0712768355 -2.26298145
0.0711665139 -2.25950617
0.0710565329 -2.25603625
0.0709468912 -2.25257168
0.0708375874 -2.24911245
0.0707286203 -2.24565854
0.0706199885 -2.24220993
0.0705116908 -2.23876662
0.0704037259 -2.23532857
0.0702960925 -2.23189577
0.0701887893 -2.22846822
0.070081815 -2.22504589
0.0699751685 -2.22162876
0.0698688484 -2.21821683
0.0697628535 -2.21481007
0.0696571826 -2.21140847
0.0695518344 -2.20801202
0.0694468077 -2.20462069
0.0693421013 -2.20123447
0.0692377139 -2.19785335
0.0691336444 -2.19447731
0.0690298915 -2.19110634
0.068926454 -2.18774042
0.0688233308 -2.18437953
0.0687205206 -2.18102366
0.0686180223 -2.17767279
0.0685158348 -2.17432692
0.0684139567 -2.17098602
0.068312387 -2.16765008
0.0682111245 -2.16431908
0.068110168 -2.16099301
0.0680095165 -2.15767185
0.0679091687 -2.1543556
0.0678091235 -2.15104423
0.0677093798 -2.14773773
0.0676099365 -2.14443608
0.0675107924 -2.14113928
0.0674119465 -2.1378473
0.0673133976 -2.13456013
0.0672151445 -2.13127776
0.0671171863 -2.12800018
0.0670195218 -2.12472736
0.0669221499 -2.12145929
0.0668250696 -2.11819597
0.0667282798 -2.11493737
0.0666317793 -2.11168348
0.0665355671 -2.10843429
0.0664396423 -2.10518979
0.0663440036 -2.10194995
0.06624865 -2.09871477
0.0661535806 -2.09548423
0.0660587942 -2.09225832
0.0659642899 -2.08903703
0.0658700665 -2.08582033
0.0657761231 -2.08260822
0.0656824586 -2.07940069
0.065589072 -2.07619771
0.0654959623 -2.07299928
0.0654031285 -2.06980539
0.0653105696 -2.06661601
0.0652182846 -2.06343114
0.0651262725 -2.06025076
0.0650345323 -2.05707486
0.064943063 -2.05390343
0.0648518636 -2.05073645
0.0647609332 -2.04757391
0.0646702707 -2.04441579
0.0645798753 -2.04126209
0.0644897459 -2.0381128
0.0643998817 -2.03496788
0.0643102815 -2.03182735
0.0642209446 -2.02869117
0.0641318699 -2.02555935
0.0640430565 -2.02243186
0.0639545035 -2.0193087
0.0638662099 -2.01618984
0.0637781749 -2.01307529
0.0636903974 -2.00996502
0.0636028766 -2.00685903
0.0635156115 -2.00375729
0.0634286013 -2.00065981
0.063341845 -1.99756656
0.0632553417 -1.99447753
0.0631690906 -1.99139272
0.0630830907 -1.9883121
0.0629973412 -1.98523568
0.0629118411 -1.98216342
0.0628265896 -1.97909533
0.0627415858 -1.97603139
0.0626568288 -1.97297159
0.0625723178 -1.96991592
0.0624880519 -1.96686436
0.0624040303 -1.9638169
0.062320252 -1.96077354
0.0622367162 -1.95773425
0.0621534221 -1.95469903
0.0620703688 -1.95166786
0.0619875555 -1.94864074
0.0619049814 -1.94561765
0.0618226456 -1.94259859
0.0617405472 -1.93958353
0.0616586855 -1.93657246
0.0615770596 -1.93356539
0.0614956687 -1.93056229
0.0614145121 -1.92756315
0.0613335888 -1.92456796
0.061252898 -1.92157671
0.0611724391 -1.91858939
0.0610922111 -1.91560599
0.0610122133 -1.9126265
0.0609324448 -1.9096509
0.060852905 -1.90667918
0.0607735929 -1.90371134
0.0606945078 -1.90074736
0.060615649 -1.89778723
0.0605370157 -1.89483094
0.060458607 -1.89187847
0.0603804222 -1.88892983
0.0603024606 -1.88598499
0.0602247214 -1.88304395
0.0601472038 -1.8801067
0.060069907 -1.87717321
0.0599928304 -1.8742435
0.0599159732 -1.87131753
0.0598393346 -1.86839531
0.0597629138 -1.86547682
0.0596867102 -1.86256205
0.059610723 -1.85965099
0.0595349515 -1.85674363
0.059459395 -1.85383996
0.0593840526 -1.85093997
0.0593089238 -1.84804365
0.0592340077 -1.84515099
0.0591593036 -1.84226198
0.059084811 -1.8393766
0.0590105289 -1.83649485
0.0589364568 -1.83361671
0.0588625939 -1.83074219
0.0587889396 -1.82787126
0.058715493 -1.82500392
0.0586422536 -1.82214015
0.0585692207 -1.81927995
0.0584963934 -1.81642331
0.0584237713 -1.81357021
0.0583513535 -1.81072065
0.0582791395 -1.80787461
0.0582071284 -1.8050321
0.0581353198 -1.80219309
0.0580637128 -1.79935757
0.0579923068 -1.79652554
0.0579211011 -1.79369699
0.0578500952 -1.79087191
0.0577792883 -1.78805028
0.0577086797 -1.78523211
0.0576382689 -1.78241737
0.0575680551 -1.77960606
0.0574980378 -1.77679817
0.0574282162 -1.77399369
0.0573585898 -1.77119261
0.0572891578 -1.76839492
0.0572199198 -1.76560061
0.0571508749 -1.76280967
0.0570820226 -1.76002209
0.0570133623 -1.75723787
0.0569448934 -1.75445699
0.0568766151 -1.75167945
0.056808527 -1.74890523
0.0567406283 -1.74613433
0.0566729185 -1.74336673
0.056605397 -1.74060243
0.056538063 -1.73784142
0.0564709161 -1.73508369
0.0564039557 -1.73232922
0.0563371811 -1.72957802
0.0562705917 -1.72683007
0.0562041869 -1.72408537
0.0561379662 -1.72134389
0.0560719289 -1.71860565
0.0560060745 -1.71587061
0.0559404023 -1.71313879
0.0558749118 -1.71041016
0.0558096025 -1.70768472
0.0557444736 -1.70496247
0.0556795247 -1.70224338
0.0556147552 -1.69952746
0.0555501645 -1.69681469
0.055485752 -1.69410507
0.0554215172 -1.69139859
0.0553574594 -1.68869523
0.0552935783 -1.68599499
0.0552298731 -1.68329787
0.0551663433 -1.68060384
0.0551029884 -1.67791292
0.0550398078 -1.67522507
0.0549768009 -1.6725403
0.0549139673 -1.66985861
0.0548513064 -1.66717997
0.0547888176 -1.66450438
0.0547265003 -1.66183184
0.0546643541 -1.65916233
0.0546023785 -1.65649585
0.0545405728 -1.65383239
0.0544789365 -1.65117193
0.0544174692 -1.64851448
0.0543561702 -1.64586002
0.0542950391 -1.64320855
0.0542340753 -1.64056006
0.0541732784 -1.63791453
0.0541126478 -1.63527197
0.0540521829 -1.63263235
0.0539918833 -1.62999569
0.0539317484 -1.62736196
0.0538717778 -1.62473116
0.053811971 -1.62210327
0.0537523273 -1.61947831
0.0536928464 -1.61685624
0.0536335277 -1.61423708
0.0535743708 -1.6116208
0.053515375 -1.60900741
0.05345654 -1.60639688
0.0533978652 -1.60378923
0.0533393502 -1.60118443
0.0532809944 -1.59858248
0.0532227974 -1.59598337
0.0531647587 -1.5933871
0.0531068778 -1.59079365
0.0530491542 -1.58820303
0.0529915874 -1.58561521
0.052934177 -1.5830302
0.0528769224 -1.58044798
0.0528198233 -1.57786856
0.0527628792 -1.57529191
0.0527060895 -1.57271804
0.0526494538 -1.57014693
0.0525929716 -1.56757859
0.0525366425 -1.56501299
0.052480466 -1.56245014
0.0524244417 -1.55989002
0.052368569 -1.55733263
0.0523128476 -1.55477796
0.052257277 -1.55222601
0.0522018567 -1.54967677
0.0521465863 -1.54713022
0.0520914653 -1.54458636
0.0520364933 -1.54204519
0.0519816698 -1.5395067
0.0519269944 -1.53697088
0.0518724667 -1.53443772
0.0518180862 -1.53190722
0.0517638524 -1.52937936
0.051709765 -1.52685415
0.0516558235 -1.52433157
0.0516020275 -1.52181162
0.0515483765 -1.51929429
0.0514948701 -1.51677957
0.0514415078 -1.51426746
0.0513882894 -1.51175795
0.0513352143 -1.50925103
0.051282282 -1.50674669
0.0512294923 -1.50424494
0.0511768446 -1.50174575
0.0511243386 -1.49924913
0.0510719739 -1.49675507
0.0510197499 -1.49426355
0.0509676664 -1.49177458
0.0509157228 -1.48928815
0.0508639189 -1.48680425
0.0508122541 -1.48432287
0.0507607281 -1.48184401
0.0507093405 -1.47936766
0.0506580908 -1.47689381
0.0506069787 -1.47442245
0.0505560038 -1.47195359
0.0505051657 -1.46948721
0.0504544639 -1.46702331
0.0504038981 -1.46456187
0.050353468 -1.4621029
0.050303173 -1.45964638
0.0502530128 -1.45719232
0.050202987 -1.4547407
0.0501530953 -1.45229151
0.0501033372 -1.44984476
0.0500537124 -1.44740043
0.0500042204 -1.44495851
0.049954861 -1.44251901
0.0499056337 -1.44008191
0.0498565381 -1.43764721
0.0498075739 -1.4352149
0.0497587407 -1.43278498
0.0497100382 -1.43035743
0.0496614658 -1.42793226
0.0496130234 -1.42550945
0.0495647104 -1.423089
0.0495165266 -1.42067091
0.0494684716 -1.41825516
0.049420545 -1.41584175
0.0493727465 -1.41343068
0.0493250756 -1.41102194
0.0492775321 -1.40861552
0.0492301155 -1.40621141
0.0491828256 -1.40380961
0.0491356619 -1.40141012
0.0490886242 -1.39901293
0.0490417119 -1.39661802
0.0489949249 -1.39422541
0.0489482627 -1.39183507
0.0489017251 -1.389447
0.0488553115 -1.3870612
0.0488090218 -1.38467766
0.0487628556 -1.38229638
0.0487168125 -1.37991734
0.0486708921 -1.37754055
0.0486250942 -1.375166
0.0485794184 -1.37279367
0.0485338643 -1.37042358
0.0484884317 -1.3680557
0.0484431202 -1.36569003
0.0483979294 -1.36332657
0.048352859 -1.36096531
0.0483079087 -1.35860625
0.0482630782 -1.35624938
0.0482183671 -1.35389469
0.0481737751 -1.35154218
0.0481293019 -1.34919184
0.0480849472 -1.34684366
0.0480407105 -1.34449765
0.0479965917 -1.3421538
0.0479525904 -1.33981209
0.0479087062 -1.33747252
0.0478649389 -1.3351351
0.0478212881 -1.3327998
0.0477777535 -1.33046663
0.0477343348 -1.32813559
0.0476910317 -1.32580666
0.0476478438 -1.32347983
0.0476047709 -1.32115511
0.0475618127 -1.31883249
0.0475189688 -1.31651196
0.0474762389 -1.31419352
0.0474336228 -1.31187716
0.0473911201 -1.30956288
0.0473487305 -1.30725067
0.0473064537 -1.30494052
0.0472642894 -1.30263243
0.0472222373 -1.3003264
0.0471802972 -1.29802241
0.0471384686 -1.29572047
0.0470967514 -1.29342056
0.0470551452 -1.29112269
0.0470136497 -1.28882685
0.0469722646 -1.28653302
0.0469309897 -1.28424121
0.0468898246 -1.28195142
0.046848769 -1.27966362
0.0468078228 -1.27737783
0.0467669855 -1.27509403
0.0467262569 -1.27281223
0.0466856367 -1.2705324
0.0466451246 -1.26825456
0.0466047203 -1.26597868
0.0465644236 -1.26370478
0.0465242342 -1.26143284
0.0464841518 -1.25916286
0.0464441761 -1.25689483
0.0464043068 -1.25462875
0.0463645436 -1.25236461
0.0463248863 -1.2501024
0.0462853347 -1.24784213
0.0462458883 -1.24558379
0.0462065471 -1.24332736
0.0461673105 -1.24107286
0.0461281786 -1.23882026
0.0460891508 -1.23656958
0.046050227 -1.23432079
0.0460114069 -1.2320739
0.0459726903 -1.2298289
0.0459340768 -1.22758578
0.0458955663 -1.22534455
0.0458571584 -1.2231052
0.0458188528 -1.22086771
0.0457806494 -1.21863209
0.0457425478 -1.21639833
0.0457045478 -1.21416643
0.0456666492 -1.21193638
0.0456288516 -1.20970818
0.0455911549 -1.20748181
0.0455535587 -1.20525729
0.0455160628 -1.20303459
0.045478667 -1.20081372
0.045441371 -1.19859468
0.0454041746 -1.19637745
0.0453670774 -1.19416203
0.0453300793 -1.19194842
0.04529318 -1.18973661
0.0452563792 -1.1875266
0.0452196767 -1.18531839
0.0451830723 -1.18311196
0.0451465657 -1.18090731
0.0451101567 -1.17870444
0.045073845 -1.17650335
0.0450376304 -1.17430402
0.0450015126 -1.17210646
0.0449654914 -1.16991066
0.0449295666 -1.16771662
0.0448937378 -1.16552432
0.044858005 -1.16333377
0.0448223678 -1.16114496
0.044786826 -1.15895789
0.0447513794 -1.15677255
0.0447160277 -1.15458893
0.0446807707 -1.15240704
0.0446456081 -1.15022686
0.0446105398 -1.1480484
0.0445755655 -1.14587165
0.044540685 -1.1436966
0.044505898 -1.14152325
0.0444712044 -1.13935159
0.0444366038 -1.13718163
0.0444020961 -1.13501335
0.044367681 -1.13284675
0.0443333583 -1.13068182
0.0442991279 -1.12851857
0.0442649893 -1.12635699
0.0442309425 -1.12419707
0.0441969873 -1.12203881
0.0441631233 -1.11988221
0.0441293504 -1.11772725
0.0440956683 -1.11557394
0.0440620769 -1.11342227
0.0440285759 -1.11127223
0.0439951651 -1.10912383
0.0439618443 -1.10697706
0.0439286132 -1.10483191
0.0438954717 -1.10268838
0.0438624196 -1.10054646
0.0438294566 -1.09840615
0.0437965825 -1.09626745
0.0437637971 -1.09413035
0.0437311002 -1.09199485
0.0436984915 -1.08986094
0.043665971 -1.08772862
0.0436335383 -1.08559789
0.0436011933 -1.08346873
0.0435689357 -1.08134115
0.0435367654 -1.07921514
0.0435046821 -1.0770907
0.0434726857 -1.07496782
0.0434407759 -1.0728465
0.0434089525 -1.07072674
0.0433772153 -1.06860852
0.0433455642 -1.06649185
0.0433139989 -1.06437673
0.0432825192 -1.06226314
0.043251125 -1.06015109
0.043219816 -1.05804056
0.043188592 -1.05593156
0.0431574528 -1.05382408
0.0431263983 -1.05171812
0.0430954282 -1.04961367
0.0430645424 -1.04751073
0.0430337406 -1.0454093
0.0430030227 -1.04330936
0.0429723885 -1.04121092
0.0429418377 -1.03911398
0.0429113702 -1.03701852
0.0428809858 -1.03492455
0.0428506843 -1.03283205
0.0428204655 -1.03074104
0.0427903293 -1.02865149
0.0427602754 -1.02656342
0.0427303036 -1.02447681
0.0427004138 -1.02239165
0.0426706058 -1.02030796
0.0426408794 -1.01822572
0.0426112344 -1.01614492
0.0425816706 -1.01406557
0.0425521879 -1.01198766
0.042522786 -1.00991119
0.0424934648 -1.00783615
0.0424642242 -1.00576253
0.0424350638 -1.00369034
0.0424059836 -1.00161958
0.0423769833 -0.999550226
0.0423480628 -0.997482288
0.0423192219 -0.995415758
0.0422904605 -0.993350634
0.0422617783 -0.991286912
0.0422331752 -0.989224586
0.0422046509 -0.987163654
0.0421762055 -0.985104112
0.0421478385 -0.983045956
0.04211955 -0.980989182
0.0420913396 -0.978933785
0.0420632073 -0.976879764
0.0420351529 -0.974827112
0.0420071761 -0.972775828
0.0419792769 -0.970725907
0.0419514551 -0.968677344
0.0419237104 -0.966630138
0.0418960427 -0.964584283
0.0418684519 -0.962539776
0.0418409378 -0.960496613
0.0418135002 -0.95845479
0.041786139 -0.956414304
0.041758854 -0.954375152
0.0417316449 -0.952337328
0.0417045118 -0.950300831
0.0416774543 -0.948265655
0.0416504724 -0.946231797
0.0416235659 -0.944199254
0.0415967345 -0.942168022
0.0415699783 -0.940138097
0.0415432969 -0.938109475
0.0415166902 -0.936082153
0.0414901582 -0.934056128
0.0414637005 -0.932031395
0.0414373171 -0.930007951
0.0414110078 -0.927985793
0.0413847725 -0.925964916
0.0413586109 -0.923945318
0.041332523 -0.921926994
0.0413065085 -0.919909941
0.0412805674 -0.917894155
0.0412546995 -0.915879633
0.0412289045 -0.913866372
0.0412031825 -0.911854367
0.0411775331 -0.909843615
0.0411519564 -0.907834113
0.041126452 -0.905825857
0.0411010199 -0.903818844
0.0410756599 -0.90181307
0.0410503718 -0.899808531
0.0410251556 -0.897805224
0.0410000111 -0.895803145
0.040974938 -0.893802292
0.0409499364 -0.89180266
0.0409250059 -0.889804246
0.0409001466 -0.887807047
0.0408753582 -0.885811059
0.0408506405 -0.883816278
0.0408259935 -0.881822702
0.0408014171 -0.879830327
0.0407769109 -0.877839148
0.040752475 -0.875849164
0.0407281092 -0.87386037
0.0407038133 -0.871872764
0.0406795872 -0.86988634
0.0406554307 -0.867901098
0.0406313438 -0.865917032
0.0406073262 -0.863934139
0.0405833779 -0.861952417
0.0405594986 -0.859971861
0.0405356883 -0.857992469
0.0405119468 -0.856014237
0.0404882741 -0.854037161
0.0404646698 -0.852061238
0.040441134 -0.850086466
0.0404176664 -0.84811284
0.040394267 -0.846140358
0.0403709356 -0.844169015
0.040347672 -0.842198809
0.0403244762 -0.840229737
0.040301348 -0.838261794
0.0402782873 -0.836294979
0.0402552939 -0.834329286
0.0402323677 -0.832364714
0.0402095086 -0.830401259
0.0401867164 -0.828438918
0.0401639911 -0.826477686
0.0401413324 -0.824517562
0.0401187403 -0.822558542
0.0400962147 -0.820600623
0.0400737553 -0.818643801
0.0400513621 -0.816688073
0.040029035 -0.814733436
0.0400067738 -0.812779886
0.0399845784 -0.810827422
0.0399624486 -0.808876038
0.0399403844 -0.806925733
0.0399183856 -0.804976502
0.0398964522 -0.803028344
0.0398745838 -0.801081253
0.0398527806 -0.799135229
0.0398310422 -0.797190266
0.0398093687 -0.795246362
0.0397877599 -0.793303514
0.0397662156 -0.791361719
0.0397447357 -0.789420974
0.0397233202 -0.787481275
0.0397019688 -0.785542619
0.0396806816 -0.783605003
0.0396594583 -0.781668425
0.0396382988 -0.77973288
0.0396172031 -0.777798366
0.039596171 -0.77586488
0.0395752023 -0.773932419
0.0395542971 -0.772000979
0.0395334551 -0.770070557
0.0395126762 -0.768141151
0.0394919603 -0.766212757
0.0394713074 -0.764285372
0.0394507172 -0.762358994
0.0394301898 -0.760433618
0.0394097249 -0.758509243
0.0393893224 -0.756585864
0.0393689823 -0.754663479
0.0393487044 -0.752742086
0.0393284886 -0.75082168
0.0393083348 -0.748902259
0.0392882429 -0.746983819
0.0392682128 -0.745066359
0.0392482444 -0.743149874
0.0392283375 -0.741234362
0.0392084921 -0.73931982
0.039188708 -0.737406244
0.0391689851 -0.735493633
0.0391493234 -0.733581982
0.0391297227 -0.731671289
0.0391101828 -0.729761551
0.0390907038 -0.727852764
0.0390712855 -0.725944927
0.0390519278 -0.724038035
0.0390326305 -0.722132087
0.0390133936 -0.720227079
0.038994217 -0.718323007
0.0389751006 -0.71641987
0.0389560442 -0.714517664
0.0389370478 -0.712616387
0.0389181112 -0.710716035
0.0388992344 -0.708816605
0.0388804172 -0.706918095
0.0388616596 -0.705020502
0.0388429614 -0.703123822
0.0388243226 -0.701228053
0.038805743 -0.699333192
0.0387872225 -0.697439236
0.0387687611 -0.695546183
0.0387503586 -0.693654028
0.038732015 -0.691762771
0.0387137301 -0.689872406
0.0386955039 -0.687982933
0.0386773362 -0.686094347
0.0386592269 -0.684206646
0.038641176 -0.682319828
0.0386231833 -0.680433888
0.0386052488 -0.678548826
0.0385873724 -0.676664637
0.0385695539 -0.674781318
0.0385517933 -0.672898868
0.0385340904 -0.671017283
0.0385164453 -0.66913656
0.0384988577 -0.667256696
0.0384813276 -0.66537769
0.0384638549 -0.663499537
0.0384464395 -0.661622235
0.0384290813 -0.659745782
0.0384117802 -0.657870174
0.0383945361 -0.65599541
0.038377349 -0.654121485
0.0383602187 -0.652248397
0.0383431451 -0.650376143
0.0383261282 -0.648504722
0.0383091679 -0.646634129
0.038292264 -0.644764362
0.0382754166 -0.642895419
0.0382586254 -0.641027297
0.0382418904 -0.639159992
0.0382252116 -0.637293502
0.0382085887 -0.635427825
0.0381920218 -0.633562958
0.0381755108 -0.631698897
0.0381590555 -0.629835641
0.0381426559 -0.627973187
0.0381263119 -0.626111531
0.0381100234 -0.624250671
0.0380937904 -0.622390605
0.0380776126 -0.620531329
0.0380614901 -0.618672841
0.0380454228 -0.616815139
0.0380294105 -0.614958219
0.0380134533 -0.613102079
0.0379975509 -0.611246717
0.0379817034 -0.609392129
0.0379659106 -0.607538313
0.0379501725 -0.605685266
0.037934489 -0.603832986
0.0379188599 -0.601981469
0.0379032853 -0.600130714
0.037887765 -0.598280718
0.0378722989 -0.596431477
0.037856887 -0.59458299
0.0378415292 -0.592735253
0.0378262255 -0.590888265
0.0378109756 -0.589042021
0.0377957796 -0.587196521
0.0377806374 -0.585351761
0.0377655488 -0.583507738
0.0377505139 -0.58166445
0.0377355325 -0.579821894
0.0377206045 -0.577980069
0.03770573 -0.57613897
0.0376909087 -0.574298595
0.0376761407 -0.572458943
0.0376614258 -0.57062001
0.0376467639 -0.568781793
0.0376321551 -0.566944291
0.0376175992 -0.5651075
0.0376030961 -0.563271418
0.0375886459 -0.561436042
0.0375742482 -0.55960137
0.0375599033 -0.5577674
0.0375456108 -0.555934128
0.0375313709 -0.554101552
0.0375171833 -0.552269669
0.037503048 -0.550438478
0.0374889651 -0.548607975
0.0374749342 -0.546778158
0.0374609555 -0.544949024
0.0374470289 -0.543120571
0.0374331541 -0.541292796
0.0374193313 -0.539465698
0.0374055603 -0.537639272
0.0373918411 -0.535813517
0.0373781735 -0.53398843
0.0373645576 -0.532164008
0.0373509931 -0.53034025
0.0373374802 -0.528517152
0.0373240186 -0.526694713
0.0373106084 -0.524872929
0.0372972495 -0.523051798
0.0372839417 -0.521231318
0.0372706851 -0.519411485
0.0372574795 -0.517592299
0.0372443249 -0.515773755
0.0372312212 -0.513955852
0.0372181684 -0.512138587
0.0372051664 -0.510321958
0.0371922151 -0.508505962
0.0371793145 -0.506690597
0.0371664645 -0.50487586
0.037153665 -0.503061748
0.0371409159 -0.50124826
0.0371282173 -0.499435393
0.0371155689 -0.497623144
0.0371029709 -0.495811511
0.0370904231 -0.494000492
0.0370779254 -0.492190084
0.0370654777 -0.490380284
0.0370530801 -0.48857109
0.0370407325 -0.4867625
0.0370284347 -0.484954512
0.0370161867 -0.483147122
0.0370039886 -0.481340329
0.0369918401 -0.479534129
0.0369797412 -0.477728521
0.036967692 -0.475923502
0.0369556923 -0.47411907
0.036943742 -0.472315223
0.0369318411 -0.470511957
0.0369199896 -0.468709271
0.0369081873 -0.466907161
0.0368964343 -0.465105627
0.0368847304 -0.463304664
0.0368730756 -0.461504272
0.0368614699 -0.459704447
0.0368499131 -0.457905187
0.0368384053 -0.45610649
0.0368269463 -0.454308353
0.0368155362 -0.452510774
0.0368041748 -0.450713751
0.0367928621 -0.448917281
0.036781598 -0.447121361
0.0367703826 -0.44532599
0.0367592156 -0.443531166
0.0367480972 -0.441736884
0.0367370271 -0.439943145
0.0367260054 -0.438149944
0.036715032 -0.436357279
0.0367041069 -0.434565149
0.0366932299 -0.432773551
0.0366824011 -0.430982483
0.0366716204 -0.429191941
0.0366608877 -0.427401925
0.036650203 -0.425612431
0.0366395663 -0.423823457
0.0366289773 -0.422035001
0.0366184363 -0.420247061
0.036607943 -0.418459634
0.0365974974 -0.416672717
0.0365870994 -0.414886309
0.0365767491 -0.413100408
0.0365664464 -0.41131501
0.0365561911 -0.409530114
0.0365459833 -0.407745717
0.0365358229 -0.405961817
0.0365257099 -0.404178411
0.0365156442 -0.402395498
0.0365056257 -0.400613075
0.0364956545 -0.398831139
0.0364857304 -0.397049689
0.0364758534 -0.395268722
0.0364660235 -0.393488236
0.0364562406 -0.391708228
0.0364465046 -0.389928697
0.0364368156 -0.388149639
0.0364271735 -0.386371053
0.0364175781 -0.384592937
0.0364080295 -0.382815287
0.0363985277 -0.381038102
0.0363890725 -0.37926138
0.036379664 -0.377485118
0.0363703021 -0.375709314
0.0363609866 -0.373933966
0.0363517177 -0.372159071
0.0363424953 -0.370384627
0.0363333192 -0.368610632
0.0363241895 -0.366837083
0.0363151061 -0.365063979
0.036306069 -0.363291317
0.0362970781 -0.361519095
0.0362881333 -0.35974731
0.0362792348 -0.357975961
0.0362703823 -0.356205045
0.0362615758 -0.35443456
0.0362528154 -0.352664503
0.0362441009 -0.350894873
0.0362354323 -0.349125666
0.0362268096 -0.347356882
0.0362182328 -0.345588517
0.0362097017 -0.34382057
0.0362012164 -0.342053037
0.0361927768 -0.340285918
0.0361843829 -0.338519209
0.0361760345 -0.336752909
0.0361677318 -0.334987015
0.0361594746 -0.333221525
0.036151263 -0.331456437
0.0361430968 -0.329691749
0.036134976 -0.327927458
0.0361269006 -0.326163561
0.0361188705 -0.324400058
0.0361108858 -0.322636946
0.0361029463 -0.320874222
0.036095052 -0.319111885
0.036087203 -0.317349931
0.0360793991 -0.315588359
0.0360716403 -0.313827168
0.0360639266 -0.312066353
0.0360562579 -0.310305914
0.0360486342 -0.308545848
0.0360410555 -0.306786153
0.0360335217 -0.305026826
0.0360260328 -0.303267866
0.0360185888 -0.301509271
0.0360111896 -0.299751037
0.0360038351 -0.297993164
0.0359965254 -0.296235648
0.0359892604 -0.294478488
0.0359820401 -0.292721681
0.0359748645 -0.290965226
0.0359677334 -0.289209119
0.0359606469 -0.28745336
0.035953605 -0.285697945
0.0359466075 -0.283942873
0.0359396546 -0.28218814
0.035932746 -0.280433747
0.0359258819 -0.278679689
0.0359190621 -0.276925965
0.0359122867 -0.275172573
0.0359055555 -0.27341951
0.0358988687 -0.271666775
0.0358922261 -0.269914364
0.0358856276 -0.268162277
0.0358790734 -0.266410511
0.0358725633 -0.264659064
0.0358660973 -0.262907933
0.0358596754 -0.261157116
0.0358532976 -0.259406612
0.0358469637 -0.257656418
0.0358406739 -0.255906532
0.035834428 -0.254156952
0.035828226 -0.252407675
0.0358220679 -0.2506587
0.0358159537 -0.248910025
0.0358098834 -0.247161646
0.0358038568 -0.245413563
0.035797874 -0.243665773
0.035791935 -0.241918274
0.0357860397 -0.240171063
0.0357801881 -0.238424139
0.0357743801 -0.2366775
0.0357686158 -0.234931143
0.0357628951 -0.233185066
0.035757218 -0.231439267
0.0357515845 -0.229693744
0.0357459945 -0.227948495
0.0357404479 -0.226203518
0.0357349449 -0.22445881
0.0357294853 -0.222714369
0.0357240691 -0.220970194
0.0357186963 -0.219226283
0.0357133669 -0.217482632
0.0357080808 -0.21573924
0.0357028381 -0.213996106
0.0356976386 -0.212253226
0.0356924825 -0.210510598
0.0356873695 -0.208768221
0.0356822998 -0.207026093
0.0356772733 -0.205284211
0.0356722899 -0.203542573
0.0356673497 -0.201801177
0.0356624527 -0.200060022
0.0356575987 -0.198319104
0.0356527878 -0.196578422
0.0356480199 -0.194837974
0.0356432951 -0.193097757
0.0356386133 -0.19135777
0.0356339745 -0.18961801
0.0356293787 -0.187878475
0.0356248258 -0.186139164
0.0356203158 -0.184400074
0.0356158487 -0.182661203
0.0356114245 -0.180922548
0.0356070431 -0.179184109
0.0356027046 -0.177445882
0.0355984089 -0.175707866
0.035594156 -0.173970059
0.0355899459 -0.172232458
0.0355857785 -0.170495061
0.0355816539 -0.168757867
0.035577572 -0.167020873
0.0355735327 -0.165284077
0.0355695362 -0.163547477
0.0355655823 -0.161811071
0.0355616711 -0.160074857
0.0355578024 -0.158338833
0.0355539764 -0.156602997
0.0355501929 -0.154867346
0.0355464521 -0.153131879
0.0355427537 -0.151396593
0.0355390979 -0.149661487
0.0355354846 -0.147926558
0.0355319138 -0.146191804
0.0355283855 -0.144457224
0.0355248996 -0.142722815
0.0355214562 -0.140988574
0.0355180552 -0.139254501
0.0355146967 -0.137520593
0.0355113805 -0.135786847
0.0355081067 -0.134053262
0.0355048753 -0.132319836
0.0355016862 -0.130586567
0.0354985394 -0.128853452
0.035495435 -0.12712049
0.0354923729 -0.125387678
0.035489353 -0.123655015
0.0354863755 -0.121922498
0.0354834402 -0.120190125
0.0354805471 -0.118457894
0.0354776963 -0.116725804
0.0354748877 -0.114993851
0.0354721213 -0.113262035
0.0354693972 -0.111530352
0.0354667151 -0.109798802
0.0354640753 -0.108067381
0.0354614776 -0.106336088
0.0354589221 -0.104604921
0.0354564087 -0.102873877
0.0354539374 -0.101142955
0.0354515082 -0.0994121531
0.0354491211 -0.0976814683
0.0354467761 -0.0959508989
0.0354444732 -0.0942204429
0.0354422123 -0.0924900983
0.0354399935 -0.0907598629
0.0354378167 -0.0890297348
0.0354356819 -0.0872997119
0.0354335892 -0.0855697921
0.0354315385 -0.0838399734
0.0354295298 -0.0821102538
0.0354275631 -0.0803806311
0.0354256384 -0.0786511034
0.0354237556 -0.0769216686
0.0354219148 -0.0751923246
0.035420116 -0.0734630695
0.0354183591 -0.071733901
0.0354166441 -0.0700048173
0.0354149711 -0.0682758163
0.03541334 -0.0665468959
0.0354117508 -0.064818054
0.0354102035 -0.0630892886
0.0354086982 -0.0613605978
0.0354072347 -0.0596319793
0.0354058131 -0.0579034313
0.0354044334 -0.0561749516
0.0354030955 -0.0544465382
0.0354017995 -0.0527181891
0.0354005454 -0.0509899021
0.0353993332 -0.0492616754
0.0353981628 -0.0475335068
0.0353970342 -0.0458053943
0.0353959475 -0.0440773358
0.0353949026 -0.0423493293
0.0353938995 -0.0406213728
0.0353929382 -0.0388934643
0.0353920188 -0.0371656016
0.0353911412 -0.0354377827
0.0353903054 -0.0337100057
0.0353895114 -0.0319822684
0.0353887592 -0.0302545688
0.0353880488 -0.028526905
0.0353873802 -0.0267992747
0.0353867534 -0.0250716761
0.0353861684 -0.0233441071
0.0353856252 -0.0216165655
0.0353851237 -0.0198890495
0.0353846641 -0.0181615569
0.0353842462 -0.0164340857
0.0353838701 -0.0147066339
0.0353835357 -0.0129791994
0.0353832432 -0.0112517803
0.0353829924 -0.00952437434
0.0353827834 -0.00779697963
0.0353826162 -0.00606959411
0.0353824907 -0.00434221572
0.035382407 -0.00261484244
0.0353823651 -0.000887472221
0.0353823649 0.000839896969
0.0353824065 0.00256726717
0.0353824899 0.00429464042
0.035382615 0.00602201876
0.0353827819 0.00774940422
0.0353829906 0.00947679885
0.0353832411 0.0112042047
0.0353835333 0.0129316237
0.0353838673 0.0146590581
0.0353842431 0.0163865098
0.0353846606 0.0181139808
0.03538512 0.0198414732
0.0353856211 0.0215689891
0.035386164 0.0232965304
0.0353867487 0.0250240992
0.0353873752 0.0267516976
0.0353880435 0.0284793276
0.0353887535 0.0302069912
0.0353895054 0.0319346904
0.0353902991 0.0336624274
0.0353911345 0.0353902041
0.0353920118 0.0371180226
0.0353929309 0.038845885
0.0353938919 0.0405737932
0.0353948946 0.0423017493
0.0353959392 0.0440297554
0.0353970256 0.0457578134
0.0353981538 0.0474859255
0.0353993239 0.0492140937
0.0354005358 0.05094232
0.0354017896 0.0526706064
0.0354030853 0.0543989551
0.0354044228 0.0561273679
0.0354058022 0.0578558471
0.0354072235 0.0595843946
0.0354086866 0.0613130125
0.0354101917 0.0630417028
0.0354117386 0.0647704676
0.0354133275 0.0664993088
0.0354149583 0.0682282286
0.035416631 0.0699572291
0.0354183456 0.0716863121
0.0354201022 0.0734154799
0.0354219007 0.0751447344
0.0354237412 0.0768740776
0.0354256236 0.0786035117
0.035427548 0.0803330387
0.0354295144 0.0820626606
0.0354315228 0.0837923795
0.0354335732 0.0855221974
0.0354356656 0.0872521164
0.0354378 0.0889821385
0.0354399765 0.0907122658
0.035442195 0.0924425003
0.0354444555 0.0941728441
0.0354467581 0.0959032992
0.0354491028 0.0976338677
0.0354514896 0.0993645517
0.0354539185 0.101095353
0.0354563894 0.102826274
0.0354589025 0.104557317
0.0354614578 0.106288483
0.0354640551 0.108019775
0.0354666947 0.109751195
0.0354693764 0.111482744
0.0354721002 0.113214426
0.0354748663 0.114946241
0.0354776746 0.116678192
0.0354805251 0.118410282
0.0354834178 0.120142511
0.0354863528 0.121874883
0.03548933 0.123607399
0.0354923496 0.125340061
0.0354954114 0.127072872
0.0354985155 0.128805833
0.0355016619 0.130538947
0.0355048507 0.132272215
0.0355080818 0.13400564
0.0355113553 0.135739223
0.0355146712 0.137472967
0.0355180294 0.139206875
0.0355214301 0.140940947
0.0355248732 0.142675186
0.0355283587 0.144409594
0.0355318868 0.146144173
0.0355354572 0.147878925
0.0355390702 0.149613853
0.0355427257 0.151348957
0.0355464238 0.153084242
0.0355501643 0.154819708
0.0355539475 0.156555357
0.0355577732 0.158291192
0.0355616415 0.160027215
0.0355655525 0.161763427
0.0355695061 0.163499832
0.0355735023 0.16523643
0.0355775412 0.166973224
0.0355816228 0.168710217
0.0355857472 0.17044741
0.0355899142 0.172184805
0.0355941241 0.173922404
0.0355983767 0.17566021
0.0356026721 0.177398224
0.0356070103 0.179136449
0.0356113913 0.180874887
0.0356158152 0.18261354
0.035620282 0.184352409
0.0356247917 0.186091498
0.0356293443 0.187830808
0.0356339398 0.18957034
0.0356385784 0.191310099
0.0356432599 0.193050084
0.0356479844 0.194790299
0.0356527519 0.196530746
0.0356575625 0.198271426
0.0356624162 0.200012342
0.035667313 0.201753496
0.0356722529 0.20349489
0.0356772359 0.205236526
0.0356822622 0.206978406
0.0356873316 0.208720532
0.0356924442 0.210462907
0.0356976001 0.212205533
0.0357027993 0.213948411
0.0357080417 0.215691544
0.0357133275 0.217434934
0.0357186566 0.219178582
0.0357240291 0.220922492
0.035729445 0.222666665
0.0357349043 0.224411104
0.0357404071 0.226155809
0.0357459533 0.227900785
0.0357515431 0.229646032
0.0357571763 0.231391553
0.0357628532 0.233137349
0.0357685736 0.234883424
0.0357743376 0.236629779
0.0357801453 0.238376417
0.0357859966 0.240123339
0.0357918916 0.241870547
0.0357978304 0.243618044
0.0358038128 0.245365832
0.0358098391 0.247113913
0.0358159092 0.248862289
0.0358220231 0.250610963
0.0358281809 0.252359935
0.0358343826 0.25410921
0.0358406282 0.255858788
0.0358469178 0.257608672
0.0358532514 0.259358863
0.035859629 0.261109365
0.0358660506 0.262860179
0.0358725163 0.264611308
0.0358790261 0.266362753
0.0358855801 0.268114517
0.0358921783 0.269866602
0.0358988206 0.27161901
0.0359055072 0.273371743
0.0359122381 0.275124803
0.0359190132 0.276878193
0.0359258327 0.278631915
0.0359326966 0.28038597
0.0359396049 0.282140361
0.0359465576 0.283895091
0.0359535548 0.285650161
0.0359605965 0.287405573
0.0359676827 0.28916133
0.0359748135 0.290917434
0.0359819889 0.292673887
0.0359892089 0.294430692
0.0359964737 0.296187849
0.0360037831 0.297945362
0.0360111373 0.299703233
0.0360185362 0.301461464
0.03602598 0.303220057
0.0360334687 0.304979015
0.0360410022 0.306738338
0.0360485807 0.308498031
0.0360562041 0.310258094
0.0360638725 0.312018531
0.036071586 0.313779342
0.0360793445 0.315540532
0.0360871482 0.317302101
0.036094997 0.319064051
0.036102891 0.320826386
0.0361108302 0.322589108
0.0361188147 0.324352217
0.0361268445 0.326115718
0.0361349197 0.327879611
0.0361430402 0.329643899
0.0361512062 0.331408585
0.0361594176 0.33317367
0.0361676746 0.334939158
0.0361759771 0.336705049
0.0361843251 0.338471346
0.0361927188 0.340238052
0.0362011582 0.342005168
0.0362096433 0.343772698
0.0362181741 0.345540642
0.0362267507 0.347309004
0.0362353732 0.349077786
0.0362440415 0.350846989
0.0362527558 0.352616617
0.036261516 0.354386671
0.0362703222 0.356157153
0.0362791745 0.357928066
0.0362880729 0.359699412
0.0362970174 0.361471194
0.0363060081 0.363243413
0.036315045 0.365016072
0.0363241281 0.366789173
0.0363332576 0.368562719
0.0363424335 0.370336711
0.0363516557 0.372111151
0.0363609244 0.373886043
0.0363702396 0.375661389
0.0363796013 0.37743719
0.0363890097 0.379213449
0.0363984646 0.380990168
0.0364079663 0.38276735
0.0364175146 0.384544996
0.0364271098 0.38632311
0.0364367517 0.388101693
0.0364464405 0.389880747
0.0364561763 0.391660275
0.036465959 0.39344028
0.0364757887 0.395220763
0.0364856655 0.397001727
0.0364955894 0.398783174
0.0365055604 0.400565106
0.0365155787 0.402347526
0.0365256442 0.404130436
0.036535757 0.405913838
0.0365459172 0.407697735
0.0365561248 0.409482129
0.0365663799 0.411267022
0.0365766824 0.413052416
0.0365870326 0.414838315
0.0365974303 0.416624719
0.0366078757 0.418411632
0.0366183689 0.420199056
0.0366289098 0.421986993
0.0366394985 0.423775446
0.0366501351 0.425564416
0.0366608196 0.427353907
0.0366715521 0.42914392
0.0366823327 0.430934458
0.0366931613 0.432725523
0.0367040381 0.434517118
0.036714963 0.436309245
0.0367259362 0.438101906
0.0367369578 0.439895103
0.0367480277 0.441688839
0.036759146 0.443483117
0.0367703128 0.445277939
0.0367815281 0.447073306
0.036792792 0.448869222
0.0368041045 0.450665689
0.0368154657 0.452462709
0.0368268757 0.454260284
0.0368383345 0.456058418
0.0368498422 0.457857111
0.0368613988 0.459656368
0.0368730044 0.461456189
0.036884659 0.463256578
0.0368963627 0.465057537
0.0369081156 0.466859068
0.0369199177 0.468661174
0.0369317691 0.470463856
0.0369436699 0.472267119
0.03695562 0.474070963
0.0369676196 0.475875391
0.0369796687 0.477680407
0.0369917674 0.479486011
0.0370039158 0.481292207
0.0370161138 0.483098997
0.0370283616 0.484906383
0.0370406593 0.486714368
0.0370530068 0.488522954
0.0370654043 0.490332144
0.0370778518 0.492141941
0.0370903494 0.493952345
0.0371028971 0.495763361
0.0371154951 0.49757499
0.0371281433 0.499387235
0.0371408418 0.501200099
0.0371535907 0.503013583
0.0371663901 0.504827691
0.0371792401 0.506642425
0.0371921406 0.508457786
0.0372050918 0.510273779
0.0372180937 0.512090404
0.0372311464 0.513907665
0.0372442499 0.515725564
0.0372574044 0.517544104
0.0372706099 0.519363287
0.0372838665 0.521183116
0.0372971741 0.523003593
0.037310533 0.52482472
0.0373239431 0.5266465
0.0373374046 0.528468936
0.0373509175 0.53029203
0.0373644818 0.532115785
0.0373780977 0.533940202
0.0373917652 0.535765285
0.0374054843 0.537591037
0.0374192553 0.539417459
0.037433078 0.541244554
0.0374469526 0.543072325
0.0374608792 0.544900774
0.0374748579 0.546729904
0.0374888886 0.548559718
0.0375029716 0.550390217
0.0375171068 0.552221405
0.0375312943 0.554053283
0.0375455342 0.555885855
0.0375598266 0.557719124
0.0375741715 0.55955309
0.0375885691 0.561387759
0.0376030193 0.56322313
0.0376175223 0.565059209
0.0376320782 0.566895996
0.037646687 0.568733494
0.0376613488 0.570571707
0.0376760636 0.572410637
0.0376908316 0.574250285
0.0377056529 0.576090656
0.0377205274 0.577931751
0.0377354553 0.579773573
0.0377504367 0.581616125
0.0377654716 0.583459409
0.0377805601 0.585303428
0.0377957023 0.587148184
0.0378108983 0.588993681
0.0378261482 0.590839921
0.037841452 0.592686905
0.0378568097 0.594534638
0.0378722216 0.596383122
0.0378876877 0.598232358
0.037903208 0.600082351
0.0379187826 0.601933102
0.0379344117 0.603784615
0.0379500952 0.605636892
0.0379658333 0.607489935
0.0379816261 0.609343747
0.0379974737 0.611198331
0.038013376 0.61305369
0.0380293333 0.614909826
0.0380453456 0.616766742
0.0380614129 0.61862444
0.0380775355 0.620482924
0.0380937132 0.622342196
0.0381099464 0.624202259
0.0381262349 0.626063115
0.0381425789 0.627924767
0.0381589786 0.629787218
0.0381754339 0.63165047
0.0381919449 0.633514527
0.0382085119 0.63537939
0.0382251348 0.637245064
0.0382418137 0.639111549
0.0382585487 0.64097885
0.0382753399 0.642846969
0.0382921875 0.644715909
0.0383090914 0.646585671
0.0383260518 0.64845626
0.0383430688 0.650327678
0.0383601424 0.652199928
0.0383772728 0.654073012
0.03839446 0.655946933
0.0384117041 0.657821694
0.0384290053 0.659697298
0.0384463636 0.661573748
0.0384637791 0.663451046
0.0384812519 0.665329195
0.0384987821 0.667208198
0.0385163698 0.669088057
0.038534015 0.670968777
0.038551718 0.672850358
0.0385694787 0.674732805
0.0385872973 0.676616119
0.0386051739 0.678500305
0.0386231085 0.680385364
0.0386411012 0.6822713
0.0386591523 0.684158114
0.0386772617 0.686045812
0.0386954295 0.687934394
0.0387136559 0.689823863
0.0387319409 0.691714224
0.0387502847 0.693605478
0.0387686873 0.695497629
0.0387871489 0.697390679
0.0388056695 0.699284631
0.0388242492 0.701179488
0.0388428882 0.703075254
0.0388615865 0.70497193
0.0388803443 0.70686952
0.0388991617 0.708768026
0.0389180386 0.710667452
0.0389369754 0.712567801
0.038955972 0.714469075
0.0389750285 0.716371277
0.0389941452 0.718274411
0.039013322 0.720178478
0.039032559 0.722083483
0.0390518565 0.723989428
0.0390712144 0.725896316
0.0390906329 0.72780415
0.0391101122 0.729712933
0.0391296522 0.731622668
0.0391492531 0.733533357
0.0391689151 0.735445005
0.0391886381 0.737357613
0.0392084225 0.739271185
0.0392282681 0.741185724
0.0392481752 0.743101232
0.0392681439 0.745017714
0.0392881743 0.746935171
0.0393082664 0.748853607
0.0393284204 0.750773024
0.0393486364 0.752693427
0.0393689146 0.754614817
0.039389255 0.756537199
0.0394096577 0.758460574
0.0394301228 0.760384946
0.0394506506 0.762310319
0.039471241 0.764236694
0.0394918942 0.766164075
0.0395126104 0.768092466
0.0395333895 0.770021869
0.0395542318 0.771952287
0.0395751374 0.773883724
0.0395961063 0.775816182
0.0396171387 0.777749665
0.0396382348 0.779684176
0.0396593945 0.781619718
0.0396806181 0.783556293
0.0397019057 0.785493905
0.0397232574 0.787432558
0.0397446732 0.789372254
0.0397661534 0.791312997
0.039787698 0.793254789
0.0398093072 0.795197633
0.0398309811 0.797141534
0.0398527198 0.799086494
0.0398745234 0.801032515
0.0398963921 0.802979603
0.0399183259 0.804927758
0.0399403251 0.806876986
0.0399623896 0.808827288
0.0399845198 0.810778669
0.0400067156 0.812731131
0.0400289772 0.814684677
0.0400513047 0.816639311
0.0400736982 0.818595037
0.040096158 0.820551856
0.0401186841 0.822509773
0.0401412766 0.82446879
0.0401639356 0.826428911
0.0401866614 0.82839014
0.040209454 0.830352478
0.0402323135 0.832315931
0.0402552401 0.8342805
0.0402782339 0.83624619
0.0403012951 0.838213003
0.0403244238 0.840180943
0.04034762 0.842150013
0.040370884 0.844120216
0.0403942159 0.846091556
0.0404176158 0.848064036
0.0404410838 0.850037659
0.0404646201 0.852012429
0.0404882249 0.853988349
0.0405118981 0.855965423
0.0405356401 0.857943653
0.0405594509 0.859923042
0.0405833306 0.861903596
0.0406072795 0.863885316
0.0406312976 0.865868206
0.040655385 0.86785227
0.040679542 0.86983751
0.0407037687 0.871823931
0.0407280651 0.873811536
0.0407524315 0.875800327
0.0407768679 0.877790309
0.0408013746 0.879781485
0.0408259516 0.881773859
0.0408505992 0.883767433
0.0408753174 0.885762211
0.0409001064 0.887758198
0.0409249663 0.889755395
0.0409498973 0.891753807
0.0409748996 0.893753437
0.0409999732 0.895754288
0.0410251183 0.897756365
0.0410503352 0.89975967
0.0410756238 0.901764207
0.0411009844 0.90376998
0.0411264172 0.905776991
0.0411519222 0.907785245
0.0411774996 0.909794746
0.0412031496 0.911805496
0.0412288723 0.913817499
0.0412546679 0.915830759
0.0412805365 0.917845279
0.0413064782 0.919861063
0.0413324934 0.921878115
0.041358582 0.923896437
0.0413847442 0.925916034
0.0414109803 0.927936909
0.0414372902 0.929959066
0.0414636743 0.931982509
0.0414901327 0.93400724
0.0415166655 0.936033265
0.0415432729 0.938060585
0.041569955 0.940089205
0.041596712 0.942119129
0.0416235441 0.94415036
0.0416504514 0.946182902
0.041677434 0.948216759
0.0417044923 0.950251934
0.0417316262 0.952288431
0.041758836 0.954326253
0.0417861218 0.956365405
0.0418134838 0.95840589
0.0418409222 0.960447711
0.0418684371 0.962490874
0.0418960287 0.96453538
0.0419236972 0.966581234
0.0419514427 0.96862844
0.0419792654 0.970677002
0.0420071655 0.972726923
0.042035143 0.974778207
0.0420631983 0.976830857
0.0420913315 0.978884879
0.0421195427 0.980940274
0.0421478322 0.982997048
0.0421762 0.985055204
0.0422046464 0.987114746
0.0422331715 0.989175678
0.0422617755 0.991238003
0.0422904586 0.993301726
0.042319221 0.995366849
0.0423480628 0.997433378
0.0423769842 0.999501316
0.0424059854 1.00157067
0.0424350666 1.00364144
0.0424642279 1.00571362
0.0424934696 1.00778724
0.0425227918 1.00986228
0.0425521946 1.01193875
0.0425816783 1.01401666
0.0426112431 1.01609601
0.0426408891 1.01817681
0.0426706166 1.02025905
0.0427004256 1.02234275
0.0427303164 1.0244279
0.0427602892 1.02651451
0.0427903442 1.02860259
0.0428204815 1.03069213
0.0428507013 1.03278315
0.0428810039 1.03487564
0.0429113894 1.03696962
0.0429418579 1.03906508
0.0429724098 1.04116202
0.0430030452 1.04326046
0.0430337642 1.0453604
0.0430645671 1.04746183
0.0430954541 1.04956478
0.0431264253 1.05166923
0.043157481 1.05377519
0.0431886213 1.05588267
0.0432198464 1.05799167
0.0432511566 1.0601022
0.0432825521 1.06221425
0.0433140329 1.06432784
0.0433455995 1.06644297
0.0433772518 1.06855964
0.0434089902 1.07067786
0.0434408148 1.07279762
0.0434727259 1.07491894
0.0435047236 1.07704183
0.0435368081 1.07916627
0.0435689797 1.08129228
0.0436012386 1.08341986
0.0436335849 1.08554902
0.0436660189 1.08767976
0.0436985407 1.08981208
0.0437311507 1.09194599
0.0437638489 1.0940815
0.0437966357 1.0962186
0.0438295111 1.0983573
0.0438624755 1.10049761
0.043895529 1.10263953
0.0439286719 1.10478306
0.0439619043 1.10692822
0.0439952266 1.10907499
0.0440286388 1.1112234
0.0440621412 1.11337344
0.0440957341 1.11552511
0.0441294176 1.11767842
0.0441631919 1.11983338
0.0441970574 1.12198999
0.0442310142 1.12414826
0.0442650624 1.12630818
0.0442992025 1.12846977
0.0443334345 1.13063302
0.0443677587 1.13279794
0.0444021753 1.13496455
0.0444366846 1.13713283
0.0444712867 1.1393028
0.0445059819 1.14147446
0.0445407705 1.14364781
0.0445756526 1.14582287
0.0446106285 1.14799963
0.0446456984 1.15017809
0.0446808626 1.15235827
0.0447161212 1.15454017
0.0447514745 1.15672379
0.0447869228 1.15890914
0.0448224663 1.16109621
0.0448581052 1.16328503
0.0448938397 1.16547558
0.0449296702 1.16766788
0.0449655967 1.16986194
0.0450016197 1.17205774
0.0450377392 1.17425531
0.0450739556 1.17645464
0.0451102691 1.17865574
0.0451466799 1.18085861
0.0451831883 1.18306326
0.0452197945 1.1852697
0.0452564988 1.18747792
0.0452933014 1.18968793
0.0453302026 1.19189975
0.0453672025 1.19411336
0.0454043016 1.19632879
0.0454414999 1.19854602
0.0454787978 1.20076508
0.0455161956 1.20298595
0.0455536934 1.20520865
0.0455912915 1.20743318
0.0456289902 1.20965955
0.0456667897 1.21188777
0.0457046904 1.21411782
0.0457426923 1.21634973
0.0457807959 1.2185835
0.0458190014 1.22081912
0.045857309 1.22305661
0.0458957189 1.22529598
0.0459342316 1.22753722
0.0459728471 1.22978034
0.0460115659 1.23202535
0.0460503881 1.23427225
0.046089314 1.23652104
0.0461283439 1.23877174
0.046167478 1.24102434
0.0462067167 1.24327885
0.0462460602 1.24553528
0.0462855087 1.24779364
0.0463250626 1.25005392
0.0463647221 1.25231613
0.0464044875 1.25458028
0.046444359 1.25684637
0.0464843371 1.25911441
0.0465244218 1.2613844
0.0465646135 1.26365635
0.0466049126 1.26593026
0.0466453191 1.26820614
0.0466858336 1.270484
0.0467264562 1.27276383
0.0467671872 1.27504565
0.0468080269 1.27732946
0.0468489756 1.27961526
0.0468900335 1.28190306
0.0469312011 1.28419287
0.0469724785 1.28648469
0.047013866 1.28877852
0.047055364 1.29107438
0.0470969728 1.29337226
0.0471386926 1.29567218
0.0471805237 1.29797413
0.0472224664 1.30027813
0.0472645211 1.30258417
0.047306688 1.30489227
0.0473489674 1.30720243
0.0473913596 1.30951466
0.047433865 1.31182895
0.0474764839 1.31414532
0.0475192164 1.31646377
0.047562063 1.31878431
0.047605024 1.32110695
0.0476480996 1.32343168
0.0476912903 1.32575851
0.0477345962 1.32808746
0.0477780177 1.33041852
0.0478215551 1.3327517
0.0478652087 1.33508701
0.0479089789 1.33742445
0.047952866 1.33976402
0.0479968702 1.34210574
0.048040992 1.34444961
0.0480852316 1.34679564
0.0481295893 1.34914383
0.0481740655 1.35149418
0.0482186605 1.3538467
0.0482633746 1.35620141
0.0483082082 1.3585583
0.0483531615 1.36091737
0.048398235 1.36327865
0.0484434289 1.36564212
0.0484887435 1.3680078
0.0485341793 1.3703757
0.0485797365 1.37274581
0.0486254155 1.37511815
0.0486712167 1.37749272
0.0487171402 1.37986953
0.0487631866 1.38224858
0.0488093561 1.38462988
0.0488556491 1.38701343
0.048902066 1.38939925
0.048948607 1.39178733
0.0489952725 1.39417769
0.0490420629 1.39657032
0.0490889786 1.39896524
0.0491360198 1.40136245
0.0491831869 1.40376196
0.0492304803 1.40616378
0.0492779004 1.4085679
0.0493254474 1.41097434
0.0493731218 1.4133831
0.0494209239 1.41579419
0.0494688541 1.41820762
0.0495169128 1.42062338
0.0495651002 1.4230415
0.0496134168 1.42546196
0.0496618629 1.42788479
0.049710439 1.43030998
0.0497591453 1.43273755
0.0498079822 1.43516749
0.0498569502 1.43759982
0.0499060496 1.44003454
0.0499552807 1.44247166
0.050004644 1.44491118
0.0500541399 1.44735312
0.0501037686 1.44979747
0.0501535306 1.45224425
0.0502034263 1.45469345
0.050253456 1.4571451
0.0503036202 1.45959918
0.0503539193 1.46205572
0.0504043535 1.46451471
0.0504549234 1.46697617
0.0505056293 1.4694401
0.0505564716 1.4719065
0.0506074507 1.47437539
0.0506585669 1.47684676
0.0507098208 1.47932063
0.0507612127 1.48179701
0.050812743 1.4842759
0.0508644121 1.4867573
0.0509162204 1.48924122
0.0509681683 1.49172768
0.0510202562 1.49421667
0.0510724846 1.49670821
0.0511248538 1.4992023
0.0511773643 1.50169895
0.0512300165 1.50419816
0.0512828108 1.50669994
0.0513357475 1.5092043
0.0513888273 1.51171125
0.0514420504 1.51422078
0.0514954172 1.51673292
0.0515489283 1.51924767
0.051602584 1.52176502
0.0516563848 1.524285
0.0517103311 1.52680761
0.0517644234 1.52933285
0.0518186619 1.53186073
0.0518730473 1.53439126
0.05192758 1.53692445
0.0519822603 1.5394603
0.0520370887 1.54199882
0.0520920658 1.54454002
0.0521471918 1.5470839
0.0522024673 1.54963048
0.0522578927 1.55217976
0.0523134684 1.55473174
0.052369195 1.55728644
0.0524250729 1.55984386
0.0524811024 1.562404
0.0525372842 1.56496689
0.0525936186 1.56753251
0.0526501061 1.57010089
0.0527067472 1.57267203
0.0527635423 1.57524594
0.0528204919 1.57782261
0.0528775965 1.58040207
0.0529348565 1.58298432
0.0529922725 1.58556937
0.0530498448 1.58815721
0.0531075741 1.59074787
0.0531654606 1.59334135
0.0532235051 1.59593766
0.0532817078 1.5985368
0.0533400693 1.60113879
0.0533985902 1.60374362
0.0534572708 1.60635131
0.0535161117 1.60896187
0.0535751133 1.6115753
0.0536342763 1.61419161
0.053693601 1.61681082
0.0537530879 1.61943292
0.0538127376 1.62205792
0.0538725506 1.62468584
0.0539325274 1.62731668
0.0539926684 1.62995045
0.0540529742 1.63258715
0.0541134454 1.6352268
0.0541740823 1.63786941
0.0542348856 1.64051497
0.0542958558 1.64316351
0.0543569933 1.64581502
0.0544182987 1.64846952
0.0544797726 1.65112701
0.0545414154 1.6537875
0.0546032277 1.656451
0.0546652101 1.65911753
0.0547273629 1.66178708
0.0547896869 1.66445966
0.0548521825 1.66713529
0.0549148503 1.66981397
0.0549776907 1.67249571
0.0550407045 1.67518052
0.055103892 1.67786841
0.0551672539 1.68055938
0.0552307908 1.68325345
0.0552945031 1.68595062
0.0553583914 1.6886509
0.0554224563 1.69135431
0.0554866983 1.69406084
0.0555511181 1.69677051
0.0556157161 1.69948332
0.055680493 1.70219929
0.0557454493 1.70491842
0.0558105856 1.70764072
0.0558759025 1.71036621
0.0559414006 1.71309488
0.0560070803 1.71582676
0.0560729424 1.71856184
0.0561389874 1.72130013
0.0562052159 1.72404166
0.0562716285 1.72678641
0.0563382257 1.72953441
0.0564050083 1.73228567
0.0564719767 1.73504018
0.0565391316 1.73779796
0.0566064736 1.74055903
0.0566740033 1.74332338
0.0567417212 1.74609103
0.0568096281 1.74886199
0.0568777246 1.75163626
0.0569460111 1.75441386
0.0570144885 1.75719479
0.0570831572 1.75997907
0.057152018 1.7627667
0.0572210714 1.76555769
0.0572903181 1.76835206
0.0573597587 1.7711498
0.0574293938 1.77395094
0.0574992242 1.77675548
0.0575692503 1.77956343
0.057639473 1.7823748
0.0577098928 1.78518959
0.0577805103 1.78800783
0.0578513263 1.79082951
0.0579223414 1.79365466
0.0579935562 1.79648327
0.0580649714 1.79931536
0.0581365877 1.80215093
0.0582084058 1.80499
0.0582804262 1.80783258
0.0583526498 1.81067868
0.0584250771 1.81352831
0.0584977088 1.81638147
0.0585705457 1.81923817
0.0586435884 1.82209844
0.0587168376 1.82496227
0.058790294 1.82782968
0.0588639583 1.83070067
0.0589378312 1.83357527
0.0590119134 1.83645347
0.0590862055 1.83933528
0.0591607084 1.84222073
0.0592354227 1.84510981
0.0593103491 1.84800254
0.0593854883 1.85089893
0.0594608411 1.85379899
0.0595364082 1.85670273
0.0596121903 1.85961016
0.0596881882 1.86252129
0.0597644025 1.86543613
0.059840834 1.8683547
0.0599174835 1.87127699
0.0599943517 1.87420303
0.0600714393 1.87713282
0.0601487472 1.88006638
0.0602262759 1.88300371
0.0603040264 1.88594483
0.0603819993 1.88888974
0.0604601955 1.89183846
0.0605386156 1.894791
0.0606172605 1.89774737
0.0606961309 1.90070758
0.0607752277 1.90367164
0.0608545515 1.90663956
0.0609341032 1.90961135
0.0610138835 1.91258703
0.0610938934 1.91556661
0.0611741334 1.91855009
0.0612546045 1.9215375
0.0613353075 1.92452883
0.0614162431 1.9275241
0.0614974122 1.93052332
0.0615788155 1.93352651
0.0616604539 1.93653367
0.0617423283 1.93954482
0.0618244394 1.94255996
0.061906788 1.94557912
0.061989375 1.9486023
0.0620722013 1.95162951
0.0621552676 1.95466076
0.0622385749 1.95769607
0.0623221239 1.96073545
0.0624059155 1.9637789
0.0624899506 1.96682645
0.06257423 1.96987811
0.0626587546 1.97293387
0.0627435252 1.97599377
0.0628285428 1.9790578
0.0629138081 1.98212599
0.0629993222 1.98519834
0.0630850857 1.98827486
0.0631710998 1.99135557
0.0632573651 1.99444048
0.0633438827 1.99752961
0.0634306534 2.00062296
0.0635176782 2.00372054
0.0636049578 2.00682238
0.0636924934 2.00992847
0.0637802857 2.01303884
0.0638683356 2.0161535
0.0639566442 2.01927246
0.0640452124 2.02239572
0.0641340409 2.02552332
0.0642231309 2.02865525
0.0643124833 2.03179153
0.0644020989 2.03493217
0.0644919788 2.03807719
0.0645821239 2.0412266
0.0646725351 2.04438041
0.0647632135 2.04753863
0.06485416 2.05070128
0.0649453755 2.05386837
0.065036861 2.05703992
0.0651286176 2.06021593
0.0652206462 2.06339643
0.0653129478 2.06658141
0.0654055234 2.0697709
0.065498374 2.07296492
0.0655915006 2.07616346
0.0656849042 2.07936656
0.0657785858 2.08257421
0.0658725465 2.08578644
0.0659667872 2.08900326
0.0660613091 2.09222467
0.0661561131 2.09545071
0.0662512002 2.09868137
0.0663465716 2.10191667
0.0664422283 2.10515663
0.0665381712 2.10840127
0.0666344016 2.11165058
0.0667309204 2.1149046
0.0668277287 2.11816332
0.0669248276 2.12142678
0.0670222182 2.12469497
0.0671199015 2.12796792
0.0672178787 2.13124564
0.0673161508 2.13452814
0.067414719 2.13781544
0.0675135842 2.14110756
0.0676127478 2.1444045
0.0677122107 2.14770628
0.0678119742 2.15101292
0.0679120392 2.15432443
0.068012407 2.15764082
0.0681130787 2.16096212
0.0682140554 2.16428833
0.0683153383 2.16761947
0.0684169286 2.17095555
0.0685188274 2.1742966
0.0686210358 2.17764262
0.0687235551 2.18099363
0.0688263863 2.18434965
0.0689295308 2.18771069
0.0690329897 2.19107676
0.0691367642 2.19444788
0.0692408554 2.19782407
0.0693452646 2.20120535
0.0694499931 2.20459172
0.0695550419 2.2079832
0.0696604124 2.21137981
0.0697661058 2.21478157
0.0698721233 2.21818849
0.0699784661 2.22160058
0.0700851356 2.22501787
0.0701921329 2.22844036
0.0702994593 2.23186808
0.0704071162 2.23530103
0.0705151046 2.23873924
0.0706234261 2.24218273
0.0707320817 2.2456315
0.0708410729 2.24908558
0.0709504009 2.25254498
0.071060067 2.25600972
0.0711700725 2.25947981
0.0712804188 2.26295527
0.0713911072 2.26643612
0.071502139 2.26992237
0.0716135155 2.27341405
0.0717252381 2.27691116
0.0718373082 2.28041372
0.071949727 2.28392176
0.0720624961 2.28743529
0.0721756167 2.29095432
0.0722890902 2.29447887
0.072402918 2.29800897
0.0725171015 2.30154462
0.0726316421 2.30508584
0.0727465412 2.30863266
0.0728618002 2.31218508
0.0729774206 2.31574314
0.0730934037 2.31930684
0.073209751 2.3228762
0.073326464 2.32645124
0.0734435441 2.33003197
0.0735609927 2.33361843
0.0736788114 2.33721062
0.0737970015 2.34080856
0.0739155646 2.34441227
0.0740345022 2.34802176
0.0741538157 2.35163707
0.0742735067 2.3552582
0.0743935767 2.35888517
0.0745140271 2.362518
0.0746348595 2.36615672
0.0747560755 2.36980133
0.0748776766 2.37345186
0.0749996643 2.37710833
0.0751220402 2.38077075
0.0752448059 2.38443915
0.0753679629 2.38811354
0.0754915128 2.39179394
0.0756154572 2.39548037
0.0757397977 2.39917285
0.0758645359 2.40287141
0.0759896735 2.40657605
0.076115212 2.4102868
0.0762411531 2.41400368
0.0763674983 2.41772671
0.0764942495 2.42145591
0.0766214082 2.42519129
0.076748976 2.42893289
0.0768769547 2.4326807
0.077005346 2.43643477
0.0771341515 2.44019511
0.0772633729 2.44396173
0.077393012 2.44773466
0.0775230705 2.45151392
0.07765355 2.45529952
0.0777844524 2.4590915
0.0779157794 2.46288987
0.0780475327 2.46669465
0.078179714 2.47050586
0.0783123253 2.47432352
0.0784453682 2.47814765
0.0785788445 2.48197829
0.0787127561 2.48581543
0.0788471048 2.48965911
0.0789818923 2.49350935
0.0791171205 2.49736618
0.0792527913 2.5012296
0.0793889065 2.50509964
0.0795254679 2.50897633
0.0796624775 2.51285969
0.0797999371 2.51674973
0.0799378486 2.52064648
0.0800762139 2.52454997
0.0802150349 2.52846021
0.0803543135 2.53237722
0.0804940517 2.53630104
0.0806342514 2.54023167
0.0807749145 2.54416915
0.0809160431 2.5481135
0.081057639 2.55206473
0.0811997044 2.55602288
0.0813422411 2.55998796
0.0814852511 2.56395999
0.0816287366 2.56793901
0.0817726994 2.57192504
0.0819171418 2.57591809
0.0820620656 2.57991819
0.082207473 2.58392536
0.082353366 2.58793963
0.0824997467 2.59196103
0.0826466172 2.59598957
0.0827939797 2.60002527
0.0829418361 2.60406817
0.0830901888 2.60811829
0.0832390397 2.61217565
0.0833883911 2.61624027
0.0835382451 2.62031219
0.0836886038 2.62439142
0.0838394696 2.62847799
0.0839908445 2.63257192
0.0841427308 2.63667324
0.0842951308 2.64078197
0.0844480465 2.64489814
0.0846014804 2.64902178
0.0847554346 2.65315291
0.0849099114 2.65729155
0.0850649132 2.66143773
0.0852204422 2.66559147
0.0853765006 2.66975281
0.085533091 2.67392176
0.0856902155 2.67809836
0.0858478766 2.68228263
0.0860060765 2.68647459
0.0861648177 2.69067427
0.0863241026 2.6948817
0.0864839336 2.69909691
0.086644313 2.70331991
0.0868052434 2.70755075
0.0869667271 2.71178944
0.0871287667 2.71603601
0.0872913645 2.72029049
0.0874545231 2.7245529
0.087618245 2.72882328
0.0877825326 2.73310165
0.0879473886 2.73738804
0.0881128154 2.74168247
0.0882788157 2.74598498
0.0884453919 2.75029559
0.0886125467 2.75461433
0.0887802827 2.75894123
0.0889486025 2.76327631
0.0891175087 2.76761961
0.0892870039 2.77197116
0.0894570909 2.77633097
0.0896277723 2.78069909
0.0897990507 2.78507553
0.089970929 2.78946034
0.0901434098 2.79385354
0.0903164958 2.79825515
0.0904901899 2.80266521
0.0906644947 2.80708375
0.0908394131 2.81151079
0.0910149479 2.81594637
0.0911911018 2.82039052
0.0913678778 2.82484326
0.0915452786 2.82930463
0.0917233072 2.83377466
0.0919019664 2.83825338
0.0920812591 2.84274082
0.0922611883 2.84723701
0.0924417568 2.85174198
0.0926229677 2.85625576
0.0928048238 2.86077838
0.0929873282 2.86530988
0.093170484 2.86985029
0.093354294 2.87439963
0.0935387613 2.87895795
0.0937238891 2.88352526
0.0939096803 2.88810161
0.0940961381 2.89268703
0.0942832656 2.89728155
0.0944710659 2.9018852
0.0946595422 2.90649802
0.0948486976 2.91112003
0.0950385353 2.91575127
0.0952290585 2.92039178
0.0954202704 2.92504158
0.0956121743 2.92970072
0.0958047735 2.93436922
0.0959980712 2.93904712
0.0961920708 2.94373446
0.0963867754 2.94843126
0.0965821886 2.95313756
0.0967783136 2.95785339
0.0969751539 2.9625788
0.0971727128 2.96731382
0.0973709937 2.97205847
0.0975700001 2.9768128
0.0977697355 2.98157684
0.0979702034 2.98635063
0.0981714072 2.9911342
0.0983733505 2.99592759
0.0985760368 3.00073083
0.0987794697 3.00554397
0.0989836527 3.01036703
0.0991885896 3.01520005
0.0993942839 3.02004307
0.0996007393 3.02489614
0.0998079595 3.02975927
0.100015948 3.03463252
0.100224709 3.03951591
0.100434246 3.0444095
0.100644562 3.0493133
0.100855662 3.05422737
0.10106755 3.05915174
0.101280228 3.06408645
0.101493702 3.06903154
0.101707974 3.07398704
0.101923049 3.078953
0.102138931 3.08392946
0.102355624 3.08891644
0.102573132 3.093914
0.102791458 3.09892217
0.103010607 3.103941
0.103230583 3.10897052
0.103451389 3.11401077
0.103673031 3.1190618
0.103895512 3.12412364
0.104118836 3.12919633
0.104343008 3.13427992
0.104568031 3.13937445
0.104793911 3.14447996
0.10502065 3.14959649
0.105248254 3.15472409
0.105476727 3.15986278
0.105706073 3.16501263
0.105936297 3.17017367
0.106167403 3.17534593
0.106399395 3.18052948
0.106632278 3.18572434
0.106866056 3.19093056
0.107100734 3.19614819
0.107336317 3.20137728
0.107572809 3.20661785
0.107810214 3.21186996
0.108048537 3.21713366
0.108287784 3.22240898
0.108527958 3.22769598
0.108769064 3.23299469
0.109011107 3.23830516
0.109254092 3.24362745
0.109498024 3.24896159
0.109742908 3.25430763
0.109988747 3.25966561
0.110235549 3.26503559
0.110483316 3.27041761
0.110732055 3.27581172
0.110981769 3.28121797
0.111232465 3.28663639
0.111484148 3.29206705
0.111736822 3.29750998
0.111990492 3.30296524
0.112245164 3.30843288
0.112500844 3.31391294
0.112757535 3.31940547
0.113015244 3.32491053
0.113273975 3.33042816
0.113533735 3.33595841
0.113794528 3.34150133
0.114056361 3.34705697
0.114319237 3.35262539
0.114583164 3.35820663
0.114848145 3.36380074
0.115114188 3.36940779
0.115381297 3.37502781
0.115649479 3.38066086
0.115918738 3.38630699
0.116189081 3.39196625
0.116460513 3.39763871
0.11673304 3.4033244
0.117006668 3.40902339
0.117281403 3.41473573
0.117557251 3.42046146
0.117834217 3.42620066
0.118112308 3.43195336
0.118391529 3.43771963
0.118671887 3.44349952
0.118953388 3.44929308
0.119236038 3.45510037
0.119519843 3.46092145
0.119804809 3.46675638
0.120090943 3.4726052
0.120378251 3.47846798
0.120666739 3.48434478
0.120956414 3.49023565
0.121247282 3.49614064
0.12153935 3.50205982
0.121832624 3.50799325
0.12212711 3.51394099
0.122422816 3.51990308
0.122719748 3.5258796
0.123017913 3.5318706
0.123317317 3.53787615
0.123617968 3.5438963
0.123919872 3.54993111
0.124223036 3.55598064
0.124527467 3.56204496
0.124833172 3.56812413
0.125140158 3.57421821
0.125448432 3.58032727
0.125758002 3.58645135
0.126068874 3.59259054
0.126381056 3.59874489
0.126694555 3.60491446
0.127009379 3.61109932
0.127325534 3.61729954
0.127643029 3.62351517
0.127961871 3.62974629
0.128282067 3.63599296
0.128603625 3.64225524
0.128926552 3.64853321
0.129250857 3.65482692
0.129576547 3.66113645
0.12990363 3.66746186
0.130232114 3.67380322
0.130562007 3.68016061
0.130893316 3.68653408
0.131226051 3.6929237
0.131560218 3.69932956
0.131895827 3.70575171
0.132232885 3.71219022
0.132571401 3.71864517
0.132911382 3.72511663
0.133252839 3.73160467
0.133595778 3.73810936
0.133940209 3.74463077
0.134286139 3.75116897
0.134633579 3.75772405
0.134982536 3.76429607
0.135333019 3.7708851
0.135685037 3.77749122
0.1360386 3.78411451
0.136393715 3.79075504
0.136750392 3.79741288
0.137108641 3.80408812
0.13746847 3.81078082
0.137829888 3.81749107
0.138192905 3.82421894
0.138557531 3.83096451
0.138923774 3.83772786
0.139291645 3.84450907
0.139661152 3.85130821
0.140032307 3.85812537
0.140405117 3.86496063
0.140779593 3.87181406
0.141155746 3.87868575
0.141533584 3.88557578
0.141913118 3.89248423
0.142294358 3.89941119
0.142677315 3.90635673
0.143061998 3.91332094
0.143448418 3.92030391
0.143836585 3.92730572
0.14422651 3.93432645
0.144618204 3.9413662
0.145011676 3.94842503
0.145406938 3.95550305
0.145804001 3.96260034
0.146202875 3.96971699
0.146603571 3.97685308
0.147006101 3.98400871
0.147410476 3.99118396
0.147816707 3.99837892
0.148224805 4.00559369
0.148634781 4.01282835
0.149046648 4.02008299
0.149460416 4.02735772
0.149876098 4.03465261
0.150293705 4.04196776
0.150713249 4.04930328
0.151134742 4.05665924
0.151558195 4.06403575
0.151983623 4.0714329
0.152411035 4.07885079
0.152840445 4.08628951
0.153271866 4.09374916
0.153705309 4.10122985
0.154140787 4.10873165
0.154578314 4.11625469
0.155017901 4.12379905
0.155459562 4.13136484
0.15590331 4.13895215
0.156349157 4.14656109
0.156797118 4.15419177
0.157247206 4.16184427
0.157699433 4.16951871
0.158153814 4.1772152
0.158610361 4.18493383
0.15906909 4.19267471
0.159530014 4.20043795
0.159993146 4.20822365
0.160458501 4.21603192
0.160926093 4.22386287
0.161395937 4.23171661
0.161868047 4.23959325
0.162342437 4.24749289
0.162819122 4.25541566
0.163298117 4.26336165
0.163779437 4.27133099
0.164263096 4.27932378
0.164749111 4.28734014
0.165237496 4.29538019
0.165728267 4.30344403
0.166221439 4.31153179
0.166717028 4.31964359
0.16721505 4.32777953
0.16771552 4.33593974
0.168218455 4.34412434
0.168723871 4.35233344
0.169231784 4.36056717
0.169742211 4.36882565
0.170255168 4.377109
0.170770673 4.38541734
0.171288741 4.3937508
0.17180939 4.40210951
0.172332637 4.41049358
0.172858499 4.41890314
0.173386995 4.42733833
0.173918141 4.43579927
0.174451955 4.44428608
0.174988455 4.4527989
0.175527659 4.46133786
0.176069585 4.46990309
0.176614252 4.47849472
0.177161678 4.48711289
0.177711882 4.49575773
0.178264883 4.50442937
0.178820699 4.51312795
0.179379351 4.5218536
0.179940856 4.53060648
0.180505234 4.5393867
0.181072506 4.54819442
0.181642691 4.55702977
0.18221581 4.5658929
0.182791881 4.57478394
0.183370925 4.58370305
0.183952964 4.59265036
0.184538018 4.60162603
0.185126107 4.61063019
0.185717252 4.61966299
0.186311476 4.62872459
0.186908799 4.63781514
0.187509242 4.64693477
0.188112829 4.65608365
0.18871958 4.66526193
0.189329518 4.67446977
0.189942665 4.6837073
0.190559044 4.6929747
0.191178678 4.70227212
0.191801589 4.71159972
0.192427801 4.72095765
0.193057338 4.73034609
0.193690222 4.73976517
0.194326478 4.74921508
0.194966129 4.75869598
0.1956092 4.76820802
0.196255716 4.77775138
0.196905701 4.78732623
0.197559179 4.79693272
0.198216177 4.80657104
0.198876719 4.81624135
0.199540832 4.82594382
0.20020854 4.83567863
0.20087987 4.84544595
0.201554848 4.85524596
0.202233501 4.86507883
0.202915856 4.87494475
0.203601939 4.88484389
0.204291779 4.89477644
0.204985401 4.90474257
0.205682835 4.91474247
0.206384108 4.92477632
0.207089249 4.93484432
0.207798286 4.94494665
0.208511247 4.9550835
0.209228163 4.96525505
0.209949062 4.9754615
0.210673975 4.98570305
0.21140293 4.99597989
0.212135959 5.00629221
0.212873092 5.01664022
0.213614359 5.02702411
0.214359791 5.03744408
0.215109421 5.04790033
0.215863279 5.05839307
0.216621399 5.06892251
0.217383811 5.07948884
0.218150548 5.09009229
0.218921644 5.10073305
0.219697132 5.11141134
0.220477044 5.12212738
0.221261416 5.13288137
0.222050281 5.14367353
0.222843674 5.15450409
0.22364163 5.16537326
0.224444183 5.17628126
0.22525137 5.18722832
0.226063225 5.19821466
0.226879787 5.2092405
0.22770109 5.22030608
0.228527172 5.23141162
0.229358071 5.24255736
0.230193824 5.25374353
0.231034469 5.26497037
0.231880044 5.27623811
0.232730588 5.28754699
0.233586141 5.29889725
0.234446742 5.31028914
0.235312432 5.3217229
0.236183249 5.33319878
0.237059236 5.34471702
0.237940433 5.35627788
0.238826883 5.36788161
0.239718626 5.37952846
0.240615706 5.39121869
0.241518166 5.40295256
0.242426048 5.41473033
0.243339396 5.42655226
0.244258256 5.43841862
0.245182671 5.45032967
0.246112686 5.46228568
0.247048348 5.47428693
0.247989701 5.48633369
0.248936794 5.49842623
0.249889672 5.51056484
0.250848383 5.52274978
0.251812975 5.53498135
0.252783498 5.54725983
0.253759998 5.55958551
0.254742527 5.57195868
0.255731135 5.58437962
0.256725871 5.59684864
0.257726786 5.60936602
0.258733934 5.62193208
0.259747365 5.63454711
0.260767132 5.64721141
0.261793289 5.65992529
0.262825889 5.67268907
0.263864988 5.68550305
0.264910639 5.69836754
0.265962899 5.71128288
0.267021823 5.72424936
0.268087469 5.73726733
0.269159893 5.7503371
0.270239155 5.763459
0.271325312 5.77663336
0.272418424 5.78986052
0.27351855 5.80314081
0.274625752 5.81647457
0.275740091 5.82986215
0.276861628 5.84330389
0.277990426 5.85680013
0.279126548 5.87035124
0.280270059 5.88395755
0.281421023 5.89761944
0.282579505 5.91133727
0.283745572 5.92511138
0.284919291 5.93894216
0.286100728 5.95282997
0.287289953 5.96677519
0.288487035 5.98077819
0.289692043 5.99483935
0.290905049 6.00895906
0.292126123 6.0231377
0.293355338 6.03737567
0.294592768 6.05167335
0.295838485 6.06603114
0.297092566 6.08044945
0.298355085 6.09492867
0.29962612 6.10946922
0.300905747 6.12407151
0.302194045 6.13873596
0.303491093 6.15346297
0.304796971 6.16825298
0.306111761 6.18310641
0.307435544 6.19802369
0.308768403 6.21300526
0.310110423 6.22805156
0.311461687 6.24316302
0.312822283 6.2583401
0.314192296 6.27358325
0.315571816 6.28889291
0.31696093 6.30426955
0.318359729 6.31971364
0.319768304 6.33522563
0.321186748 6.35080601
0.322615153 6.36645525
0.324053614 6.38217382
0.325502226 6.39796223
0.326961087 6.41382094
0.328430293 6.42975047
0.329909945 6.44575131
0.331400142 6.46182396
0.332900986 6.47796893
0.33441258 6.49418674
0.335935027 6.51047791
0.337468434 6.52684295
0.339012905 6.5432824
0.34056855 6.55979679
0.342135477 6.57638666
0.343713798 6.59305256
0.345303623 6.60979503
0.346905067 6.62661463
0.348518243 6.64351192
0.350143269 6.66048746
0.351780262 6.67754183
0.353429341 6.6946756
0.355090626 6.71188936
0.35676424 6.72918369
0.358450306 6.74655919
0.360148951 6.76401646
0.3618603 6.7815561
0.363584482 6.79917873
0.365321627 6.81688497
0.367071868 6.83467543
0.368835338 6.85255076
0.370612171 6.87051158
0.372402506 6.88855855
0.37420648 6.9066923
0.376024235 6.92491351
0.377855912 6.94322283
0.379701658 6.96162093
0.381561616 6.98010849
0.383435937 6.99868619
0.385324769 7.01735473
0.387228265 7.0361148
0.38914658 7.05496711
0.391079869 7.07391238
0.393028291 7.09295131
0.394992006 7.11208465
0.396971177 7.13131313
0.398965969 7.15063748
0.400976548 7.17005847
0.403003084 7.18957684
0.405045749 7.20919338
0.407104717 7.22890884
0.409180164 7.24872403
0.411272268 7.26863972
0.413381212 7.28865673
0.415507179 7.30877585
0.417650355 7.32899791
0.419810929 7.34932373
0.421989093 7.36975415
0.424185041 7.39029002
0.42639897 7.41093218
0.42863108 7.43168151
0.430881574 7.45253888
0.433150656 7.47350516
0.435438535 7.49458125
0.437745423 7.51576805
0.440071535 7.53706648
0.442417087 7.55847746
0.4447823 7.58000191
0.447167398 7.60164079
0.449572608 7.62339505
0.451998161 7.64526565
0.45444429 7.66725356
0.456911232 7.68935978
0.459399228 7.71158531
0.461908523 7.73393114
0.464439364 7.7563983
0.466992002 7.77898783
0.469566693 7.80170077
0.472163696 7.82453818
0.474783273 7.84750112
0.477425692 7.87059067
0.480091224 7.89380794
0.482780143 7.91715402
0.48549273 7.94063003
0.488229266 7.96423712
0.490990041 7.98797642
0.493775345 8.01184909
0.496585477 8.03585631
0.499420737 8.05999927
0.502281431 8.08427917
0.50516787 8.10869722
0.508080369 8.13325465
0.51101925 8.15795272
0.513984837 8.18279267
0.516977461 8.2077758
0.519997459 8.23290338
0.523045171 8.25817673
0.526120944 8.28359717
0.529225131 8.30916605
0.532358089 8.33488471
0.535520183 8.36075453
0.53871178 8.3867769
0.541933258 8.41295324
0.545184999 8.43928495
0.548467388 8.4657735
0.551780822 8.49242033
0.555125701 8.51922694
0.558502433 8.54619481
0.561911431 8.57332547
0.565353117 8.60062046
0.568827918 8.62808133
0.572336271 8.65570966
0.575878617 8.68350704
0.579455408 8.7114751
0.5830671 8.73961547
0.586714159 8.76792982
0.59039706 8.79641983
0.594116283 8.8250872
0.597872318 8.85393366
0.601665665 8.88296097
0.60549683 8.91217088
0.609366329 8.94156521
0.613274688 8.97114577
0.61722244 9.00091441
0.621210129 9.030873
0.625238309 9.06102343
0.629307543 9.09136762
0.633418404 9.12190754
0.637571475 9.15264514
0.641767352 9.18358243
0.646006638 9.21472144
0.650289949 9.24606423
0.654617913 9.27761288
0.658991168 9.30936951
0.663410364 9.34133626
0.667876164 9.37351532
0.672389242 9.40590887
0.676950285 9.43851917
0.681559994 9.47134847
0.686219081 9.50439909
0.690928274 9.53767335
0.695688313 9.57117362
0.700499952 9.6049023
0.70536396 9.63886184
0.710281122 9.67305469
0.715252236 9.70748338
0.720278115 9.74215045
0.725359592 9.77705847
0.730497512 9.81221007
0.735692738 9.84760791
0.74094615 9.88325469
0.746258647 9.91915315
0.751631143 9.95530606
0.757064573 9.99171626
0.762559889 10.0283866
0.768118062 10.06532
0.773740086 10.1025194
0.77942697 10.1399878
0.785179749 10.1777283
0.790999476 10.215744
0.796887226 10.2540379
0.802844098 10.2926133
0.808871212 10.3314734
0.814969713 10.3706215
0.821140771 10.410061
0.827385578 10.4497953
0.833705353 10.4898277
0.840101341 10.5301618
0.846574815 10.5708012
0.853127074 10.6117495
0.859759445 10.6530104
0.866473285 10.6945876
0.873269981 10.7364848
0.88015095 10.7787061
0.88711764 10.8212552
0.894171534 10.8641362
0.901314145 10.9073532
0.908547021 10.9509102
0.915871747 10.9948115
0.923289942 11.0390614
0.930803263 11.0836641
0.938413406 11.1286241
0.946122106 11.1739458
0.953931136 11.2196339
0.961842315 11.265693
0.969857501 11.3121278
0.977978599 11.3589432
0.986207558 11.4061439
0.994546373 11.4537351
1.00299709 11.5017217
1.0115618 11.5501089
1.02024265 11.598902
1.02904184 11.6481064
1.03796162 11.6977274
1.0470043 11.7477706
1.05617224 11.7982417
1.06546787 11.8491464
1.07489368 11.9004905
1.08445222 11.9522801
1.0941461 12.0045211
1.103978 12.0572198
1.11395069 12.1103825
1.12406698 12.1640156
1.13432978 12.2181257
1.14474206 12.2727194
1.15530687 12.3278035
1.16602736 12.3833849
1.17690675 12.4394708
1.18794835 12.4960683
1.19915555 12.5531848
1.21053186 12.6108278
1.22208087 12.6690048
1.23380626 12.7277238
1.24571183 12.7869926
1.2578015 12.8468193
1.27007926 12.9072123
1.28254926 12.9681799
1.29521575 13.0297309
1.30808309 13.0918739
1.32115579 13.154618
1.33443849 13.2179723
1.34793596 13.2819463
1.36165312 13.3465493
1.37559504 13.4117913
1.38976694 13.4776821
1.40417419 13.5442319
1.41882236 13.6114512
1.43371715 13.6793506
1.44886448 13.7479409
1.46427043 13.8172332
1.47994128 13.8872388
1.49588353 13.9579695
1.51210386 14.0294369
1.5286092 14.1016532
1.5454067 14.1746308
1.56250373 14.2483824
1.57990793 14.3229209
1.59762718 14.3982597
1.61566966 14.4744121
1.63404379 14.5513922
1.65275831 14.6292142
1.67182227 14.7078925
1.69124503 14.787442
1.71103628 14.867878
1.73120607 14.949216
1.75176481 15.0314721
1.77272329 15.1146625
1.79409271 15.198804
1.81588467 15.2839138
1.83811124 15.3700095
1.86078491 15.4571089
1.88391868 15.5452307
1.90752605 15.6343936
1.93162103 15.724617
1.95621823 15.8159208
1.98133279 15.9083254
2.00698051 16.0018516
2.03317779 16.0965209
2.05994176 16.192355
2.08729021 16.2893766
2.11524173 16.3876086
2.14381565 16.4870748
2.17303218 16.5877994
2.20291238 16.6898072
2.23347824 16.7931239
2.26475273 16.8977755
2.29675986 17.0037888
2.32952472 17.1111916
2.36307355 17.2200119
2.39743381 17.3302787
2.43263426 17.4420217
2.468705 17.5552714
2.50567762 17.6700589
2.54358518 17.7864164
2.58246243 17.9043765
2.62234578 18.0239729
2.66327353 18.14524
2.70528588 18.2682131
2.74842512 18.3929281
2.79273572 18.5194221
2.83826451 18.6477328
2.88506078 18.7778987
2.93317649 18.9099593
2.98266643 19.0439547
3.03358838 19.179926
3.08600334 19.3179147
3.13997574 19.4579635
3.19557367 19.6001154
3.25286912 19.7444141
3.31193826 19.8909038
3.37286172 20.0396292
3.43572489 20.1906353
3.50061825 20.3439672
3.56763775 20.4996701
3.63688514 20.6577889
3.70846841 20.8183682
3.78250219 20.981452
3.85910821 21.147083
3.93841581 21.3153029
4.02056239 21.4861512
4.10569399 21.6596653
4.19396581 21.8358797
4.28554281 22.0148252
4.38060028 22.1965282
4.47932444 22.3810098
4.58191302 22.5682846
4.68857586 22.7583596
4.79953543 22.9512327
4.91502733 23.1468912
5.0353007 23.3453098
5.16061849 23.5464486
5.29125759 23.7502505
5.42750874 23.956639
5.5696761 24.1655144
5.71807653 24.3767514
5.87303829 24.5901948
6.03489923 24.8056556
6.20400418 25.0229068
6.38070145 25.2416792
6.56533827 25.4616561
6.75825492 25.6824697
6.95977744 25.9036961
7.17020863 26.124852
7.38981725 26.3453922
7.6188254 26.5647085
7.85739395 26.782131
8.10560639 26.9969321
8.36345142 27.2083349
8.63080502 27.4155255
8.90741329 27.6176719
9.19287734 27.813948
9.48664242 28.0035648
9.78799362 28.1858074
10.0960607 28.3600765
10.4098343 28.5259339
10.7281966 28.6831457
11.0499655 28.8317221
11.3739546 28.9719458
11.6990442 29.1043861
12.0242605 29.2298911
12.3488553 29.3495573
12.6723801 29.4646737
12.994743 29.5766425
13.3162444 29.6868824
13.6375827 29.7967205
13.9598288 29.9072842
14.2843694 30.0194019
14.612824 30.1335219
14.9469407 30.2496575
15.2884821 30.3673611
15.6391076 30.4857311
16.0002619 30.6034475
16.3730783 30.7188357
16.7583003 30.829951
17.1562279 30.9346799
17.5666908 31.0308507
17.9890499 31.1163469
18.4222276 31.1892161
18.8647648 31.2477676
19.3149018 31.29065
19.7706763 31.3169044
20.2300311 31.3259864
20.6909217 31.317756
21.1514133 31.2924364
21.6097564 31.2505468
22.0644355 31.1928172
22.514184 31.120097
22.9579679 31.0332678
23.3949412 30.9331723
23.8243804 30.8205669
24.2456094 30.6961033
24.6579232 30.5603399
25.0605224 30.4137812
25.4524651 30.2569397
25.8326429 30.0904136
26.1997848 29.9149725
26.5524898 29.7316422
26.8892884 29.5417787
27.2087269 29.3471261
27.5094723 29.1498484
27.7904269 28.9525318
28.0508454 28.7581546
28.2904437 28.5700242
28.5094919 28.3916853
28.7088811 28.2268054
28.8901618 28.0790435
29.0555482 27.951914
29.2078907 27.8486515
29.3506171 27.7720876
29.487648 27.7245451
29.6232919 27.7077565
29.7621275 27.7228107
29.9088822 27.770128
30.068314 27.8494648
30.245105 27.9599416
30.4437717 28.1000909
30.668596 28.2679161
30.9235761 28.4609546
31.2123953 28.6763382
31.5384048 28.9108473
31.9046142 29.1609556
32.3136859 29.4228658
32.7679291 29.6925395
33.2692922 29.9657214
33.8193527 30.2379639
34.4193057 30.5046505
35.0699523 30.7610208
35.7716887 31.0021955
36.524496 31.2232016
37.3279292 31.4189964
38.1811054 31.5844902
39.0826868 31.7145696
40.0308604 31.804124
41.0233107 31.8480775
42.0571895 31.8414321
43.1290849 31.7793238
44.2349957 31.6570968
45.3703172 31.4703938
46.5298468 31.2152609
47.7078153 30.8882622
48.8979502 30.4865945
50.0935707 30.0081918
51.2877139 29.4518085
52.4732839 28.8170702
53.6432126 28.1044854
54.7906206 27.315413
55.908962 26.4519902
56.9921406 25.5170252
58.0345884 24.5138675
59.0313017 23.4462711
59.9778351 22.3182631
60.8702598 21.1340346
61.7050982 19.8978609
62.4792473 18.6140583
63.1899062 17.2869762
63.8345195 15.9210181
64.4107474 14.520682
64.9164646 13.0906071
65.3497883 11.6356131
65.709128 10.1607222
65.9932464 8.67115679
66.2013211 7.17230942
66.3329946 5.66969117
66.3884057 4.16886343
66.3681982 2.67536393
66.2735087 1.19463627
66.1059364 -0.26802946
65.8675042 -1.7075405
65.5606167 -3.11902875
65.1880226 -4.49786366
64.7527864 -5.83965469
64.258272 -7.14024868
63.70814 -8.39572804
63.1063558 -9.60241549
62.4572083 -10.7568912
61.7653313 -11.8560267
61.0357213 -12.897039
60.2737429 -13.8775643
59.485113 -14.7957469
58.6758544 -15.6503368
57.852217 -16.4407827
57.0205655 -17.167309
56.1872409 -17.8309639
55.3584066 -18.4336299
54.5398913 -18.9779925
53.7370455 -19.4674694
52.9546208 -19.9061061
52.1966817 -20.2984491
51.4665534 -20.6494087
50.7668033 -20.9641228
50.0992515 -21.2478312
49.4650031 -21.5057666
48.8644936 -21.7430646
48.2975398 -21.9646919
47.7633911 -22.1753901
47.2607766 -22.3796292
46.7879494 -22.5815668
46.3427267 -22.7850098
45.922531 -22.9933744
45.5244338 -23.2096451
45.1452068 -23.4363335
44.7813807 -23.6754399
44.4293142 -23.9284193
44.0852709 -24.1961578
43.7455052 -24.47896
43.406351 -24.7765514
43.0643136 -25.0880963
42.716158 -25.4122338
42.3589927 -25.7471303
41.9903417 -26.0905478
41.6082039 -26.439927
41.2110934 -26.7924804
40.7980594 -27.1452921
40.3686841 -27.4954168
39.9230596 -27.839973
39.4617466 -28.1762237
38.9857203 -28.5016407
38.4963119 -28.8139499
37.9951507 -29.1111599
37.484114 -29.3915768
36.9652887 -29.6538133
36.4409417 -29.8967988
35.9134983 -30.1197964
35.3855178 -30.3224312
34.8596622 -30.5047297
34.3386464 -30.6671637
33.8251677 -30.8106936
33.3218126 -30.936799
32.8309444 -31.0474861
32.3545803 -31.1452659
31.8942667 -31.2330964
31.4509673 -31.3142895
31.0249732 -31.392386
30.6158451 -31.471007
30.2223941 -31.5536916
29.8427025 -31.6437321
29.4741841 -31.7440189
29.1136781 -31.8569032
28.7575714 -31.9840863
28.4019388 -32.1265394
28.0426964 -32.2844551
27.6757563 -32.4572327
27.2971806 -32.6434926
26.9033263 -32.8411202
26.4909788 -33.0473347
26.0574696 -33.2587808
25.6007753 -33.471641
25.1195947 -33.6817643
24.6133997 -33.8848095
24.0824586 -34.0763969
23.5278268 -34.2522629
22.951306 -34.4084121
22.3553707 -34.5412563
21.7430656 -34.6477348
21.1178799 -34.7254077
20.4836043 -34.7725168
19.8441823 -34.7880108
19.2035636 -34.7715358
18.5655697 -34.7233926
17.9337794 -34.6444681
17.3114388 -34.5361471
16.7013976 -34.4002129
16.1060739 -34.2387445
15.5274413 -34.0540178
14.967039 -33.8484147
14.4259958 -33.6243446
13.9050667 -33.38418
13.4046757 -33.1302059
12.9249622 -32.8645828
12.4658264 -32.5893217
12.0269739 -32.3062695
11.6079557 -32.0171028
11.2082046 -31.7233274
10.8270661 -31.4262841
10.4638254 -31.1271559
10.1177293 -30.8269792
9.7880043 -30.5266549
9.47387132 -30.2269609
9.17455675 -29.9285639
8.88930132 -29.6320311
8.61736652 -29.3378417
8.35803926 -29.0463967
8.11063506 -28.7580285
7.87450008 -28.4730098
7.64901211 -28.1915608
7.43358103 -27.9138565
7.22764851 -27.6400328
7.03068746 -27.3701917
6.84220111 -27.1044061
6.66172187 -26.8427242
6.48881009 -26.5851729
6.32305272 -26.3317612
6.16406192 -26.0824828
6.01147367 -25.8373184
5.86494639 -25.5962381
5.72415958 -25.3592031
5.58881257 -25.126167
5.45862319 -24.8970774
5.33332666 -24.6718771
5.21267441 -24.4505049
5.09643304 -24.2328966
4.98438332 -24.0189855
4.87631921 -23.8087033
4.77204703 -23.6019806
4.67138464 -23.3987471
4.57416059 -23.1989324
4.48021353 -23.0024658
4.38939141 -22.809277
4.30155099 -22.6192963
4.21655714 -22.4324544
4.13428239 -22.2486831
4.05460642 -22.0679151
3.97741554 -21.8900839
3.90260233 -21.7151245
3.83006519 -21.542973
3.759708 -21.3735667
3.69143977 -21.2068442
3.62517427 -21.0427456
3.56082981 -20.8812121
3.49832891 -20.7221865
3.43759805 -20.5656127
3.37856744 -20.4114362
3.32117078 -20.2596037
3.26534507 -20.1100632
3.21103039 -19.9627641
3.15816975 -19.817657
3.10670889 -19.6746938
3.05659614 -19.5338278
3.00778226 -19.3950132
2.96022033 -19.2582058
2.91386557 -19.1233621
2.86867527 -18.9904402
2.82460865 -18.859399
2.78162676 -18.7301986
2.73969238 -18.6028
2.69876992 -18.4771656
2.65882535 -18.3532584
2.61982612 -18.2310426
2.58174104 -18.1104832
2.54454028 -17.9915463
2.50819522 -17.8741987
2.47267846 -17.7584083
2.43796371 -17.6441435
2.40402577 -17.5313739
2.37084044 -17.4200697
2.3383845 -17.3102018
2.30663564 -17.2017419
2.27557245 -17.0946625
2.24517433 -16.9889369
2.21542148 -16.8845387
2.18629487 -16.7814426
2.15777619 -16.6796236
2.1298478 -16.5790576
2.10249275 -16.479721
2.07569468 -16.3815906
2.04943787 -16.2846441
2.02370714 -16.1888595
1.99848786 -16.0942155
1.97376594 -16.0006912
1.94952778 -15.9082662
1.92576027 -15.8169208
1.90245072 -15.7266355
1.87958693 -15.6373914
1.85715708 -15.5491701
1.83514978 -15.4619536
1.813554 -15.3757242
1.7923591 -15.2904647
1.77155478 -15.2061585
1.75113109 -15.1227889
1.73107841 -15.0403402
1.71138741 -14.9587965
1.69204908 -14.8781425
1.6730547 -14.7983635
1.65439582 -14.7194446
1.63606426 -14.6413717
1.61805209 -14.5641307
1.60035163 -14.487708
1.58295545 -14.4120903
1.56585633 -14.3372644
1.54904727 -14.2632176
1.5325215 -14.1899374
1.51627243 -14.1174116
1.50029369 -14.0456282
1.48457907 -13.9745754
1.46912257 -13.9042418
1.45391836 -13.8346163
1.43896076 -13.7656877
1.42424427 -13.6974453
1.40976355 -13.6298787
1.3955134 -13.5629774
1.38148877 -13.4967314
1.36768477 -13.4311308
1.35409662 -13.3661659
1.34071968 -13.3018271
1.32754945 -13.2381053
1.31458154 -13.1749911
1.30181168 -13.1124758
1.28923573 -13.0505506
1.27684964 -12.9892068
1.26464948 -12.928436
1.25263142 -12.8682301
1.24079175 -12.8085808
1.22912682 -12.7494802
1.2176331 -12.6909207
1.20630716 -12.6328944
1.19514563 -12.575394
1.18414525 -12.5184121
1.17330283 -12.4619414
1.16261526 -12.4059749
1.15207953 -12.3505057
1.14169267 -12.2955269
1.13145182 -12.2410319
1.12135416 -12.187014
1.11139695 -12.1334669
1.10157753 -12.0803841
1.09189328 -12.0277596
1.08234167 -11.9755872
1.07292022 -11.9238608
1.06362649 -11.8725747
1.05445813 -11.821723
1.04541282 -11.7713001
1.03648832 -11.7213004
1.02768241 -11.6717184
1.01899295 -11.6225486
1.01041784 -11.573786
1.00195503 -11.5254251
0.993602496 -11.477461
0.985358294 -11.4298886
0.977220505 -11.382703
0.969187256 -11.3358993
0.961256716 -11.2894727
0.953427096 -11.2434186
0.945696646 -11.1977323
0.938063655 -11.1524094
0.930526449 -11.1074453
0.923083392 -11.0628358
0.915732881 -11.0185763
0.908473351 -10.9746628
0.901303269 -10.9310911
0.894221135 -10.887857
0.88722548 -10.8449565
0.880314868 -10.8023856
0.873487894 -10.7601405
0.866743179 -10.7182173
0.860079377 -10.6766122
0.853495167 -10.6353214
0.846989258 -10.5943414
0.840560383 -10.5536684
0.834207303 -10.513299
0.827928803 -10.4732297
0.821723694 -10.433457
0.815590812 -10.3939775
0.809529012 -10.3547879
0.803537178 -10.3158849
0.797614212 -10.2772652
0.79175904 -10.2389258
0.785970609 -10.2008634
0.780247885 -10.1630749
0.774589856 -10.1255573
0.768995531 -10.0883077
0.763463936 -10.051323
0.757994116 -10.0146004
0.752585137 -9.97813692
0.747236079 -9.94192982
0.741946044 -9.90597629
0.736714148 -9.87027359
0.731539525 -9.83481903
0.726421324 -9.79960993
0.721358713 -9.76464366
0.716350872 -9.72991766
0.711397 -9.69542936
0.706496307 -9.66117625
0.701648021 -9.62715585
0.696851382 -9.59336573
0.692105646 -9.55980347
0.687410081 -9.52646671
0.682763968 -9.49335309
0.678166602 -9.46046031
0.673617292 -9.4277861
0.669115356 -9.39532821
0.664660129 -9.36308443
0.660250952 -9.33105258
0.655887183 -9.2992305
0.651568189 -9.26761607
0.647293348 -9.2362072
0.64306205 -9.20500182
0.638873694 -9.17399789
0.634727692 -9.1431934
0.630623464 -9.11258636
0.626560441 -9.08217483
0.622538064 -9.05195687
0.618555783 -9.02193058
0.614613058 -8.99209407
0.610709357 -8.96244549
0.606844159 -8.932983
0.60301695 -8.90370481
0.599227227 -8.87460913
0.595474492 -8.8456942
0.591758259 -8.81695828
0.588078047 -8.78839965
0.584433386 -8.76001663
0.58082381 -8.73180754
0.577248865 -8.70377074
0.573708101 -8.67590459
0.570201078 -8.64820749
0.566727361 -8.62067785
0.563286522 -8.5933141
0.559878143 -8.56611469
0.55650181 -8.53907811
0.553157116 -8.51220283
0.549843661 -8.48548736
0.546561051 -8.45893024
0.543308899 -8.43253002
0.540086824 -8.40628525
0.53689445 -8.38019451
0.533731409 -8.35425641
0.530597336 -8.32846957
0.527491874 -8.30283261
0.524414671 -8.27734419
0.521365379 -8.25200297
0.518343658 -8.22680764
0.515349171 -8.20175689
0.512381588 -8.17684944
0.509440582 -8.15208401
0.506525834 -8.12745935
0.503637026 -8.10297422
0.500773848 -8.0786274
0.497935993 -8.05441767
0.495123159 -8.03034383
0.49233505 -8.0064047
0.489571373 -7.98259911
0.486831838 -7.95892591
0.484116162 -7.93538395
0.481424066 -7.9119721
0.478755272 -7.88868925
0.476109511 -7.86553429
0.473486513 -7.84250614
0.470886015 -7.81960371
0.468307758 -7.79682594
0.465751485 -7.77417178
0.463216944 -7.75164018
0.460703886 -7.72923012
0.458212066 -7.70694056
0.455741243 -7.68477052
0.453291178 -7.66271899
0.450861636 -7.64078499
0.448452387 -7.61896754
0.446063202 -7.59726568
0.443693857 -7.57567847
0.441344129 -7.55420495
0.4390138 -7.53284419
0.436702655 -7.51159529
0.434410481 -7.49045732
0.432137069 -7.46942938
0.429882213 -7.44851058
0.427645707 -7.42770005
0.425427353 -7.40699691
0.423226951 -7.38640029
0.421044307 -7.36590935
0.418879227 -7.34552323
0.416731521 -7.32524111
0.414601003 -7.30506217
0.412487487 -7.28498557
0.41039079 -7.26501051
0.408310734 -7.2451362
0.40624714 -7.22536184
0.404199833 -7.20568665
0.40216864 -7.18610985
0.400153392 -7.16663068
0.398153919 -7.14724838
0.396170057 -7.12796219
0.39420164 -7.10877138
0.392248508 -7.0896752
0.390310502 -7.07067293
0.388387463 -7.05176386
0.386479237 -7.03294726
0.38458567 -7.01422243
0.382706611 -6.99558867
0.38084191 -6.9770453
0.378991421 -6.95859162
0.377154998 -6.94022696
0.375332498 -6.92195065
0.373523778 -6.90376203
0.371728698 -6.88566043
0.369947122 -6.86764521
0.368178911 -6.84971573
0.366423933 -6.83187134
0.364682052 -6.81411142
0.36295314 -6.79643534
0.361237065 -6.77884248
0.3595337 -6.76133223
0.357842919 -6.74390399
0.356164597 -6.72655714
0.354498611 -6.7092911
0.352844838 -6.69210529
0.351203159 -6.6749991
0.349573456 -6.65797198
0.34795561 -6.64102334
0.346349507 -6.62415262
0.344755032 -6.60735925
0.343172072 -6.5906427
0.341600515 -6.57400239
0.340040251 -6.5574378
0.338491172 -6.54094837
0.33695317 -6.52453358
0.335426138 -6.50819289
0.333909972 -6.49192579
0.332404568 -6.47573174
0.330909824 -6.45961024
0.329425638 -6.44356078
0.327951911 -6.42758285
0.326488543 -6.41167596
0.325035437 -6.3958396
0.323592497 -6.38007328
0.322159627 -6.36437653
0.320736733 -6.34874886
0.319323722 -6.33318978
0.317920501 -6.31769883
0.316526981 -6.30227555
0.315143071 -6.28691945
0.313768682 -6.2716301
0.312403727 -6.25640702
0.311048118 -6.24124977
0.30970177 -6.2261579
0.308364599 -6.21113097
0.30703652 -6.19616854
0.305717451 -6.18127017
0.304407309 -6.16643543
0.303106014 -6.15166389
0.301813486 -6.13695514
0.300529646 -6.12230874
0.299254415 -6.10772429
0.297987717 -6.09320137
0.296729474 -6.07873957
0.295479611 -6.06433849
0.294238053 -6.04999772
0.293004727 -6.03571688
0.291779559 -6.02149555
0.290562478 -6.00733336
0.289353411 -5.99322991
0.288152288 -5.97918483
0.286959039 -5.96519772
0.285773595 -5.95126822
0.284595888 -5.93739594
0.283425851 -5.92358052
0.282263415 -5.90982159
0.281108516 -5.89611878
0.279961087 -5.88247174
0.278821064 -5.8688801
0.277688384 -5.85534351
0.276562982 -5.84186162
0.275444797 -5.82843408
0.274333766 -5.81506054
0.273229828 -5.80174066
0.272132923 -5.78847409
0.27104299 -5.77526051
0.269959971 -5.76209957
0.268883806 -5.74899095
0.267814438 -5.73593431
0.266751809 -5.72292934
0.265695862 -5.70997569
0.264646542 -5.69707306
0.263603792 -5.68422113
0.262567558 -5.67141958
0.261537784 -5.6586681
0.260514418 -5.64596638
0.259497406 -5.6333141
0.258486695 -5.62071098
0.257482234 -5.60815669
0.256483969 -5.59565095
0.255491851 -5.58319345
0.254505828 -5.5707839
0.253525851 -5.55842201
0.25255187 -5.54610748
0.251583835 -5.53384003
0.2506217 -5.52161938
0.249665414 -5.50944523
0.248714932 -5.49731731
0.247770205 -5.48523534
0.246831187 -5.47319904
0.245897833 -5.46120814
0.244970096 -5.44926236
0.244047931 -5.43736144
0.243131294 -5.42550511
0.242220141 -5.4136931
0.241314426 -5.40192515
0.240414108 -5.39020099
0.239519143 -5.37852038
0.238629489 -5.36688304
0.237745103 -5.35528872
0.236865944 -5.34373718
0.235991971 -5.33222816
0.235123142 -5.32076141
0.234259418 -5.30933668
0.233400758 -5.29795372
0.232547123 -5.2866123
0.231698473 -5.27531218
0.23085477 -5.2640531
0.230015974 -5.25283484
0.229182049 -5.24165716
0.228352955 -5.23051982
0.227528657 -5.21942259
0.226709116 -5.20836524
0.225894296 -5.19734755
0.225084161 -5.18636928
0.224278675 -5.1754302
0.223477801 -5.16453011
0.222681506 -5.15366876
0.221889754 -5.14284595
0.221102511 -5.13206145
0.220319741 -5.12131505
0.219541412 -5.11060652
0.21876749 -5.09993567
0.217997941 -5.08930227
0.217232732 -5.07870612
0.216471831 -5.068147
0.215715205 -5.05762471
0.214962823 -5.04713905
0.214214652 -5.0366898
0.213470662 -5.02627677
0.21273082 -5.01589975
0.211995097 -5.00555854
0.211263461 -4.99525295
0.210535882 -4.98498278
0.209812331 -4.97474784
0.209092777 -4.96454792
0.208377192 -4.95438284
0.207665545 -4.9442524
0.206957808 -4.93415642
0.206253953 -4.92409471
0.20555395 -4.91406708
0.204857773 -4.90407334
0.204165392 -4.89411332
0.203476781 -4.88418682
0.202791912 -4.87429366
0.202110758 -4.86443368
0.201433293 -4.85460667
0.200759488 -4.84481248
0.200089319 -4.83505092
0.199422759 -4.82532182
0.198759781 -4.81562499
0.198100361 -4.80596028
0.197444474 -4.79632751
0.196792093 -4.7867265
0.196143193 -4.7771571
0.195497751 -4.76761912
0.194855742 -4.75811242
0.19421714 -4.7486368
0.193581923 -4.73919213
0.192950066 -4.72977823
0.192321545 -4.72039493
0.191696338 -4.71104208
0.19107442 -4.70171953
0.190455769 -4.6924271
0.189840362 -4.68316465
0.189228177 -4.67393201
0.18861919 -4.66472903
0.18801338 -4.65555556
0.187410724 -4.64641144
0.186811201 -4.63729652
0.186214789 -4.62821066
0.185621466 -4.61915369
0.185031212 -4.61012547
0.184444005 -4.60112586
0.183859823 -4.5921547
0.183278648 -4.58321185
0.182700457 -4.57429717
0.18212523 -4.5654105
0.181552948 -4.55655172
0.180983589 -4.54772067
0.180417135 -4.53891721
0.179853566 -4.53014121
0.179292862 -4.52139252
0.178735003 -4.51267101
0.17817997 -4.50397654
0.177627746 -4.49530897
0.177078309 -4.48666816
0.176531642 -4.47805399
0.175987727 -4.46946632
0.175446544 -4.46090502
0.174908076 -4.45236995
0.174372304 -4.44386098
0.173839211 -4.43537799
0.173308779 -4.42692084
0.172780989 -4.4184894
0.172255825 -4.41008356
0.171733269 -4.40170317
0.171213304 -4.39334812
0.170695913 -4.38501827
0.170181079 -4.37671352
0.169668785 -4.36843372
0.169159015 -4.36017876
0.168651751 -4.35194853
0.168146978 -4.34374288
0.167644679 -4.33556172
0.167144839 -4.32740491
0.166647441 -4.31927233
0.166152469 -4.31116388
0.165659908 -4.30307943
0.165169742 -4.29501887
0.164681956 -4.28698207
0.164196534 -4.27896893
0.163713461 -4.27097934
0.163232722 -4.26301317
0.162754301 -4.25507031
0.162278185 -4.24715066
0.161804359 -4.2392541
0.161332807 -4.23138052
0.160863515 -4.22352981
0.16039647 -4.21570186
0.159931656 -4.20789657
0.159469059 -4.20011382
0.159008666 -4.19235351
0.158550463 -4.18461553
0.158094435 -4.17689978
0.157640569 -4.16920615
0.157188851 -4.16153453
0.156739269 -4.15388483
0.156291807 -4.14625693
0.155846455 -4.13865074
0.155403197 -4.13106616
0.154962021 -4.12350308
0.154522914 -4.11596141
0.154085863 -4.10844103
0.153650856 -4.10094186
0.153217879 -4.0934638
0.152786921 -4.08600674
0.152357968 -4.07857059
0.151931008 -4.07115525
0.15150603 -4.06376063
0.15108302 -4.05638662
0.150661967 -4.04903315
0.150242859 -4.0417001
0.149825683 -4.03438738
0.149410429 -4.02709491
0.148997083 -4.01982259
0.148585636 -4.01257033
0.148176074 -4.00533803
0.147768388 -3.99812561
0.147362564 -3.99093297
0.146958593 -3.98376002
0.146556462 -3.97660668
0.146156161 -3.96947285
0.145757679 -3.96235845
0.145361004 -3.95526339
0.144966127 -3.94818758
0.144573035 -3.94113093
0.144181719 -3.93409336
0.143792167 -3.92707478
0.14340437 -3.92007511
0.143018317 -3.91309426
0.142633997 -3.90613214
0.1422514 -3.89918868
0.141870516 -3.89226379
0.141491335 -3.88535739
0.141113846 -3.87846939
0.14073804 -3.87159971
0.140363907 -3.86474828
0.139991437 -3.85791501
0.139620619 -3.85109981
0.139251446 -3.84430262
0.138883905 -3.83752335
0.13851799 -3.83076191
0.138153688 -3.82401825
0.137790993 -3.81729226
0.137429893 -3.81058388
0.137070379 -3.80389304
0.136712443 -3.79721964
0.136356076 -3.79056362
0.136001267 -3.78392491
0.135648009 -3.77730342
0.135296292 -3.77069907
0.134946107 -3.76411181
0.134597446 -3.75754154
0.1342503 -3.75098821
0.13390466 -3.74445173
0.133560517 -3.73793202
0.133217863 -3.73142903
0.132876689 -3.72494268
0.132536987 -3.71847289
0.132198749 -3.7120196
0.131861966 -3.70558272
0.13152663 -3.6991622
0.131192732 -3.69275797
0.130860265 -3.68636995
0.130529221 -3.67999807
0.130199591 -3.67364226
0.129871367 -3.66730246
0.129544542 -3.6609786
0.129219108 -3.65467062
0.128895056 -3.64837843
0.12857238 -3.64210198
0.128251071 -3.6358412
0.127931122 -3.62959603
0.127612525 -3.62336639
0.127295272 -3.61715222
0.126979357 -3.61095346
0.126664772 -3.60477005
0.126351508 -3.59860191
0.12603956 -3.59244899
0.12572892 -3.58631121
0.12541958 -3.58018853
0.125111533 -3.57408086
0.124804773 -3.56798816
0.124499291 -3.56191036
0.124195082 -3.55584739
0.123892138 -3.5497992
0.123590452 -3.54376573
0.123290017 -3.53774691
0.122990827 -3.53174268
0.122692874 -3.52575298
0.122396152 -3.51977775
0.122100655 -3.51381694
0.121806375 -3.50787048
0.121513306 -3.50193832
0.121221441 -3.49602039
0.120930775 -3.49011664
0.120641299 -3.48422701
0.120353009 -3.47835144
0.120065897 -3.47248987
0.119779958 -3.46664226
0.119495184 -3.46080853
0.11921157 -3.45498864
0.11892911 -3.44918252
0.118647797 -3.44339013
0.118367625 -3.4376114
0.118088588 -3.43184628
0.117810681 -3.42609472
0.117533896 -3.42035666
0.117258228 -3.41463205
0.116983672 -3.40892083
0.11671022 -3.40322295
0.116437869 -3.39753836
0.11616661 -3.391867
0.11589644 -3.38620881
0.115627352 -3.38056376
0.11535934 -3.37493177
0.115092398 -3.36931281
0.114826522 -3.36370682
0.114561706 -3.35811375
0.114297943 -3.35253354
0.114035229 -3.34696615
0.113773558 -3.34141152
0.113512924 -3.33586961
0.113253323 -3.33034037
0.112994748 -3.32482374
0.112737195 -3.31931967
0.112480658 -3.31382811
0.112225132 -3.30834903
0.111970611 -3.30288236
0.111717092 -3.29742805
0.111464567 -3.29198607
0.111213033 -3.28655636
0.110962483 -3.28113887
0.110712914 -3.27573356
0.11046432 -3.27034037
0.110216696 -3.26495927
0.109970037 -3.25959019
0.109724338 -3.25423311
0.109479594 -3.24888797
0.1092358 -3.24355472
0.108992953 -3.23823331
0.108751045 -3.23292371
0.108510074 -3.22762587
0.108270034 -3.22233974
0.108030921 -3.21706527
0.107792729 -3.21180242
0.107555455 -3.20655115
0.107319093 -3.20131142
0.107083639 -3.19608317
0.106849088 -3.19086636
0.106615436 -3.18566095
0.106382679 -3.1804669
0.106150811 -3.17528417
0.105919829 -3.1701127
0.105689727 -3.16495246
0.105460503 -3.1598034
0.10523215 -3.15466549
0.105004665 -3.14953867
0.104778044 -3.14442291
0.104552283 -3.13931817
0.104327376 -3.1342244
0.10410332 -3.12914156
0.10388011 -3.12406961
0.103657743 -3.11900851
0.103436214 -3.11395823
0.103215519 -3.10891871
0.102995655 -3.10388991
0.102776616 -3.09887181
0.102558399 -3.09386435
0.102341 -3.0888675
0.102124415 -3.08388122
0.101908639 -3.07890547
0.10169367 -3.07394021
0.101479502 -3.06898539
0.101266133 -3.06404099
0.101053558 -3.05910696
0.100841773 -3.05418327
0.100630774 -3.04926987
0.100420559 -3.04436673
0.100211122 -3.0394738
0.100002461 -3.03459106
0.0997945704 -3.02971847
0.0995874479 -3.02485598
0.0993810894 -3.02000356
0.0991754912 -3.01516117
0.0989706498 -3.01032878
0.0987665613 -3.00550634
0.0985632223 -3.00069383
0.0983606292 -2.99589121
0.0981587784 -2.99109844
0.0979576663 -2.98631547
0.0977572894 -2.98154229
0.0975576443 -2.97677885
0.0973587274 -2.97202512
0.0971605353 -2.96728105
0.0969630646 -2.96254663
0.0967663119 -2.9578218
0.0965702736 -2.95310655
0.0963749466 -2.94840082
0.0961803274 -2.94370459
0.0959864126 -2.93901782
0.095793199 -2.93434049
0.0956006833 -2.92967254
0.0954088622 -2.92501396
0.0952177325 -2.92036471
0.0950272908 -2.91572475
0.094837534 -2.91109405
0.0946484589 -2.90647257
0.0944600624 -2.90186029
0.0942723411 -2.89725717
0.0940852921 -2.89266318
0.0938989121 -2.88807829
0.0937131981 -2.88350246
0.093528147 -2.87893565
0.0933437557 -2.87437785
0.0931600212 -2.86982902
0.0929769404 -2.86528912
0.0927945102 -2.86075812
0.0926127279 -2.85623599
0.0924315902 -2.8517227
0.0922510943 -2.84721823
0.0920712372 -2.84272253
0.091892016 -2.83823557
0.0917134278 -2.83375734
0.0915354697 -2.82928778
0.0913581387 -2.82482688
0.0911814322 -2.82037461
0.0910053471 -2.81593093
0.0908298806 -2.81149581
0.09065503 -2.80706923
0.0904807925 -2.80265115
0.0903071652 -2.79824154
0.0901341455 -2.79384038
0.0899617305 -2.78944763
0.0897899175 -2.78506327
0.0896187038 -2.78068726
0.0894480867 -2.77631959
0.0892780636 -2.77196021
0.0891086317 -2.76760909
0.0889397884 -2.76326622
0.088771531 -2.75893156
0.0886038569 -2.75460509
0.0884367636 -2.75028677
0.0882702483 -2.74597657
0.0881043086 -2.74167448
0.0879389419 -2.73738046
0.0877741456 -2.73309448
0.0876099171 -2.72881651
0.087446254 -2.72454654
0.0872831537 -2.72028452
0.0871206137 -2.71603044
0.0869586317 -2.71178426
0.086797205 -2.70754596
0.0866363312 -2.70331552
0.0864760079 -2.6990929
0.0863162327 -2.69487807
0.0861570032 -2.69067102
0.0859983169 -2.68647172
0.0858401715 -2.68228013
0.0856825646 -2.67809624
0.0855254938 -2.67392001
0.0853689568 -2.66975142
0.0852129512 -2.66559045
0.0850574748 -2.66143707
0.0849025252 -2.65729124
0.0847481002 -2.65315296
0.0845941973 -2.64902219
0.0844408145 -2.64489891
0.0842879494 -2.64078308
0.0841355997 -2.63667469
0.0839837633 -2.63257372
0.083832438 -2.62848013
0.0836816214 -2.6243939
0.0835313114 -2.62031501
0.0833815059 -2.61624343
0.0832322026 -2.61217914
0.0830833995 -2.60812211
0.0829350942 -2.60407232
0.0827872848 -2.60002974
0.0826399691 -2.59599436
0.082493145 -2.59196614
0.0823468103 -2.58794507
0.082200963 -2.58393111
0.082055601 -2.57992425
0.0819107222 -2.57592446
0.0817663246 -2.57193172
0.0816224062 -2.56794601
0.0814789648 -2.5639673
0.0813359985 -2.55999556
0.0811935052 -2.55603078
0.0810514831 -2.55207294
0.0809099299 -2.548122
0.0807688439 -2.54417795
0.0806282229 -2.54024076
0.0804880651 -2.53631042
0.0803483686 -2.5323869
0.0802091312 -2.52847017
0.0800703512 -2.52456021
0.0799320267 -2.52065701
0.0797941556 -2.51676054
0.0796567361 -2.51287078
0.0795197664 -2.5089877
0.0793832445 -2.50511129
0.0792471686 -2.50124151
0.0791115368 -2.49737836
0.0789763473 -2.49352181
0.0788415982 -2.48967184
0.0787072877 -2.48582842
0.078573414 -2.48199154
0.0784399753 -2.47816117
0.0783069698 -2.4743373
0.0781743956 -2.4705199
0.0780422511 -2.46670894
0.0779105343 -2.46290442
0.0777792437 -2.45910631
0.0776483774 -2.45531458
0.0775179336 -2.45152922
0.0773879107 -2.44775021
0.0772583069 -2.44397753
0.0771291205 -2.44021115
0.0770003498 -2.43645106
0.0768719931 -2.43269723
0.0767440486 -2.42894966
0.0766165148 -2.4252083
0.07648939 -2.42147315
0.0763626724 -2.41774419
0.0762363605 -2.4140214
0.0761104525 -2.41030475
0.0759849469 -2.40659423
0.075859842 -2.40288981
0.0757351362 -2.39919148
END
