SIMP
NP=4096
SW=20000
TYPE=SPE
DATA
0.0822697873 -2.58360769
0.0821240535 -2.5795975
0.0819788052 -2.57559439
0.0818340404 -2.57159835
0.081689757 -2.56760936
0.081545953 -2.56362738
0.0814026262 -2.5596524
0.0812597748 -2.55568439
0.0811173966 -2.55172333
0.0809754897 -2.5477692
0.080834052 -2.54382197
0.0806930817 -2.53988162
0.0805525766 -2.53594814
0.0804125349 -2.53202148
0.0802729546 -2.52810165
0.0801338337 -2.5241886
0.0799951703 -2.52028232
0.0798569625 -2.51638279
0.0797192084 -2.51248998
0.0795819061 -2.50860387
0.0794450537 -2.50472445
0.0793086493 -2.50085168
0.079172691 -2.49698555
0.079037177 -2.49312603
0.0789021054 -2.48927311
0.0787674743 -2.48542676
0.0786332821 -2.48158696
0.0784995267 -2.47775369
0.0783662065 -2.47392693
0.0782333196 -2.47010666
0.0781008641 -2.46629285
0.0779688385 -2.46248548
0.0778372407 -2.45868454
0.0777060692 -2.45489
0.0775753221 -2.45110185
0.0774449977 -2.44732006
0.0773150942 -2.44354461
0.0771856099 -2.43977548
0.0770565432 -2.43601265
0.0769278922 -2.4322561
0.0767996554 -2.42850581
0.0766718309 -2.42476176
0.0765444171 -2.42102393
0.0764174124 -2.4172923
0.076290815 -2.41356685
0.0761646233 -2.40984756
0.0760388357 -2.40613441
0.0759134506 -2.40242738
0.0757884662 -2.39872646
0.0756638809 -2.39503161
0.0755396933 -2.39134283
0.0754159015 -2.38766009
0.0752925041 -2.38398338
0.0751694995 -2.38031267
0.075046886 -2.37664794
0.0749246621 -2.37298919
0.0748028263 -2.36933638
0.0746813769 -2.36568949
0.0745603124 -2.36204852
0.0744396313 -2.35841345
0.074319332 -2.35478424
0.0741994131 -2.35116089
0.074079873 -2.34754337
0.0739607101 -2.34393167
0.073841923 -2.34032577
0.0737235102 -2.33672565
0.0736054702 -2.3331313
0.0734878016 -2.32954269
0.0733705027 -2.3259598
0.0732535723 -2.32238263
0.0731370088 -2.31881114
0.0730208107 -2.31524533
0.0729049766 -2.31168517
0.0727895052 -2.30813065
0.0726743949 -2.30458175
0.0725596444 -2.30103845
0.0724452521 -2.29750073
0.0723312168 -2.29396859
0.072217537 -2.29044199
0.0721042114 -2.28692092
0.0719912384 -2.28340537
0.0718786169 -2.27989532
0.0717663453 -2.27639075
0.0716544223 -2.27289165
0.0715428466 -2.26939799
0.0714316168 -2.26590976
0.0713207315 -2.26242695
0.0712101895 -2.25894953
0.0710999894 -2.25547749
0.0709901298 -2.25201082
0.0708806095 -2.24854949
0.0707714271 -2.24509349
0.0706625814 -2.24164281
0.0705540709 -2.23819743
0.0704458945 -2.23475732
0.0703380509 -2.23132248
0.0702305387 -2.2278929
0.0701233568 -2.22446854
0.0700165037 -2.2210494
0.0699099784 -2.21763546
0.0698037794 -2.21422671
0.0696979056 -2.21082312
0.0695923557 -2.20742469
0.0694871285 -2.2040314
0.0693822228 -2.20064322
0.0692776373 -2.19726016
0.0691733708 -2.19388218
0.0690694221 -2.19050928
0.0689657899 -2.18714144
0.0688624732 -2.18377864
0.0687594707 -2.18042088
0.0686567811 -2.17706812
0.0685544034 -2.17372037
0.0684523364 -2.1703776
0.0683505788 -2.16703979
0.0682491295 -2.16370694
0.0681479874 -2.16037903
0.0680471512 -2.15705604
0.0679466199 -2.15373796
0.0678463923 -2.15042477
0.0677464672 -2.14711646
0.0676468436 -2.14381302
0.0675475203 -2.14051442
0.0674484961 -2.13722066
0.06734977 -2.13393172
0.0672513408 -2.13064759
0.0671532075 -2.12736824
0.067055369 -2.12409368
0.066957824 -2.12082388
0.0668605717 -2.11755882
0.0667636108 -2.1142985
0.0666669403 -2.1110429
0.0665705591 -2.107792
0.0664744661 -2.1045458
0.0663786604 -2.10130427
0.0662831407 -2.09806741
0.0661879062 -2.0948352
0.0660929556 -2.09160763
0.065998288 -2.08838467
0.0659039024 -2.08516633
0.0658097977 -2.08195258
0.0657159728 -2.07874341
0.0656224268 -2.07553881
0.0655291586 -2.07233876
0.0654361672 -2.06914325
0.0653434517 -2.06595227
0.0652510109 -2.0627658
0.0651588439 -2.05958384
0.0650669498 -2.05640636
0.0649753274 -2.05323335
0.0648839759 -2.0500648
0.0647928942 -2.04690071
0.0647020813 -2.04374104
0.0646115364 -2.0405858
0.0645212583 -2.03743496
0.0644312463 -2.03428852
0.0643414992 -2.03114646
0.0642520162 -2.02800878
0.0641627963 -2.02487544
0.0640738385 -2.02174645
0.0639851419 -2.0186218
0.0638967056 -2.01550146
0.0638085287 -2.01238542
0.0637206101 -2.00927368
0.063632949 -2.00616622
0.0635455445 -2.00306303
0.0634583957 -1.99996409
0.0633715016 -1.99686939
0.0632848613 -1.99377893
0.0631984739 -1.99069268
0.0631123386 -1.98761064
0.0630264544 -1.98453279
0.0629408205 -1.98145913
0.0628554359 -1.97838963
0.0627702998 -1.97532429
0.0626854112 -1.9722631
0.0626007695 -1.96920603
0.0625163735 -1.96615309
0.0624322226 -1.96310426
0.0623483157 -1.96005953
0.0622646522 -1.95701888
0.062181231 -1.9539823
0.0620980514 -1.95094979
0.0620151125 -1.94792132
0.0619324135 -1.9448969
0.0618499536 -1.9418765
0.0617677318 -1.93886011
0.0616857474 -1.93584773
0.0616039995 -1.93283934
0.0615224873 -1.92983493
0.0614412101 -1.92683449
0.0613601669 -1.92383801
0.061279357 -1.92084547
0.0611987795 -1.91785687
0.0611184337 -1.91487219
0.0610383188 -1.91189142
0.0609584339 -1.90891455
0.0608787782 -1.90594157
0.060799351 -1.90297248
0.0607201515 -1.90000724
0.0606411789 -1.89704587
0.0605624324 -1.89408834
0.0604839113 -1.89113464
0.0604056147 -1.88818477
0.0603275419 -1.88523871
0.0602496922 -1.88229645
0.0601720647 -1.87935798
0.0600946587 -1.8764233
0.0600174734 -1.87349238
0.0599405082 -1.87056522
0.0598637622 -1.8676418
0.0597872347 -1.86472213
0.059710925 -1.86180618
0.0596348323 -1.85889394
0.0595589559 -1.85598541
0.059483295 -1.85308058
0.059407849 -1.85017943
0.059332617 -1.84728195
0.0592575985 -1.84438814
0.0591827926 -1.84149798
0.0591081986 -1.83861146
0.0590338158 -1.83572857
0.0589596436 -1.83284931
0.0588856811 -1.82997366
0.0588119278 -1.82710161
0.0587383828 -1.82423315
0.0586650456 -1.82136827
0.0585919154 -1.81850697
0.0585189914 -1.81564922
0.0584462732 -1.81279503
0.0583737598 -1.80994437
0.0583014507 -1.80709725
0.0582293452 -1.80425365
0.0581574426 -1.80141356
0.0580857422 -1.79857697
0.0580142434 -1.79574387
0.0579429454 -1.79291426
0.0578718477 -1.79008811
0.0578009496 -1.78726543
0.0577302503 -1.7844462
0.0576597493 -1.78163042
0.0575894459 -1.77881806
0.0575193395 -1.77600913
0.0574494293 -1.77320362
0.0573797148 -1.77040151
0.0573101952 -1.76760279
0.0572408701 -1.76480746
0.0571717387 -1.76201551
0.0571028004 -1.75922692
0.0570340545 -1.75644169
0.0569655005 -1.7536598
0.0568971377 -1.75088126
0.0568289655 -1.74810604
0.0567609832 -1.74533415
0.0566931903 -1.74256556
0.0566255862 -1.73980028
0.0565581701 -1.73703828
0.0564909416 -1.73427958
0.0564239 -1.73152414
0.0563570447 -1.72877197
0.056290375 -1.72602306
0.0562238905 -1.72327739
0.0561575905 -1.72053496
0.0560914744 -1.71779576
0.0560255416 -1.71505978
0.0559597916 -1.71232701
0.0558942237 -1.70959744
0.0558288373 -1.70687106
0.0557636319 -1.70414787
0.055698607 -1.70142786
0.0556337618 -1.69871101
0.0555690959 -1.69599732
0.0555046087 -1.69328678
0.0554402995 -1.69057938
0.0553761679 -1.68787511
0.0553122133 -1.68517396
0.0552484351 -1.68247593
0.0551848328 -1.67978101
0.0551214057 -1.67708918
0.0550581534 -1.67440044
0.0549950753 -1.67171478
0.0549321708 -1.6690322
0.0548694394 -1.66635267
0.0548068805 -1.66367621
0.0547444936 -1.66100278
0.0546822782 -1.6583324
0.0546202338 -1.65566505
0.0545583597 -1.65300072
0.0544966554 -1.6503394
0.0544351205 -1.64768109
0.0543737543 -1.64502578
0.0543125564 -1.64237345
0.0542515263 -1.6397241
0.0541906633 -1.63707773
0.0541299671 -1.63443432
0.054069437 -1.63179387
0.0540090726 -1.62915636
0.0539488733 -1.6265218
0.0538888386 -1.62389016
0.0538289681 -1.62126145
0.0537692612 -1.61863566
0.0537097173 -1.61601277
0.0536503361 -1.61339279
0.053591117 -1.61077569
0.0535320594 -1.60816148
0.053473163 -1.60555015
0.0534144272 -1.60294169
0.0533558515 -1.60033608
0.0532974354 -1.59773333
0.0532391784 -1.59513343
0.0531810801 -1.59253636
0.0531231399 -1.58994212
0.0530653574 -1.5873507
0.0530077321 -1.5847621
0.0529502635 -1.5821763
0.0528929512 -1.57959331
0.0528357946 -1.5770131
0.0527787933 -1.57443568
0.0527219468 -1.57186103
0.0526652547 -1.56928916
0.0526087164 -1.56672004
0.0525523315 -1.56415368
0.0524960996 -1.56159007
0.0524400202 -1.55902919
0.0523840929 -1.55647104
0.052328317 -1.55391562
0.0522726923 -1.55136292
0.0522172183 -1.54881292
0.0521618944 -1.54626563
0.0521067204 -1.54372103
0.0520516956 -1.54117912
0.0519968197 -1.53863989
0.0519420922 -1.53610333
0.0518875126 -1.53356944
0.0518330806 -1.5310382
0.0517787957 -1.52850962
0.0517246574 -1.52598368
0.0516706654 -1.52346038
0.0516168191 -1.5209397
0.0515631182 -1.51842166
0.0515095622 -1.51590622
0.0514561507 -1.5133934
0.0514028832 -1.51088317
0.0513497594 -1.50837554
0.0512967788 -1.5058705
0.051243941 -1.50336804
0.0511912455 -1.50086815
0.051138692 -1.49837083
0.05108628 -1.49587607
0.0510340092 -1.49338386
0.050981879 -1.4908942
0.0509298892 -1.48840708
0.0508780392 -1.48592248
0.0508263287 -1.48344042
0.0507747573 -1.48096087
0.0507233245 -1.47848384
0.0506720299 -1.47600931
0.0506208733 -1.47353728
0.050569854 -1.47106774
0.0505189719 -1.46860069
0.0504682263 -1.46613611
0.0504176171 -1.46367401
0.0503671437 -1.46121437
0.0503168058 -1.45875719
0.0502666029 -1.45630246
0.0502165348 -1.45385018
0.0501666009 -1.45140033
0.050116801 -1.44895292
0.0500671346 -1.44650794
0.0500176014 -1.44406537
0.0499682009 -1.44162522
0.0499189328 -1.43918747
0.0498697968 -1.43675212
0.0498207923 -1.43431917
0.0497719191 -1.4318886
0.0497231768 -1.42946041
0.049674565 -1.4270346
0.0496260833 -1.42461116
0.0495777314 -1.42219007
0.0495295089 -1.41977135
0.0494814155 -1.41735497
0.0494334506 -1.41494093
0.0493856141 -1.41252923
0.0493379056 -1.41011986
0.0492903246 -1.40771282
0.0492428708 -1.40530809
0.0491955439 -1.40290568
0.0491483435 -1.40050557
0.0491012693 -1.39810775
0.0490543208 -1.39571224
0.0490074978 -1.393319
0.0489607998 -1.39092805
0.0489142266 -1.38853938
0.0488677778 -1.38615297
0.0488214531 -1.38376883
0.048775252 -1.38138694
0.0487291743 -1.3790073
0.0486832196 -1.37662991
0.0486373876 -1.37425475
0.0485916779 -1.37188183
0.0485460902 -1.36951114
0.0485006241 -1.36714266
0.0484552794 -1.3647764
0.0484100556 -1.36241235
0.0483649525 -1.3600505
0.0483199697 -1.35769085
0.0482751069 -1.35533339
0.0482303637 -1.35297812
0.0481857398 -1.35062502
0.048141235 -1.3482741
0.0480968488 -1.34592535
0.048052581 -1.34357876
0.0480084312 -1.34123433
0.0479643991 -1.33889204
0.0479204843 -1.3365519
0.0478766866 -1.3342139
0.0478330057 -1.33187804
0.0477894412 -1.3295443
0.0477459928 -1.32721268
0.0477026602 -1.32488318
0.047659443 -1.3225558
0.0476163411 -1.32023051
0.0475733539 -1.31790733
0.0475304814 -1.31558624
0.047487723 -1.31326724
0.0474450786 -1.31095032
0.0474025478 -1.30863548
0.0473601304 -1.30632271
0.0473178259 -1.30401201
0.0472756342 -1.30170337
0.0472335548 -1.29939678
0.0471915876 -1.29709225
0.0471497322 -1.29478975
0.0471079883 -1.2924893
0.0470663556 -1.29019088
0.0470248338 -1.28789449
0.0469834226 -1.28560012
0.0469421218 -1.28330777
0.046900931 -1.28101743
0.04685985 -1.2787291
0.0468188784 -1.27644277
0.046778016 -1.27415843
0.0467372624 -1.27187609
0.0466966174 -1.26959573
0.0466560808 -1.26731735
0.0466156522 -1.26504094
0.0465753313 -1.26276651
0.0465351178 -1.26049404
0.0464950115 -1.25822352
0.0464550122 -1.25595497
0.0464151194 -1.25368836
0.0463753329 -1.25142369
0.0463356526 -1.24916096
0.046296078 -1.24690017
0.0462566089 -1.2446413
0.046217245 -1.24238435
0.0461779861 -1.24012933
0.0461388319 -1.23787621
0.0460997821 -1.23562501
0.0460608364 -1.2333757
0.0460219947 -1.2311283
0.0459832565 -1.22888278
0.0459446217 -1.22663915
0.0459060899 -1.22439741
0.045867661 -1.22215754
0.0458293346 -1.21991954
0.0457911105 -1.21768341
0.0457529884 -1.21544915
0.0457149681 -1.21321674
0.0456770493 -1.21098618
0.0456392317 -1.20875747
0.0456015151 -1.2065306
0.0455638993 -1.20430557
0.0455263839 -1.20208237
0.0454889687 -1.199861
0.0454516535 -1.19764145
0.0454144381 -1.19542372
0.045377322 -1.1932078
0.0453403052 -1.1909937
0.0453033874 -1.18878139
0.0452665682 -1.18657088
0.0452298475 -1.18436217
0.045193225 -1.18215525
0.0451567005 -1.17995011
0.0451202737 -1.17774674
0.0450839444 -1.17554516
0.0450477124 -1.17334534
0.0450115773 -1.17114729
0.044975539 -1.168951
0.0449395971 -1.16675646
0.0449037516 -1.16456368
0.0448680021 -1.16237264
0.0448323483 -1.16018335
0.0447967901 -1.15799579
0.0447613273 -1.15580996
0.0447259595 -1.15362586
0.0446906866 -1.15144348
0.0446555083 -1.14926283
0.0446204243 -1.14708388
0.0445854345 -1.14490665
0.0445505387 -1.14273112
0.0445157365 -1.14055729
0.0444810278 -1.13838515
0.0444464123 -1.13621471
0.0444118898 -1.13404595
0.0443774601 -1.13187888
0.044343123 -1.12971348
0.0443088781 -1.12754975
0.0442747254 -1.12538769
0.0442406646 -1.1232273
0.0442066954 -1.12106857
0.0441728176 -1.11891149
0.0441390311 -1.11675606
0.0441053355 -1.11460228
0.0440717307 -1.11245014
0.0440382165 -1.11029963
0.0440047926 -1.10815076
0.0439714588 -1.10600352
0.043938215 -1.1038579
0.0439050608 -1.1017139
0.0438719961 -1.09957152
0.0438390207 -1.09743074
0.0438061343 -1.09529158
0.0437733367 -1.09315401
0.0437406278 -1.09101805
0.0437080073 -1.08888367
0.043675475 -1.08675089
0.0436430307 -1.08461969
0.0436106742 -1.08249007
0.0435784053 -1.08036203
0.0435462237 -1.07823556
0.0435141293 -1.07611066
0.0434821219 -1.07398732
0.0434502012 -1.07186554
0.0434183671 -1.06974532
0.0433866194 -1.06762664
0.0433549578 -1.06550952
0.0433233822 -1.06339393
0.0432918923 -1.06127989
0.0432604879 -1.05916738
0.0432291689 -1.0570564
0.0431979351 -1.05494694
0.0431667862 -1.05283901
0.0431357221 -1.05073259
0.0431047426 -1.04862769
0.0430738474 -1.04652429
0.0430430364 -1.0444224
0.0430123093 -1.04232202
0.0429816661 -1.04022313
0.0429511065 -1.03812573
0.0429206302 -1.03602982
0.0428902372 -1.0339354
0.0428599272 -1.03184245
0.0428297 -1.02975099
0.0427995555 -1.02766099
0.0427694934 -1.02557247
0.0427395136 -1.02348541
0.0427096159 -1.02139981
0.0426798001 -1.01931566
0.042650066 -1.01723297
0.0426204134 -1.01515173
0.0425908421 -1.01307193
0.0425613521 -1.01099357
0.0425319429 -1.00891665
0.0425026146 -1.00684117
0.0424733669 -1.00476711
0.0424441997 -1.00269447
0.0424151126 -1.00062326
0.0423861057 -0.998553464
0.0423571786 -0.996485082
0.0423283313 -0.994418108
0.0422995635 -0.992352541
0.0422708751 -0.990288374
0.0422422658 -0.988225606
0.0422137356 -0.986164231
0.0421852842 -0.984104246
0.0421569115 -0.982045647
0.0421286173 -0.979988431
0.0421004013 -0.977932592
0.0420722636 -0.975878129
0.0420442037 -0.973825037
0.0420162217 -0.971773311
0.0419883174 -0.969722949
0.0419604905 -0.967673946
0.0419327409 -0.965626299
0.0419050684 -0.963580004
0.0418774728 -0.961535057
0.0418499541 -0.959491454
0.041822512 -0.957449192
0.0417951463 -0.955408268
0.041767857 -0.953368676
0.0417406437 -0.951330414
0.0417135065 -0.949293477
0.041686445 -0.947257863
0.0416594592 -0.945223567
0.0416325488 -0.943190586
0.0416057138 -0.941158916
0.0415789539 -0.939128553
0.041552269 -0.937099494
0.041525659 -0.935071735
0.0414991236 -0.933045272
0.0414726628 -0.931020103
0.0414462763 -0.928996222
0.041419964 -0.926973627
0.0413937257 -0.924952314
0.0413675613 -0.922932279
0.0413414707 -0.920913518
0.0413154537 -0.918896029
0.04128951 -0.916879808
0.0412636397 -0.91486485
0.0412378424 -0.912851153
0.0412121181 -0.910838712
0.0411864666 -0.908827525
0.0411608878 -0.906817587
0.0411353815 -0.904808896
0.0411099476 -0.902801447
0.0410845858 -0.900795238
0.0410592961 -0.898790263
0.0410340784 -0.896786521
0.0410089323 -0.894784008
0.0409838579 -0.89278272
0.040958855 -0.890782653
0.0409339234 -0.888783804
0.0409090629 -0.88678617
0.0408842735 -0.884789747
0.040859555 -0.882794532
0.0408349072 -0.880800521
0.0408103299 -0.878807711
0.0407858232 -0.876816099
0.0407613867 -0.87482568
0.0407370204 -0.872836451
0.0407127242 -0.87084841
0.0406884978 -0.868861553
0.0406643412 -0.866875875
0.0406402541 -0.864891375
0.0406162365 -0.862908048
0.0405922883 -0.860925891
0.0405684092 -0.858944901
0.0405445992 -0.856965074
0.0405208581 -0.854986407
0.0404971857 -0.853008897
0.040473582 -0.85103254
0.0404500468 -0.849057333
0.0404265799 -0.847083273
0.0404031813 -0.845110356
0.0403798507 -0.843138578
0.0403565881 -0.841167938
0.0403333934 -0.83919843
0.0403102663 -0.837230053
0.0402872068 -0.835262802
0.0402642147 -0.833296675
0.0402412899 -0.831331668
0.0402184323 -0.829367778
0.0401956417 -0.827405001
0.040172918 -0.825443335
0.040150261 -0.823482775
0.0401276708 -0.82152332
0.040105147 -0.819564965
0.0400826896 -0.817607707
0.0400602985 -0.815651543
0.0400379735 -0.813696471
0.0400157145 -0.811742485
0.0399935214 -0.809789584
0.0399713941 -0.807837765
0.0399493323 -0.805887023
0.0399273361 -0.803937356
0.0399054053 -0.801988761
0.0398835397 -0.800041234
0.0398617392 -0.798094772
0.0398400038 -0.796149373
0.0398183332 -0.794205032
0.0397967274 -0.792261747
0.0397751862 -0.790319515
0.0397537096 -0.788378332
0.0397322973 -0.786438195
0.0397109494 -0.784499101
0.0396896655 -0.782561048
0.0396684458 -0.780624031
0.0396472899 -0.778688048
0.0396261979 -0.776753095
0.0396051695 -0.77481917
0.0395842047 -0.77288627
0.0395633034 -0.770954391
0.0395424654 -0.76902353
0.0395216906 -0.767093684
0.0395009789 -0.765164851
0.0394803301 -0.763237026
0.0394597443 -0.761310207
0.0394392212 -0.759384391
0.0394187608 -0.757459575
0.0393983628 -0.755535756
0.0393780273 -0.75361293
0.0393577541 -0.751691095
0.0393375431 -0.749770248
0.0393173942 -0.747850385
0.0392973072 -0.745931504
0.0392772821 -0.744013601
0.0392573187 -0.742096674
0.039237417 -0.740180719
0.0392175768 -0.738265734
0.039197798 -0.736351715
0.0391780805 -0.73443866
0.0391584242 -0.732526565
0.039138829 -0.730615428
0.0391192948 -0.728705246
0.0390998214 -0.726796015
0.0390804089 -0.724887733
0.039061057 -0.722980396
0.0390417656 -0.721074002
0.0390225347 -0.719168548
0.0390033641 -0.717264031
0.0389842538 -0.715360448
0.0389652036 -0.713457795
0.0389462134 -0.711556071
0.0389272832 -0.709655272
0.0389084128 -0.707755394
0.0388896021 -0.705856436
0.038870851 -0.703958395
0.0388521594 -0.702061267
0.0388335273 -0.700165049
0.0388149545 -0.698269739
0.0387964409 -0.696375334
0.0387779863 -0.69448183
0.0387595909 -0.692589226
0.0387412543 -0.690697518
0.0387229765 -0.688806703
0.0387047575 -0.686916778
0.038686597 -0.685027741
0.0386684951 -0.683139588
0.0386504516 -0.681252317
0.0386324664 -0.679365925
0.0386145395 -0.677480409
0.0385966706 -0.675595767
0.0385788598 -0.673711995
0.038561107 -0.67182909
0.038543412 -0.669947051
0.0385257747 -0.668065873
0.0385081951 -0.666185554
0.038490673 -0.664306092
0.0384732084 -0.662427483
0.0384558012 -0.660549725
0.0384384512 -0.658672815
0.0384211584 -0.65679675
0.0384039228 -0.654921528
0.0383867441 -0.653047145
0.0383696223 -0.651173598
0.0383525573 -0.649300886
0.0383355491 -0.647429005
0.0383185975 -0.645557953
0.0383017024 -0.643687726
0.0382848638 -0.641818322
0.0382680815 -0.639949738
0.0382513556 -0.638081972
0.0382346858 -0.636215021
0.0382180721 -0.634348881
0.0382015144 -0.632483551
0.0381850126 -0.630619027
0.0381685667 -0.628755307
0.0381521765 -0.626892389
0.0381358419 -0.625030268
0.038119563 -0.623168943
0.0381033395 -0.621308411
0.0380871714 -0.61944867
0.0380710587 -0.617589715
0.0380550011 -0.615731546
0.0380389987 -0.613874159
0.0380230514 -0.612017551
0.0380071591 -0.61016172
0.0379913216 -0.608306663
0.037975539 -0.606452378
0.037959811 -0.604598861
0.0379441378 -0.60274611
0.037928519 -0.600894123
0.0379129548 -0.599042896
0.037897445 -0.597192428
0.0378819894 -0.595342715
0.0378665881 -0.593493754
0.037851241 -0.591645544
0.0378359479 -0.589798082
0.0378207089 -0.587951364
0.0378055237 -0.586105389
0.0377903924 -0.584260153
0.0377753148 -0.582415654
0.0377602909 -0.580571889
0.0377453207 -0.578728856
0.0377304039 -0.576886553
0.0377155406 -0.575044976
0.0377007306 -0.573204122
0.0376859739 -0.57136399
0.0376712705 -0.569524577
0.0376566201 -0.56768588
0.0376420229 -0.565847897
0.0376274786 -0.564010624
0.0376129872 -0.56217406
0.0375985487 -0.560338201
0.0375841629 -0.558503046
0.0375698298 -0.556668591
0.0375555493 -0.554834835
0.0375413213 -0.553001774
0.0375271458 -0.551169406
0.0375130227 -0.549337728
0.0374989519 -0.547506738
0.0374849334 -0.545676434
0.037470967 -0.543846812
0.0374570527 -0.54201787
0.0374431905 -0.540189606
0.0374293802 -0.538362017
0.0374156218 -0.536535101
0.0374019151 -0.534708854
0.0373882603 -0.532883276
0.0373746571 -0.531058362
0.0373611055 -0.529234111
0.0373476054 -0.527410519
0.0373341569 -0.525587586
0.0373207597 -0.523765307
0.0373074138 -0.52194368
0.0372941192 -0.520122704
0.0372808757 -0.518302374
0.0372676834 -0.51648269
0.0372545422 -0.514663649
0.0372414519 -0.512845247
0.0372284126 -0.511027483
0.0372154241 -0.509210353
0.0372024864 -0.507393857
0.0371895994 -0.50557799
0.0371767631 -0.503762751
0.0371639773 -0.501948137
0.0371512421 -0.500134145
0.0371385573 -0.498320774
0.037125923 -0.49650802
0.037113339 -0.494695882
0.0371008052 -0.492884356
0.0370883216 -0.491073441
0.0370758882 -0.489263134
0.0370635049 -0.487453432
0.0370511715 -0.485644333
0.0370388881 -0.483835835
0.0370266546 -0.482027934
0.037014471 -0.48022063
0.0370023371 -0.478413919
0.0369902529 -0.476607798
0.0369782183 -0.474802266
0.0369662333 -0.472997321
0.0369542979 -0.471192958
0.0369424119 -0.469389177
0.0369305753 -0.467585975
0.036918788 -0.465783348
0.0369070501 -0.463981296
0.0368953613 -0.462179816
0.0368837217 -0.460378904
0.0368721312 -0.458578559
0.0368605898 -0.456778779
0.0368490973 -0.454979561
0.0368376538 -0.453180902
0.0368262592 -0.4513828
0.0368149133 -0.449585253
0.0368036162 -0.447788259
0.0367923679 -0.445991814
0.0367811681 -0.444195918
0.036770017 -0.442400566
0.0367589144 -0.440605758
0.0367478602 -0.43881149
0.0367368545 -0.43701776
0.0367258972 -0.435224566
0.0367149882 -0.433431905
0.0367041274 -0.431639776
0.0366933148 -0.429848175
0.0366825504 -0.428057101
0.036671834 -0.426266551
0.0366611658 -0.424476523
0.0366505454 -0.422687013
0.0366399731 -0.420898021
0.0366294486 -0.419109544
0.0366189719 -0.417321579
0.0366085431 -0.415534124
0.0365981619 -0.413747177
0.0365878284 -0.411960735
0.0365775426 -0.410174797
0.0365673043 -0.408389359
0.0365571135 -0.406604419
0.0365469702 -0.404819975
0.0365368743 -0.403036026
0.0365268258 -0.401252567
0.0365168246 -0.399469598
0.0365068707 -0.397687116
0.036496964 -0.395905118
0.0364871045 -0.394123603
0.0364772921 -0.392342567
0.0364675267 -0.390562009
0.0364578084 -0.388781926
0.0364481371 -0.387002317
0.0364385127 -0.385223178
0.0364289351 -0.383444508
0.0364194044 -0.381666304
0.0364099205 -0.379888563
0.0364004834 -0.378111285
0.0363910929 -0.376334466
0.0363817491 -0.374558103
0.0363724518 -0.372782196
0.0363632012 -0.371006741
0.036353997 -0.369231736
0.0363448393 -0.36745718
0.036335728 -0.365683069
0.0363266631 -0.363909401
0.0363176445 -0.362136175
0.0363086722 -0.360363388
0.0362997462 -0.358591037
0.0362908663 -0.356819121
0.0362820326 -0.355047637
0.036273245 -0.353276582
0.0362645035 -0.351505956
0.036255808 -0.349735755
0.0362471584 -0.347965977
0.0362385549 -0.34619662
0.0362299972 -0.344427681
0.0362214853 -0.342659159
0.0362130193 -0.340891052
0.036204599 -0.339123356
0.0361962245 -0.33735607
0.0361878957 -0.335589192
0.0361796125 -0.333822718
0.0361713749 -0.332056648
0.0361631828 -0.330290979
0.0361550364 -0.328525708
0.0361469353 -0.326760834
0.0361388798 -0.324996354
0.0361308696 -0.323232266
0.0361229048 -0.321468568
0.0361149854 -0.319705257
0.0361071112 -0.317942331
0.0360992823 -0.316179789
0.0360914986 -0.314417627
0.0360837601 -0.312655845
0.0360760667 -0.310894438
0.0360684184 -0.309133406
0.0360608152 -0.307372747
0.036053257 -0.305612457
0.0360457438 -0.303852534
0.0360382755 -0.302092977
0.0360308522 -0.300333784
0.0360234737 -0.298574952
0.0360161401 -0.296816478
0.0360088513 -0.295058362
0.0360016073 -0.2933006
0.035994408 -0.29154319
0.0359872534 -0.28978613
0.0359801435 -0.288029419
0.0359730782 -0.286273053
0.0359660575 -0.284517031
0.0359590814 -0.282761351
0.0359521498 -0.28100601
0.0359452627 -0.279251006
0.0359384201 -0.277496337
0.0359316219 -0.275742
0.0359248681 -0.273987995
0.0359181587 -0.272234317
0.0359114936 -0.270480967
0.0359048728 -0.26872794
0.0358982963 -0.266975235
0.035891764 -0.26522285
0.0358852759 -0.263470783
0.035878832 -0.261719031
0.0358724322 -0.259967593
0.0358660766 -0.258216466
0.035859765 -0.256465648
0.0358534975 -0.254715136
0.035847274 -0.25296493
0.0358410945 -0.251215026
0.0358349589 -0.249465423
0.0358288673 -0.247716117
0.0358228196 -0.245967108
0.0358168158 -0.244218394
0.0358108558 -0.242469971
0.0358049396 -0.240721837
0.0357990672 -0.238973992
0.0357932386 -0.237226431
0.0357874537 -0.235479155
0.0357817125 -0.233732159
0.0357760149 -0.231985442
0.035770361 -0.230239003
0.0357647508 -0.228492838
0.0357591841 -0.226746946
0.035753661 -0.225001324
0.0357481815 -0.223255971
0.0357427454 -0.221510885
0.0357373528 -0.219766062
0.0357320037 -0.218021501
0.0357266981 -0.216277201
0.0357214358 -0.214533158
0.0357162169 -0.212789371
0.0357110414 -0.211045838
0.0357059093 -0.209302556
0.0357008204 -0.207559523
0.0356957748 -0.205816738
0.0356907725 -0.204074198
0.0356858134 -0.202331901
0.0356808975 -0.200589844
0.0356760249 -0.198848027
0.0356711954 -0.197106446
0.035666409 -0.1953651
0.0356616657 -0.193623987
0.0356569656 -0.191883104
0.0356523085 -0.190142449
0.0356476945 -0.18840202
0.0356431235 -0.186661815
0.0356385955 -0.184921833
0.0356341105 -0.18318207
0.0356296685 -0.181442525
0.0356252694 -0.179703196
0.0356209133 -0.17796408
0.0356166 -0.176225176
0.0356123297 -0.174486482
0.0356081022 -0.172747994
0.0356039175 -0.171009712
0.0355997756 -0.169271633
0.0355956766 -0.167533756
0.0355916203 -0.165796077
0.0355876068 -0.164058595
0.0355836361 -0.162321307
0.0355797081 -0.160584213
0.0355758227 -0.158847309
0.0355719801 -0.157110594
0.0355681801 -0.155374065
0.0355644228 -0.15363772
0.0355607081 -0.151901558
0.0355570361 -0.150165576
0.0355534066 -0.148429772
0.0355498197 -0.146694144
0.0355462754 -0.144958691
0.0355427736 -0.143223409
0.0355393144 -0.141488297
0.0355358977 -0.139753352
0.0355325234 -0.138018574
0.0355291917 -0.136283959
0.0355259024 -0.134549505
0.0355226555 -0.132815211
0.0355194511 -0.131081075
0.0355162891 -0.129347094
0.0355131696 -0.127613266
0.0355100924 -0.125879589
0.0355070576 -0.124146061
0.0355040651 -0.12241268
0.035501115 -0.120679445
0.0354982072 -0.118946352
0.0354953417 -0.1172134
0.0354925186 -0.115480587
0.0354897377 -0.113747911
0.0354869991 -0.112015369
0.0354843028 -0.11028296
0.0354816487 -0.108550681
0.0354790369 -0.106818531
0.0354764673 -0.105086508
0.0354739399 -0.103354608
0.0354714547 -0.101622831
0.0354690117 -0.0998911744
0.0354666109 -0.0981596358
0.0354642522 -0.0964282133
0.0354619357 -0.0946969048
0.0354596614 -0.0929657084
0.0354574292 -0.091234622
0.0354552391 -0.0895036434
0.0354530911 -0.0877727707
0.0354509852 -0.0860420017
0.0354489214 -0.0843113345
0.0354468997 -0.0825807669
0.0354449201 -0.080850297
0.0354429825 -0.0791199227
0.035441087 -0.0773896419
0.0354392336 -0.0756594525
0.0354374222 -0.0739293526
0.0354356528 -0.07219934
0.0354339254 -0.0704694127
0.0354322401 -0.0687395687
0.0354305967 -0.0670098059
0.0354289954 -0.0652801223
0.035427436 -0.0635505158
0.0354259186 -0.0618209843
0.0354244432 -0.0600915259
0.0354230098 -0.0583621384
0.0354216183 -0.0566328199
0.0354202688 -0.0549035682
0.0354189612 -0.0531743814
0.0354176955 -0.0514452573
0.0354164718 -0.049716194
0.0354152901 -0.0479871894
0.0354141502 -0.0462582414
0.0354130523 -0.044529348
0.0354119963 -0.0428005072
0.0354109822 -0.0410717168
0.03541001 -0.039342975
0.0354090797 -0.0376142795
0.0354081913 -0.0358856284
0.0354073448 -0.0341570197
0.0354065401 -0.0324284512
0.0354057774 -0.030699921
0.0354050565 -0.028971427
0.0354043775 -0.0272429671
0.0354037404 -0.0255145393
0.0354031452 -0.0237861416
0.0354025918 -0.0220577719
0.0354020803 -0.0203294282
0.0354016106 -0.0186011085
0.0354011828 -0.0168728106
0.0354007969 -0.0151445326
0.0354004528 -0.0134162724
0.0354001506 -0.011688028
0.0353998902 -0.00995979728
0.0353996717 -0.00823157827
0.035399495 -0.00650336889
0.0353993602 -0.00477516711
0.0353992672 -0.0030469709
0.0353992161 -0.00131877819
0.0353992068 0.000409413035
0.0353992394 0.00213760483
0.0353993138 0.00386579924
0.0353994301 0.0055939983
0.0353995882 0.00732220406
0.0353997882 0.00905041855
0.03540003 0.0107786438
0.0354003137 0.0125068819
0.0354006392 0.0142351349
0.0354010066 0.0159634047
0.0354014159 0.0176916935
0.035401867 0.0194200033
0.0354023599 0.0211483362
0.0354028947 0.0228766941
0.0354034714 0.0246050791
0.03540409 0.0263334933
0.0354047504 0.0280619387
0.0354054527 0.0297904173
0.0354061969 0.0315189312
0.035406983 0.0332474825
0.0354078109 0.0349760732
0.0354086808 0.0367047052
0.0354095925 0.0384333808
0.0354105462 0.0401621018
0.0354115417 0.0418908704
0.0354125791 0.0436196886
0.0354136585 0.0453485584
0.0354147798 0.047077482
0.035415943 0.0488064613
0.0354171481 0.0505354983
0.0354183951 0.0522645952
0.0354196841 0.0539937539
0.0354210151 0.0557229766
0.035422388 0.0574522653
0.0354238028 0.0591816219
0.0354252597 0.0609110487
0.0354267585 0.0626405475
0.0354282992 0.0643701205
0.035429882 0.0660997697
0.0354315067 0.0678294971
0.0354331735 0.0695593049
0.0354348823 0.071289195
0.0354366331 0.0730191695
0.0354384259 0.0747492305
0.0354402607 0.07647938
0.0354421376 0.07820962
0.0354440565 0.0799399527
0.0354460176 0.08167038
0.0354480206 0.083400904
0.0354500658 0.0851315268
0.035452153 0.0868622505
0.0354542824 0.088593077
0.0354564538 0.0903240084
0.0354586674 0.0920550468
0.0354609231 0.0937861943
0.035463221 0.0955174528
0.035465561 0.0972488245
0.0354679432 0.0989803114
0.0354703675 0.100711916
0.035472834 0.102443639
0.0354753428 0.104175484
0.0354778937 0.105907452
0.0354804869 0.107639546
0.0354831223 0.109371768
0.0354857999 0.111104119
0.0354885198 0.112836601
0.035491282 0.114569218
0.0354940865 0.11630197
0.0354969332 0.11803486
0.0354998223 0.11976789
0.0355027537 0.121501063
0.0355057275 0.123234379
0.0355087436 0.124967841
0.0355118021 0.126701452
0.0355149029 0.128435212
0.0355180462 0.130169126
0.0355212319 0.131903193
0.03552446 0.133637417
0.0355277305 0.1353718
0.0355310435 0.137106343
0.035534399 0.138841049
0.035537797 0.14057592
0.0355412375 0.142310957
0.0355447205 0.144046164
0.035548246 0.145781541
0.0355518141 0.147517092
0.0355554248 0.149252817
0.0355590781 0.15098872
0.035562774 0.152724802
0.0355665125 0.154461066
0.0355702937 0.156197513
0.0355741175 0.157934145
0.035577984 0.159670966
0.0355818932 0.161407976
0.0355858451 0.163145177
0.0355898398 0.164882573
0.0355938772 0.166620164
0.0355979574 0.168357954
0.0356020804 0.170095944
0.0356062462 0.171834136
0.0356104548 0.173572532
0.0356147063 0.175311135
0.0356190007 0.177049946
0.035623338 0.178788968
0.0356277182 0.180528202
0.0356321413 0.182267651
0.0356366074 0.184007317
0.0356411164 0.185747203
0.0356456685 0.187487309
0.0356502636 0.189227638
0.0356549017 0.190968193
0.035659583 0.192708975
0.0356643073 0.194449986
0.0356690747 0.196191229
0.0356738852 0.197932706
0.0356787389 0.199674418
0.0356836358 0.201416369
0.0356885759 0.203158559
0.0356935592 0.204900992
0.0356985858 0.206643668
0.0357036557 0.208386591
0.0357087688 0.210129763
0.0357139253 0.211873185
0.0357191252 0.21361686
0.0357243684 0.215360789
0.035729655 0.217104975
0.0357349851 0.218849421
0.0357403586 0.220594127
0.0357457755 0.222339097
0.035751236 0.224084332
0.03575674 0.225829835
0.0357622876 0.227575608
0.0357678788 0.229321652
0.0357735136 0.23106797
0.035779192 0.232814564
0.035784914 0.234561436
0.0357906798 0.236308588
0.0357964893 0.238056023
0.0358023425 0.239803742
0.0358082396 0.241551748
0.0358141804 0.243300043
0.035820165 0.245048629
0.0358261936 0.246797508
0.035832266 0.248546682
0.0358383823 0.250296154
0.0358445426 0.252045925
0.0358507469 0.253795998
0.0358569951 0.255546374
0.0358632875 0.257297057
0.0358696239 0.259048047
0.0358760044 0.260799348
0.035882429 0.262550961
0.0358888978 0.264302889
0.0358954108 0.266055134
0.035901968 0.267807697
0.0359085695 0.269560582
0.0359152152 0.271313789
0.0359219053 0.273067322
0.0359286398 0.274821183
0.0359354186 0.276575373
0.0359422419 0.278329895
0.0359491096 0.280084751
0.0359560218 0.281839944
0.0359629785 0.283595474
0.0359699798 0.285351346
0.0359770257 0.28710756
0.0359841162 0.288864118
0.0359912513 0.290621024
0.0359984311 0.292378279
0.0360056557 0.294135886
0.036012925 0.295893846
0.0360202392 0.297652162
0.0360275981 0.299410836
0.036035002 0.30116987
0.0360424507 0.302929267
0.0360499444 0.304689028
0.036057483 0.306449156
0.0360650667 0.308209653
0.0360726954 0.309970521
0.0360803692 0.311731762
0.0360880882 0.313493379
0.0360958523 0.315255373
0.0361036616 0.317017748
0.0361115161 0.318780504
0.036119416 0.320543645
0.0361273611 0.322307173
0.0361353516 0.324071089
0.0361433875 0.325835397
0.0361514688 0.327600097
0.0361595956 0.329365193
0.0361677679 0.331130687
0.0361759858 0.332896581
0.0361842493 0.334662876
0.0361925584 0.336429576
0.0362009132 0.338196683
0.0362093136 0.339964198
0.0362177599 0.341732125
0.0362262519 0.343500464
0.0362347898 0.345269219
0.0362433736 0.347038392
0.0362520033 0.348807985
0.036260679 0.350578
0.0362694006 0.352348439
0.0362781684 0.354119305
0.0362869822 0.3558906
0.0362958421 0.357662327
0.0363047483 0.359434486
0.0363137007 0.361207082
0.0363226993 0.362980115
0.0363317443 0.364753589
0.0363408356 0.366527505
0.0363499733 0.368301866
0.0363591575 0.370076673
0.0363683881 0.37185193
0.0363776653 0.373627639
0.0363869891 0.375403801
0.0363963595 0.37718042
0.0364057766 0.378957497
0.0364152405 0.380735034
0.0364247511 0.382513035
0.0364343085 0.3842915
0.0364439128 0.386070433
0.036453564 0.387849836
0.0364632621 0.389629711
0.0364730073 0.39141006
0.0364827996 0.393190886
0.0364926389 0.394972191
0.0365025254 0.396753977
0.0365124591 0.398536247
0.03652244 0.400319003
0.0365324683 0.402102247
0.0365425439 0.403885981
0.0365526669 0.405670208
0.0365628374 0.40745493
0.0365730553 0.40924015
0.0365833209 0.411025869
0.036593634 0.41281209
0.0366039948 0.414598816
0.0366144033 0.416386048
0.0366248596 0.41817379
0.0366353636 0.419962043
0.0366459156 0.421750809
0.0366565154 0.423540092
0.0366671633 0.425329893
0.0366778591 0.427120214
0.0366886031 0.428911059
0.0366993951 0.430702429
0.0367102354 0.432494327
0.0367211239 0.434286755
0.0367320607 0.436079716
0.0367430458 0.437873211
0.0367540794 0.439667244
0.0367651614 0.441461816
0.0367762919 0.44325693
0.036787471 0.445052588
0.0367986987 0.446848793
0.0368099751 0.448645547
0.0368213003 0.450442852
0.0368326742 0.452240711
0.036844097 0.454039127
0.0368555687 0.455838101
0.0368670894 0.457637635
0.0368786591 0.459437734
0.0368902779 0.461238398
0.0369019458 0.46303963
0.036913663 0.464841432
0.0369254294 0.466643808
0.0369372451 0.468446758
0.0369491102 0.470250287
0.0369610248 0.472054395
0.0369729889 0.473859087
0.0369850025 0.475664363
0.0369970657 0.477470227
0.0370091787 0.47927668
0.0370213413 0.481083726
0.0370335538 0.482891366
0.0370458162 0.484699603
0.0370581285 0.48650844
0.0370704908 0.488317879
0.0370829031 0.490127923
0.0370953656 0.491938573
0.0371078782 0.493749833
0.0371204411 0.495561704
0.0371330543 0.497374189
0.0371457179 0.499187292
0.0371584319 0.501001013
0.0371711964 0.502815356
0.0371840115 0.504630323
0.0371968773 0.506445916
0.0372097937 0.508262139
0.0372227609 0.510078993
0.0372357789 0.511896481
0.0372488478 0.513714605
0.0372619677 0.515533369
0.0372751387 0.517352773
0.0372883607 0.519172822
0.0373016339 0.520993517
0.0373149584 0.522814861
0.0373283341 0.524636856
0.0373417612 0.526459505
0.0373552398 0.528282811
0.0373687699 0.530106775
0.0373823515 0.531931401
0.0373959848 0.533756691
0.0374096699 0.535582647
0.0374234067 0.537409273
0.0374371954 0.539236569
0.037451036 0.54106454
0.0374649286 0.542893188
0.0374788733 0.544722514
0.0374928702 0.546552523
0.0375069193 0.548383215
0.0375210206 0.550214595
0.0375351744 0.552046663
0.0375493805 0.553879424
0.0375636392 0.555712879
0.0375779505 0.557547031
0.0375923144 0.559381882
0.0376067311 0.561217436
0.0376212006 0.563053694
0.037635723 0.56489066
0.0376502983 0.566728335
0.0376649267 0.568566723
0.0376796081 0.570405826
0.0376943428 0.572245647
0.0377091308 0.574086188
0.037723972 0.575927452
0.0377388667 0.577769441
0.0377538149 0.579612158
0.0377688167 0.581455606
0.0377838721 0.583299788
0.0377989813 0.585144705
0.0378141443 0.58699036
0.0378293611 0.588836757
0.037844632 0.590683898
0.0378599569 0.592531785
0.0378753359 0.594380421
0.0378907691 0.596229809
0.0379062567 0.598079951
0.0379217986 0.59993085
0.0379373949 0.601782509
0.0379530458 0.60363493
0.0379687513 0.605488116
0.0379845115 0.60734207
0.0380003265 0.609196794
0.0380161964 0.611052291
0.0380321212 0.612908563
0.0380481011 0.614765614
0.0380641361 0.616623446
0.0380802262 0.618482062
0.0380963717 0.620341464
0.0381125726 0.622201656
0.0381288289 0.624062639
0.0381451407 0.625924416
0.0381615082 0.627786991
0.0381779315 0.629650366
0.0381944105 0.631514544
0.0382109454 0.633379527
0.0382275363 0.635245318
0.0382441833 0.63711192
0.0382608864 0.638979335
0.0382776458 0.640847567
0.0382944615 0.642716618
0.0383113336 0.644586491
0.0383282623 0.646457188
0.0383452476 0.648328713
0.0383622895 0.650201068
0.0383793883 0.652074256
0.0383965439 0.65394828
0.0384137566 0.655823141
0.0384310262 0.657698845
0.0384483531 0.659575392
0.0384657371 0.661452786
0.0384831786 0.663331029
0.0385006774 0.665210125
0.0385182338 0.667090076
0.0385358478 0.668970886
0.0385535196 0.670852556
0.0385712491 0.672735089
0.0385890366 0.674618489
0.038606882 0.676502759
0.0386247856 0.6783879
0.0386427474 0.680273916
0.0386607674 0.682160811
0.0386788459 0.684048586
0.0386969828 0.685937244
0.0387151784 0.687826789
0.0387334326 0.689717223
0.0387517456 0.691608549
0.0387701175 0.69350077
0.0387885483 0.695393888
0.0388070383 0.697287908
0.0388255874 0.699182831
0.0388441959 0.701078661
0.0388628637 0.702975399
0.038881591 0.704873051
0.0389003779 0.706771617
0.0389192245 0.708671102
0.0389381309 0.710571507
0.0389570972 0.712472836
0.0389761234 0.714375093
0.0389952098 0.716278279
0.0390143564 0.718182397
0.0390335634 0.720087452
0.0390528307 0.721993445
0.0390721586 0.723900379
0.0390915471 0.725808258
0.0391109963 0.727717085
0.0391305064 0.729626861
0.0391500774 0.731537592
0.0391697095 0.733449278
0.0391894028 0.735361924
0.0392091573 0.737275533
0.0392289732 0.739190106
0.0392488507 0.741105648
0.0392687897 0.743022162
0.0392887904 0.744939649
0.039308853 0.746858114
0.0393289775 0.74877756
0.0393491641 0.750697988
0.0393694128 0.752619404
0.0393897238 0.754541808
0.0394100971 0.756465205
0.039430533 0.758389598
0.0394510315 0.760314989
0.0394715927 0.762241382
0.0394922167 0.76416878
0.0395129037 0.766097185
0.0395336538 0.768026602
0.039554467 0.769957032
0.0395753436 0.771888479
0.0395962836 0.773820947
0.0396172871 0.775754437
0.0396383543 0.777688954
0.0396594852 0.7796245
0.03968068 0.781561079
0.0397019388 0.783498694
0.0397232618 0.785437347
0.039744649 0.787377042
0.0397661006 0.789317782
0.0397876167 0.791259571
0.0398091973 0.793202411
0.0398308427 0.795146305
0.039852553 0.797091257
0.0398743282 0.79903727
0.0398961685 0.800984346
0.0399180741 0.80293249
0.039940045 0.804881704
0.0399620814 0.806831992
0.0399841833 0.808783357
0.040006351 0.810735801
0.0400285845 0.812689329
0.040050884 0.814643943
0.0400732496 0.816599646
0.0400956815 0.818556443
0.0401181796 0.820514335
0.0401407443 0.822473327
0.0401633756 0.824433421
0.0401860736 0.826394621
0.0402088385 0.82835693
0.0402316703 0.830320352
0.0402545693 0.832284889
0.0402775356 0.834250545
0.0403005693 0.836217323
0.0403236705 0.838185226
0.0403468393 0.840154258
0.0403700759 0.842124422
0.0403933805 0.844095722
0.0404167531 0.84606816
0.0404401939 0.84804174
0.0404637031 0.850016466
0.0404872807 0.85199234
0.0405109269 0.853969366
0.0405346418 0.855947548
0.0405584256 0.857926888
0.0405822784 0.85990739
0.0406062004 0.861889058
0.0406301916 0.863871894
0.0406542523 0.865855903
0.0406783825 0.867841087
0.0407025825 0.869827451
0.0407268523 0.871814996
0.0407511921 0.873803728
0.040775602 0.875793648
0.0408000822 0.877784761
0.0408246328 0.879777071
0.0408492539 0.88177058
0.0408739458 0.883765291
0.0408987085 0.88576121
0.0409235422 0.887758338
0.040948447 0.889756679
0.0409734231 0.891756237
0.0409984707 0.893757015
0.0410235898 0.895759018
0.0410487806 0.897762247
0.0410740434 0.899766707
0.0410993781 0.901772402
0.041124785 0.903779334
0.0411502642 0.905787508
0.0411758159 0.907796926
0.0412014403 0.909807593
0.0412271374 0.911819512
0.0412529074 0.913832686
0.0412787505 0.915847119
0.0413046668 0.917862815
0.0413306565 0.919879777
0.0413567198 0.921898009
0.0413828568 0.923917514
0.0414090676 0.925938296
0.0414353524 0.927960359
0.0414617114 0.929983705
0.0414881447 0.93200834
0.0415146524 0.934034266
0.0415412348 0.936061487
0.0415678921 0.938090007
0.0415946242 0.940119829
0.0416214315 0.942150958
0.0416483141 0.944183395
0.0416752721 0.946217147
0.0417023057 0.948252215
0.041729415 0.950288604
0.0417566003 0.952326318
0.0417838617 0.954365359
0.0418111993 0.956405733
0.0418386134 0.958447442
0.041866104 0.96049049
0.0418936714 0.962534882
0.0419213157 0.96458062
0.0419490371 0.966627709
0.0419768358 0.968676152
0.0420047119 0.970725953
0.0420326655 0.972777116
0.042060697 0.974829645
0.0420888064 0.976883543
0.0421169938 0.978938814
0.0421452596 0.980995463
0.0421736038 0.983053492
0.0422020266 0.985112906
0.0422305282 0.987173709
0.0422591088 0.989235904
0.0422877686 0.991299496
0.0423165076 0.993364487
0.0423453262 0.995430883
0.0423742244 0.997498686
0.0424032025 0.999567901
0.0424322607 1.00163853
0.042461399 1.00371058
0.0424906177 1.00578406
0.042519917 1.00785896
0.0425492971 1.00993529
0.0425787581 1.01201306
0.0426083002 1.01409227
0.0426379236 1.01617292
0.0426676285 1.01825501
0.0426974151 1.02033856
0.0427272835 1.02242357
0.0427572339 1.02451003
0.0427872666 1.02659796
0.0428173817 1.02868735
0.0428475794 1.03077822
0.0428778599 1.03287055
0.0429082234 1.03496437
0.0429386701 1.03705968
0.0429692001 1.03915647
0.0429998136 1.04125475
0.0430305109 1.04335452
0.0430612922 1.0454558
0.0430921576 1.04755858
0.0431231073 1.04966287
0.0431541415 1.05176867
0.0431852605 1.05387599
0.0432164643 1.05598482
0.0432477533 1.05809518
0.0432791276 1.06020707
0.0433105874 1.06232049
0.0433421329 1.06443545
0.0433737643 1.06655195
0.0434054818 1.06867
0.0434372856 1.07078959
0.043469176 1.07291074
0.043501153 1.07503344
0.043533217 1.07715771
0.0435653681 1.07928355
0.0435976066 1.08141095
0.0436299325 1.08353993
0.0436623463 1.08567049
0.0436948479 1.08780263
0.0437274378 1.08993636
0.043760116 1.09207169
0.0437928828 1.0942086
0.0438257384 1.09634712
0.043858683 1.09848725
0.0438917168 1.10062898
0.04392484 1.10277233
0.0439580529 1.10491729
0.0439913557 1.10706388
0.0440247485 1.10921209
0.0440582316 1.11136194
0.0440918052 1.11351342
0.0441254696 1.11566654
0.0441592249 1.11782131
0.0441930714 1.11997772
0.0442270092 1.12213579
0.0442610387 1.12429552
0.04429516 1.12645691
0.0443293734 1.12861996
0.044363679 1.13078469
0.0443980772 1.13295109
0.0444325681 1.13511917
0.0444671519 1.13728894
0.0445018289 1.1394604
0.0445365993 1.14163355
0.0445714634 1.1438084
0.0446064214 1.14598495
0.0446414734 1.14816321
0.0446766198 1.15034318
0.0447118608 1.15252487
0.0447471965 1.15470828
0.0447826273 1.15689342
0.0448181534 1.15908029
0.044853775 1.16126889
0.0448894923 1.16345923
0.0449253056 1.16565132
0.0449612151 1.16784515
0.0449972211 1.17004075
0.0450333238 1.1722381
0.0450695235 1.17443721
0.0451058203 1.17663809
0.0451422146 1.17884075
0.0451787065 1.18104518
0.0452152963 1.18325139
0.0452519844 1.18545939
0.0452887708 1.18766919
0.0453256559 1.18988078
0.0453626399 1.19209417
0.0453997231 1.19430937
0.0454369057 1.19652638
0.0454741879 1.19874521
0.0455115701 1.20096586
0.0455490524 1.20318833
0.0455866352 1.20541264
0.0456243186 1.20763878
0.045662103 1.20986676
0.0456999886 1.21209659
0.0457379756 1.21432827
0.0457760644 1.2165618
0.0458142551 1.2187972
0.045852548 1.22103446
0.0458909435 1.22327359
0.0459294417 1.22551459
0.045968043 1.22775748
0.0460067475 1.23000225
0.0460455556 1.23224891
0.0460844676 1.23449747
0.0461234836 1.23674793
0.046162604 1.23900029
0.046201829 1.24125457
0.046241159 1.24351076
0.0462805941 1.24576887
0.0463201347 1.24802891
0.046359781 1.25029088
0.0463995334 1.25255479
0.046439392 1.25482063
0.0464793572 1.25708843
0.0465194292 1.25935818
0.0465596083 1.26162988
0.0465998949 1.26390355
0.0466402891 1.26617918
0.0466807913 1.26845679
0.0467214018 1.27073638
0.0467621208 1.27301795
0.0468029486 1.27530151
0.0468438856 1.27758706
0.046884932 1.27987461
0.046926088 1.28216417
0.046967354 1.28445574
0.0470087304 1.28674932
0.0470502172 1.28904492
0.047091815 1.29134256
0.0471335239 1.29364222
0.0471753443 1.29594392
0.0472172765 1.29824766
0.0472593207 1.30055345
0.0473014772 1.3028613
0.0473437464 1.3051712
0.0473861286 1.30748317
0.0474286241 1.30979721
0.0474712331 1.31211332
0.047513956 1.31443152
0.0475567931 1.3167518
0.0475997447 1.31907417
0.047642811 1.32139864
0.0476859926 1.32372522
0.0477292895 1.3260539
0.0477727022 1.3283847
0.0478162309 1.33071762
0.047859876 1.33305267
0.0479036378 1.33538985
0.0479475166 1.33772916
0.0479915127 1.34007062
0.0480356265 1.34241423
0.0480798583 1.34475999
0.0481242083 1.34710792
0.048168677 1.349458
0.0482132646 1.35181027
0.0482579715 1.3541647
0.048302798 1.35652133
0.0483477444 1.35888014
0.0483928111 1.36124115
0.0484379984 1.36360435
0.0484833066 1.36596977
0.0485287361 1.3683374
0.0485742871 1.37070724
0.0486199602 1.37307932
0.0486657555 1.37545362
0.0487116734 1.37783016
0.0487577142 1.38020894
0.0488038784 1.38258997
0.0488501662 1.38497326
0.0488965781 1.38735881
0.0489431142 1.38974662
0.0489897751 1.39213671
0.049036561 1.39452907
0.0490834722 1.39692372
0.0491305093 1.39932066
0.0491776724 1.4017199
0.049224962 1.40412145
0.0492723784 1.4065253
0.0493199219 1.40893147
0.049367593 1.41133996
0.049415392 1.41375078
0.0494633192 1.41616393
0.049511375 1.41857942
0.0495595598 1.42099726
0.049607874 1.42341746
0.0496563179 1.42584001
0.0497048919 1.42826493
0.0497535963 1.43069223
0.0498024316 1.4331219
0.049851398 1.43555396
0.0499004961 1.43798841
0.0499497261 1.44042525
0.0499990884 1.4428645
0.0500485835 1.44530617
0.0500982116 1.44775024
0.0501479733 1.45019675
0.0501978688 1.45264568
0.0502478986 1.45509705
0.050298063 1.45755087
0.0503483624 1.46000713
0.0503987973 1.46246585
0.050449368 1.46492703
0.0505000749 1.46739069
0.0505509184 1.46985682
0.0506018989 1.47232543
0.0506530168 1.47479654
0.0507042725 1.47727014
0.0507556664 1.47974624
0.0508071989 1.48222485
0.0508588705 1.48470598
0.0509106814 1.48718964
0.0509626322 1.48967582
0.0510147233 1.49216454
0.051066955 1.49465581
0.0511193277 1.49714963
0.051171842 1.499646
0.0512244981 1.50214494
0.0512772966 1.50464645
0.0513302378 1.50715054
0.0513833222 1.50965722
0.0514365501 1.51216649
0.0514899221 1.51467836
0.0515434385 1.51719283
0.0515970998 1.51970992
0.0516509064 1.52222963
0.0517048587 1.52475196
0.0517589572 1.52727694
0.0518132023 1.52980455
0.0518675944 1.53233481
0.051922134 1.53486773
0.0519768215 1.53740332
0.0520316574 1.53994157
0.0520866421 1.5424825
0.0521417761 1.54502612
0.0521970598 1.54757243
0.0522524936 1.55012144
0.0523080781 1.55267316
0.0523638136 1.55522759
0.0524197007 1.55778474
0.0524757397 1.56034463
0.0525319311 1.56290725
0.0525882755 1.56547261
0.0526447733 1.56804073
0.0527014248 1.57061161
0.0527582307 1.57318525
0.0528151913 1.57576167
0.0528723072 1.57834086
0.0529295788 1.58092285
0.0529870066 1.58350764
0.0530445911 1.58609523
0.0531023327 1.58868563
0.0531602319 1.59127885
0.0532182893 1.5938749
0.0532765052 1.59647379
0.0533348803 1.59907552
0.0533934149 1.60168009
0.0534521096 1.60428753
0.0535109648 1.60689784
0.0535699811 1.60951102
0.053629159 1.61212708
0.0536884989 1.61474603
0.0537480014 1.61736788
0.0538076669 1.61999263
0.053867496 1.6226203
0.0539274892 1.62525089
0.0539876469 1.62788441
0.0540479698 1.63052087
0.0541084583 1.63316027
0.0541691129 1.63580263
0.0542299341 1.63844795
0.0542909226 1.64109624
0.0543520787 1.64374751
0.054413403 1.64640177
0.0544748961 1.64905902
0.0545365585 1.65171927
0.0545983906 1.65438254
0.0546603932 1.65704882
0.0547225666 1.65971814
0.0547849114 1.66239049
0.0548474282 1.66506588
0.0549101174 1.66774433
0.0549729798 1.67042584
0.0550360157 1.67311041
0.0550992258 1.67579807
0.0551626106 1.67848881
0.0552261706 1.68118265
0.0552899065 1.6838796
0.0553538187 1.68657965
0.0554179079 1.68928283
0.0554821746 1.69198914
0.0555466194 1.69469858
0.0556112428 1.69741117
0.0556760454 1.70012692
0.0557410278 1.70284583
0.0558061905 1.70556792
0.0558715342 1.70829319
0.0559370594 1.71102165
0.0560027668 1.71375331
0.0560686568 1.71648818
0.0561347301 1.71922626
0.0562009873 1.72196757
0.056267429 1.72471212
0.0563340557 1.72745992
0.0564008681 1.73021096
0.0564678668 1.73296527
0.0565350524 1.73572285
0.0566024254 1.73848372
0.0566699865 1.74124787
0.0567377364 1.74401532
0.0568056755 1.74678608
0.0568738047 1.74956016
0.0569421243 1.75233756
0.0570106352 1.7551183
0.0570793378 1.75790239
0.0571482329 1.76068983
0.0572173211 1.76348064
0.057286603 1.76627482
0.0573560792 1.76907238
0.0574257504 1.77187334
0.0574956172 1.7746777
0.0575656803 1.77748547
0.0576359403 1.78029666
0.0577063979 1.78311128
0.0577770537 1.78592935
0.0578479084 1.78875086
0.0579189627 1.79157583
0.0579902171 1.79440428
0.0580616724 1.7972362
0.0581333292 1.80007161
0.0582051883 1.80291052
0.0582772502 1.80575294
0.0583495157 1.80859888
0.0584219854 1.81144835
0.0584946601 1.81430136
0.0585675403 1.81715792
0.0586406269 1.82001803
0.0587139205 1.82288172
0.0587874217 1.82574898
0.0588611313 1.82861983
0.05893505 1.83149429
0.0590091786 1.83437235
0.0590835176 1.83725403
0.0591580678 1.84013934
0.0592328299 1.84302829
0.0593078047 1.8459209
0.0593829929 1.84881716
0.0594583951 1.85171709
0.0595340121 1.85462071
0.0596098447 1.85752802
0.0596858936 1.86043904
0.0597621595 1.86335376
0.0598386431 1.86627221
0.0599153452 1.8691944
0.0599922666 1.87212033
0.060069408 1.87505002
0.0601467701 1.87798347
0.0602243537 1.8809207
0.0603021596 1.88386172
0.0603801885 1.88680654
0.0604584412 1.88975517
0.0605369185 1.89270762
0.0606156211 1.89566391
0.0606945499 1.89862403
0.0607737055 1.90158801
0.0608530888 1.90455586
0.0609327006 1.90752758
0.0610125416 1.91050319
0.0610926127 1.9134827
0.0611729147 1.91646612
0.0612534483 1.91945346
0.0613342144 1.92244473
0.0614152137 1.92543994
0.0614964472 1.92843911
0.0615779155 1.93144225
0.0616596196 1.93444937
0.0617415602 1.93746047
0.0618237383 1.94047558
0.0619061545 1.94349469
0.0619888097 1.94651784
0.0620717049 1.94954502
0.0621548408 1.95257624
0.0622382182 1.95561153
0.0623218381 1.95865089
0.0624057013 1.96169433
0.0624898086 1.96474186
0.062574161 1.9677935
0.0626587592 1.97084927
0.0627436041 1.97390916
0.0628286967 1.97697319
0.0629140378 1.98004138
0.0629996282 1.98311374
0.063085469 1.98619028
0.0631715609 1.989271
0.0632579048 1.99235593
0.0633445017 1.99544508
0.0634313525 1.99853846
0.0635184581 2.00163607
0.0636058193 2.00473794
0.0636934371 2.00784408
0.0637813125 2.01095449
0.0638694463 2.0140692
0.0639578395 2.0171882
0.0640464929 2.02031153
0.0641354077 2.02343918
0.0642245846 2.02657117
0.0643140247 2.02970752
0.0644037288 2.03284824
0.064493698 2.03599333
0.0645839332 2.03914282
0.0646744354 2.04229671
0.0647652055 2.04545503
0.0648562446 2.04861777
0.0649475535 2.05178496
0.0650391333 2.05495661
0.065130985 2.05813273
0.0652231095 2.06131334
0.0653155079 2.06449844
0.0654081811 2.06768805
0.0655011302 2.07088219
0.0655943562 2.07408087
0.0656878601 2.0772841
0.0657816429 2.0804919
0.0658757056 2.08370427
0.0659700493 2.08692124
0.066064675 2.09014281
0.0661595838 2.093369
0.0662547766 2.09659983
0.0663502546 2.09983531
0.0664460188 2.10307544
0.0665420702 2.10632025
0.06663841 2.10956976
0.0667350392 2.11282396
0.0668319588 2.11608289
0.06692917 2.11934654
0.0670266739 2.12261495
0.0671244715 2.12588811
0.0672225639 2.12916605
0.0673209522 2.13244878
0.0674196376 2.13573631
0.0675186211 2.13902866
0.067617904 2.14232584
0.0677174872 2.14562787
0.0678173719 2.14893476
0.0679175593 2.15224653
0.0680180505 2.15556319
0.0681188466 2.15888476
0.0682199489 2.16221124
0.0683213584 2.16554267
0.0684230763 2.16887904
0.0685251038 2.17222039
0.068627442 2.17556671
0.0687300922 2.17891803
0.0688330556 2.18227436
0.0689363332 2.18563572
0.0690399263 2.18900212
0.0691438362 2.19237358
0.069248064 2.19575011
0.069352611 2.19913173
0.0694574783 2.20251845
0.0695626671 2.2059103
0.0696681789 2.20930728
0.0697740146 2.21270941
0.0698801757 2.21611671
0.0699866633 2.21952919
0.0700934788 2.22294687
0.0702006233 2.22636977
0.0703080982 2.22979789
0.0704159047 2.23323127
0.0705240441 2.2366699
0.0706325177 2.24011382
0.0707413268 2.24356303
0.0708504727 2.24701756
0.0709599567 2.25047741
0.0710697801 2.25394261
0.0711799442 2.25741317
0.0712904504 2.26088911
0.0714013 2.26437044
0.0715124944 2.26785719
0.0716240348 2.27134936
0.0717359227 2.27484698
0.0718481594 2.27835006
0.0719607463 2.28185863
0.0720736847 2.28537268
0.0721869761 2.28889226
0.0723006218 2.29241736
0.0724146232 2.29594801
0.0725289817 2.29948423
0.0726436987 2.30302603
0.0727587757 2.30657343
0.0728742141 2.31012644
0.0729900153 2.3136851
0.0731061807 2.31724941
0.0732227119 2.32081938
0.0733396101 2.32439505
0.073456877 2.32797643
0.073574514 2.33156352
0.0736925225 2.33515637
0.0738109041 2.33875497
0.0739296602 2.34235935
0.0740487923 2.34596953
0.0741683019 2.34958553
0.0742881906 2.35320736
0.0744084599 2.35683504
0.0745291113 2.3604686
0.0746501463 2.36410804
0.0747715665 2.36775339
0.0748933735 2.37140467
0.0750155688 2.3750619
0.0751381539 2.37872509
0.0752611305 2.38239427
0.0753845001 2.38606945
0.0755082644 2.38975065
0.0756324248 2.3934379
0.0757569832 2.3971312
0.075881941 2.40083059
0.0760072999 2.40453608
0.0761330615 2.40824768
0.0762592275 2.41196543
0.0763857996 2.41568933
0.0765127793 2.41941942
0.0766401684 2.4231557
0.0767679686 2.4268982
0.0768961814 2.43064694
0.0770248087 2.43440194
0.0771538522 2.43816321
0.0772833135 2.44193079
0.0774131943 2.44570469
0.0775434965 2.44948492
0.0776742217 2.45327152
0.0778053718 2.4570645
0.0779369484 2.46086388
0.0780689533 2.46466968
0.0782013883 2.46848193
0.0783342553 2.47230065
0.0784675559 2.47612584
0.0786012921 2.47995755
0.0787354656 2.48379578
0.0788700782 2.48764057
0.0790051319 2.49149192
0.0791406284 2.49534987
0.0792765695 2.49921443
0.0794129573 2.50308563
0.0795497935 2.50696348
0.07968708 2.51084802
0.0798248187 2.51473925
0.0799630116 2.51863721
0.0801016605 2.52254192
0.0802407674 2.52645339
0.0803803342 2.53037166
0.0805203629 2.53429673
0.0806608554 2.53822864
0.0808018137 2.54216741
0.0809432398 2.54611306
0.0810851357 2.55006561
0.0812275033 2.55402509
0.0813703447 2.55799152
0.0815136619 2.56196492
0.0816574569 2.56594532
0.0818017318 2.56993274
0.0819464887 2.57392719
0.0820917296 2.57792872
0.0822374566 2.58193733
0.0823836717 2.58595306
0.0825303772 2.58997592
0.082677575 2.59400595
0.0828252674 2.59804316
0.0829734564 2.60208757
0.0831221443 2.60613923
0.0832713331 2.61019813
0.083421025 2.61426433
0.0835712223 2.61833782
0.0837219272 2.62241865
0.0838731417 2.62650684
0.0840248682 2.6306024
0.0841771089 2.63470537
0.0843298661 2.63881578
0.0844831419 2.64293363
0.0846369387 2.64705897
0.0847912587 2.65119182
0.0849461043 2.6553322
0.0851014778 2.65948013
0.0852573814 2.66363565
0.0854138176 2.66779878
0.0855707886 2.67196955
0.0857282968 2.67614797
0.0858863447 2.68033409
0.0860449345 2.68452792
0.0862040687 2.68872948
0.0863637497 2.69293882
0.0865239799 2.69715595
0.0866847619 2.7013809
0.0868460979 2.7056137
0.0870079906 2.70985437
0.0871704423 2.71410294
0.0873334556 2.71835944
0.087497033 2.7226239
0.087661177 2.72689634
0.0878258902 2.73117679
0.0879911751 2.73546529
0.0881570343 2.73976185
0.0883234704 2.7440665
0.088490486 2.74837928
0.0886580836 2.7527002
0.0888262659 2.75702931
0.0889950356 2.76136663
0.0891643954 2.76571218
0.0893343478 2.770066
0.0895048956 2.77442811
0.0896760415 2.77879855
0.0898477882 2.78317734
0.0900201385 2.78756451
0.0901930951 2.7919601
0.0903666607 2.79636412
0.0905408382 2.80077661
0.0907156303 2.80519761
0.09089104 2.80962714
0.0910670699 2.81406522
0.091243723 2.8185119
0.0914210022 2.8229672
0.0915989102 2.82743115
0.09177745 2.83190378
0.0919566246 2.83638513
0.0921364369 2.84087522
0.0923168897 2.84537409
0.0924979862 2.84988176
0.0926797292 2.85439827
0.0928621218 2.85892365
0.093045167 2.86345793
0.0932288678 2.86800114
0.0934132274 2.87255332
0.0935982487 2.8771145
0.0937839348 2.8816847
0.093970289 2.88626397
0.0941573142 2.89085233
0.0943450138 2.89544981
0.0945333907 2.90005646
0.0947224483 2.9046723
0.0949121897 2.90929737
0.0951026181 2.91393169
0.0952937368 2.91857531
0.0954855491 2.92322826
0.0956780582 2.92789056
0.0958712674 2.93256226
0.0960651802 2.93724339
0.0962597997 2.94193398
0.0964551294 2.94663407
0.0966511726 2.95134369
0.0968479329 2.95606287
0.0970454135 2.96079166
0.0972436179 2.96553009
0.0974425496 2.97027818
0.0976422121 2.97503599
0.0978426089 2.97980353
0.0980437436 2.98458086
0.0982456196 2.989368
0.0984482405 2.99416499
0.09865161 2.99897187
0.0988557317 3.00378867
0.0990606091 3.00861543
0.099266246 3.01345219
0.0994726461 3.01829899
0.099679813 3.02315585
0.0998877504 3.02802283
0.100096462 3.03289995
0.100305952 3.03778725
0.100516224 3.04268478
0.100727282 3.04759257
0.100939129 3.05251065
0.101151769 3.05743907
0.101365207 3.06237787
0.101579446 3.06732708
0.101794491 3.07228675
0.102010344 3.07725691
0.102227011 3.0822376
0.102444495 3.08722886
0.1026628 3.09223073
0.10288193 3.09724326
0.10310189 3.10226648
0.103322683 3.10730043
0.103544314 3.11234515
0.103766786 3.11740069
0.103990105 3.12246708
0.104214274 3.12754437
0.104439297 3.13263259
0.104665179 3.13773179
0.104891924 3.14284202
0.105119537 3.14796331
0.105348021 3.1530957
0.105577382 3.15823924
0.105807623 3.16339397
0.106038748 3.16855994
0.106270764 3.17373718
0.106503673 3.17892574
0.106737481 3.18412566
0.106972192 3.189337
0.10720781 3.19455978
0.107444341 3.19979406
0.107681789 3.20503987
0.107920158 3.21029728
0.108159453 3.21556631
0.10839968 3.22084702
0.108640842 3.22613944
0.108882945 3.23144363
0.109125993 3.23675964
0.109369992 3.2420875
0.109614945 3.24742726
0.109860859 3.25277898
0.110107738 3.25814269
0.110355587 3.26351845
0.11060441 3.26890629
0.110854214 3.27430628
0.111105003 3.27971845
0.111356783 3.28514286
0.111609558 3.29057955
0.111863333 3.29602857
0.112118114 3.30148997
0.112373907 3.30696381
0.112630716 3.31245011
0.112888546 3.31794895
0.113147404 3.32346037
0.113407294 3.32898441
0.113668222 3.33452113
0.113930194 3.34007058
0.114193214 3.34563281
0.114457289 3.35120787
0.114722424 3.35679581
0.114988625 3.36239668
0.115255897 3.36801054
0.115524245 3.37363744
0.115793677 3.37927742
0.116064197 3.38493055
0.116335811 3.39059688
0.116608526 3.39627646
0.116882346 3.40196933
0.117157279 3.40767557
0.117433329 3.41339521
0.117710504 3.41912832
0.117988808 3.42487495
0.118268248 3.43063516
0.118548831 3.436409
0.118830562 3.44219652
0.119113448 3.44799778
0.119397494 3.45381284
0.119682708 3.45964176
0.119969095 3.46548459
0.120256662 3.47134138
0.120545415 3.47721221
0.120835361 3.48309711
0.121126506 3.48899616
0.121418857 3.49490941
0.121712421 3.50083692
0.122007204 3.50677875
0.122303213 3.51273495
0.122600454 3.51870559
0.122898934 3.52469073
0.123198661 3.53069043
0.123499641 3.53670475
0.123801881 3.54273374
0.124105388 3.54877748
0.12441017 3.55483601
0.124716232 3.56090942
0.125023583 3.56699774
0.125332229 3.57310106
0.125642178 3.57921944
0.125953437 3.58535292
0.126266013 3.59150159
0.126579914 3.5976655
0.126895147 3.60384472
0.12721172 3.61003932
0.12752964 3.61624935
0.127848915 3.62247489
0.128169553 3.62871599
0.128491561 3.63497274
0.128814946 3.64124518
0.129139718 3.6475334
0.129465883 3.65383746
0.12979345 3.66015742
0.130122427 3.66649335
0.130452821 3.67284533
0.130784641 3.67921342
0.131117895 3.68559769
0.131452591 3.69199821
0.131788738 3.69841505
0.132126344 3.70484829
0.132465416 3.71129798
0.132805965 3.71776422
0.133147998 3.72424705
0.133491523 3.73074657
0.13383655 3.73726283
0.134183088 3.74379592
0.134531144 3.75034591
0.134880728 3.75691287
0.135231849 3.76349687
0.135584516 3.770098
0.135938737 3.77671632
0.136294523 3.78335191
0.136651881 3.79000486
0.137010822 3.79667522
0.137371354 3.80336309
0.137733488 3.81006853
0.138097232 3.81679163
0.138462596 3.82353247
0.13882959 3.83029112
0.139198223 3.83706766
0.139568505 3.84386218
0.139940446 3.85067475
0.140314055 3.85750545
0.140689344 3.86435437
0.141066321 3.87122159
0.141444997 3.87810718
0.141825382 3.88501124
0.142207487 3.89193384
0.142591321 3.89887507
0.142976895 3.90583501
0.14336422 3.91281375
0.143753307 3.91981138
0.144144165 3.92682797
0.144536805 3.93386361
0.14493124 3.9409184
0.145327478 3.94799241
0.145725532 3.95508575
0.146125413 3.96219848
0.146527131 3.96933071
0.146930698 3.97648253
0.147336126 3.98365401
0.147743425 3.99084526
0.148152607 3.99805636
0.148563684 4.00528741
0.148976668 4.0125385
0.14939157 4.01980972
0.149808402 4.02710116
0.150227176 4.03441293
0.150647905 4.0417451
0.1510706 4.04909778
0.151495274 4.05647107
0.151921938 4.06386505
0.152350607 4.07127983
0.152781291 4.07871551
0.153214004 4.08617218
0.153648759 4.09364994
0.154085568 4.10114889
0.154524444 4.10866912
0.1549654 4.11621075
0.155408451 4.12377387
0.155853608 4.13135859
0.156300885 4.138965
0.156750295 4.14659321
0.157201853 4.15424332
0.157655572 4.16191544
0.158111466 4.16960967
0.158569549 4.17732612
0.159029834 4.1850649
0.159492336 4.1928261
0.15995707 4.20060985
0.160424049 4.20841624
0.160893288 4.21624539
0.161364802 4.22409741
0.161838605 4.2319724
0.162314713 4.23987049
0.162793139 4.24779178
0.163273901 4.25573637
0.163757012 4.2637044
0.164242488 4.27169597
0.164730344 4.27971119
0.165220596 4.28775019
0.165713261 4.29581308
0.166208353 4.30389997
0.166705889 4.31201099
0.167205885 4.32014624
0.167708356 4.32830587
0.168213321 4.33648997
0.168720794 4.34469868
0.169230794 4.35293211
0.169743336 4.36119039
0.170258437 4.36947365
0.170776116 4.377782
0.171296388 4.38611557
0.171819271 4.39447449
0.172344784 4.40285889
0.172872943 4.41126889
0.173403767 4.41970462
0.173937273 4.42816621
0.17447348 4.43665379
0.175012406 4.44516749
0.17555407 4.45370745
0.176098489 4.4622738
0.176645684 4.47086667
0.177195672 4.47948619
0.177748473 4.48813251
0.178304107 4.49680575
0.178862592 4.50550606
0.179423948 4.51423358
0.179988196 4.52298844
0.180555355 4.53177079
0.181125445 4.54058076
0.181698486 4.5494185
0.1822745 4.55828415
0.182853506 4.56717786
0.183435526 4.57609977
0.184020581 4.58505003
0.184608691 4.59402879
0.185199879 4.60303619
0.185794165 4.61207238
0.186391572 4.62113752
0.186992122 4.63023175
0.187595837 4.63935523
0.188202739 4.64850811
0.188812851 4.65769055
0.189426196 4.6669027
0.190042796 4.67614473
0.190662675 4.68541678
0.191285856 4.69471901
0.191912363 4.7040516
0.19254222 4.71341469
0.193175451 4.72280846
0.19381208 4.73223306
0.194452131 4.74168866
0.19509563 4.75117542
0.195742601 4.76069353
0.196393069 4.77024313
0.19704706 4.77982441
0.1977046 4.78943752
0.198365714 4.79908266
0.199030428 4.80875998
0.19969877 4.81846967
0.200370764 4.8282119
0.201046439 4.83798684
0.201725822 4.84779468
0.202408939 4.8576356
0.203095818 4.86750977
0.203786488 4.87741739
0.204480976 4.88735863
0.205179311 4.89733367
0.205881521 4.90734271
0.206587636 4.91738594
0.207297684 4.92746354
0.208011695 4.9375757
0.2087297 4.94772262
0.209451727 4.95790449
0.210177807 4.9681215
0.210907971 4.97837386
0.21164225 4.98866176
0.212380675 4.99898539
0.213123278 5.00934497
0.21387009 5.01974069
0.214621143 5.03017276
0.215376471 5.04064138
0.216136105 5.05114677
0.216900079 5.06168912
0.217668426 5.07226865
0.21844118 5.08288557
0.219218375 5.09354011
0.220000046 5.10423246
0.220786226 5.11496285
0.221576952 5.1257315
0.222372258 5.13653862
0.223172181 5.14738445
0.223976756 5.15826919
0.22478602 5.16919309
0.225600011 5.18015637
0.226418764 5.19115925
0.227242317 5.20220196
0.22807071 5.21328475
0.228903979 5.22440784
0.229742164 5.23557146
0.230585304 5.24677587
0.231433439 5.2580213
0.232286607 5.26930798
0.23314485 5.28063618
0.234008209 5.29200612
0.234876724 5.30341806
0.235750437 5.31487225
0.23662939 5.32636894
0.237513625 5.33790838
0.238403186 5.34949083
0.239298116 5.36111655
0.240198458 5.37278581
0.241104256 5.38449885
0.242015556 5.39625594
0.242932403 5.40805736
0.243854841 5.41990337
0.244782918 5.43179423
0.245716679 5.44373024
0.246656173 5.45571165
0.247601445 5.46773875
0.248552545 5.47981181
0.249509521 5.49193113
0.250472422 5.50409697
0.251441297 5.51630964
0.252416197 5.52856942
0.253397173 5.5408766
0.254384275 5.55323148
0.255377556 5.56563435
0.256377067 5.57808551
0.257382862 5.59058526
0.258394994 5.60313391
0.259413517 5.61573176
0.260438486 5.62837913
0.261469956 5.64107632
0.262507982 5.65382366
0.263552622 5.66662145
0.264603931 5.67947001
0.265661969 5.69236968
0.266726792 5.70532077
0.267798461 5.71832362
0.268877034 5.73137855
0.269962572 5.7444859
0.271055136 5.75764601
0.272154788 5.77085921
0.27326159 5.78412585
0.274375604 5.79744628
0.275496894 5.81082084
0.276625526 5.82424988
0.277761564 5.83773377
0.278905073 5.85127285
0.280056121 5.8648675
0.281214776 5.87851806
0.282381104 5.89222492
0.283555175 5.90598844
0.28473706 5.919809
0.285926827 5.93368698
0.28712455 5.94762275
0.288330299 5.9616167
0.289544148 5.97566922
0.290766171 5.98978069
0.291996442 6.00395153
0.293235038 6.01818211
0.294482034 6.03247286
0.295737507 6.04682416
0.297001537 6.06123643
0.298274203 6.07571009
0.299555584 6.09024555
0.300845761 6.10484324
0.302144817 6.11950356
0.303452835 6.13422697
0.304769899 6.14901388
0.306096093 6.16386474
0.307431505 6.17877999
0.30877622 6.19376007
0.310130327 6.20880542
0.311493915 6.22391651
0.312867076 6.2390938
0.314249899 6.25433773
0.315642477 6.26964879
0.317044905 6.28502743
0.318457277 6.30047415
0.319879688 6.3159894
0.321312237 6.33157369
0.322755021 6.3472275
0.32420814 6.36295132
0.325671695 6.37874565
0.327145787 6.39461099
0.328630521 6.41054786
0.330126001 6.42655676
0.331632333 6.44263822
0.333149624 6.45879275
0.334677983 6.47502089
0.33621752 6.49132317
0.337768346 6.50770013
0.339330575 6.52415231
0.34090432 6.54068026
0.342489698 6.55728454
0.344086825 6.5739657
0.345695821 6.59072432
0.347316806 6.60756096
0.348949901 6.6244762
0.350595231 6.64147063
0.35225292 6.65854483
0.353923096 6.6756994
0.355605886 6.69293495
0.357301421 6.71025207
0.359009833 6.72765139
0.360731255 6.74513351
0.362465823 6.76269908
0.364213673 6.78034871
0.365974946 6.79808306
0.367749781 6.81590276
0.369538323 6.83380846
0.371340714 6.85180084
0.373157103 6.86988055
0.374987638 6.88804826
0.37683247 6.90630467
0.378691751 6.92465044
0.380565636 6.94308629
0.382454283 6.96161291
0.384357851 6.98023101
0.386276501 6.9989413
0.388210397 7.01774452
0.390159704 7.0366414
0.392124592 7.05563267
0.394105231 7.07471908
0.396101794 7.0939014
0.398114457 7.11318038
0.400143397 7.1325568
0.402188796 7.15203143
0.404250835 7.17160508
0.406329702 7.19127854
0.408425585 7.21105261
0.410538675 7.23092812
0.412669166 7.25090589
0.414817254 7.27098674
0.41698314 7.29117154
0.419167025 7.31146113
0.421369117 7.33185637
0.423589622 7.35235814
0.425828754 7.37296731
0.428086726 7.39368479
0.430363757 7.41451148
0.432660069 7.43544828
0.434975885 7.45649613
0.437311434 7.47765595
0.439666948 7.4989287
0.442042661 7.52031532
0.444438812 7.54181679
0.446855644 7.56343408
0.449293402 7.58516819
0.451752335 7.6070201
0.454232699 7.62899085
0.45673475 7.65108145
0.45925875 7.67329294
0.461804964 7.69562637
0.464373662 7.7180828
0.46696512 7.74066331
0.469579614 7.76336898
0.472217428 7.78620091
0.474878849 7.80916023
0.477564169 7.83224805
0.480273685 7.85546552
0.483007699 7.8788138
0.485766516 7.90229405
0.488550449 7.92590745
0.491359813 7.94965521
0.49419493 7.97353854
0.497056127 7.99755867
0.499943737 8.02171683
0.502858097 8.0460143
0.505799551 8.07045234
0.508768447 8.09503225
0.511765142 8.11975533
0.514789996 8.14462291
0.517843376 8.16963633
0.520925656 8.19479694
0.524037216 8.22010613
0.527178442 8.24556528
0.530349727 8.27117581
0.533551471 8.29693915
0.53678408 8.32285674
0.54004797 8.34893006
0.54334356 8.37516058
0.54667128 8.40154982
0.550031565 8.4280993
0.55342486 8.45481057
0.556851617 8.4816852
0.560312295 8.50872477
0.563807363 8.53593089
0.567337297 8.56330519
0.570902583 8.59084934
0.574503716 8.61856499
0.578141198 8.64645386
0.581815543 8.67451766
0.585527273 8.70275813
0.589276919 8.73117706
0.593065023 8.75977623
0.596892138 8.78855747
0.600758827 8.81752261
0.604665661 8.84667353
0.608613226 8.87601213
0.612602116 8.90554032
0.61663294 8.93526007
0.620706314 8.96517335
0.624822871 8.99528217
0.628983253 9.02558857
0.633188115 9.05609461
0.637438126 9.08680239
0.641733969 9.11771403
0.646076338 9.1488317
0.650465944 9.18015758
0.65490351 9.2116939
0.659389775 9.24344292
0.663925492 9.27540692
0.668511431 9.30758822
0.673148377 9.33998919
0.67783713 9.37261222
0.68257851 9.40545973
0.687373352 9.43853421
0.692222508 9.47183815
0.697126849 9.5053741
0.702087265 9.53914464
0.707104665 9.5731524
0.712179977 9.60740004
0.717314149 9.64189028
0.722508152 9.67662585
0.727762975 9.71160955
0.733079631 9.74684423
0.738459156 9.78233276
0.743902607 9.81807808
0.749411067 9.85408316
0.754985643 9.89035103
0.760627466 9.92688476
0.766337694 9.96368748
0.772117512 10.0007624
0.777968133 10.0381127
0.783890797 10.0757416
0.789886773 10.1136526
0.795957363 10.151849
0.802103897 10.1903343
0.808327739 10.2291119
0.814630284 10.2681855
0.821012962 10.3075587
0.82747724 10.3472352
0.834024618 10.3872187
0.840656635 10.4275131
0.84737487 10.4681222
0.854180938 10.5090501
0.861076498 10.5503007
0.868063252 10.5918782
0.875142944 10.6337867
0.882317364 10.6760304
0.889588349 10.7186139
0.896957784 10.7615413
0.904427606 10.8048173
0.911999801 10.8484463
0.919676411 10.8924331
0.927459533 10.9367824
0.93535132 10.981499
0.943353986 11.0265879
0.951469807 11.072054
0.959701122 11.1179026
0.968050336 11.1641387
0.976519925 11.2107678
0.985112433 11.2577952
0.993830481 11.3052264
1.00267676 11.3530671
1.01165406 11.401323
1.02076522 11.4500001
1.0300132 11.4991042
1.03940103 11.5486414
1.04893183 11.598618
1.05860884 11.6490403
1.06843536 11.6999148
1.07841484 11.751248
1.08855081 11.8030469
1.09884691 11.8553181
1.10930693 11.9080687
1.11993474 11.961306
1.13073438 12.0150373
1.14170998 12.0692699
1.15286586 12.1240117
1.16420645 12.1792703
1.17573633 12.2350538
1.18746027 12.2913702
1.19938318 12.3482281
1.21151014 12.4056358
1.22384644 12.463602
1.23639754 12.5221357
1.2491691 12.581246
1.26216699 12.6409421
1.2753973 12.7012336
1.28886637 12.7621301
1.30258074 12.8236417
1.31654723 12.8857785
1.33077293 12.9485509
1.34526519 13.0119696
1.36003168 13.0760454
1.37508034 13.1407895
1.39041947 13.2062134
1.40605769 13.2723286
1.422004 13.3391472
1.43826777 13.4066813
1.45485876 13.4749435
1.47178717 13.5439466
1.48906365 13.6137037
1.50669929 13.6842282
1.52470571 13.7555338
1.54309504 13.8276346
1.56187999 13.900545
1.58107385 13.9742797
1.60069051 14.0488538
1.62074457 14.1242826
1.64125131 14.2005818
1.66222675 14.2777677
1.68368771 14.3558566
1.70565189 14.4348654
1.72813782 14.5148112
1.75116505 14.5957116
1.77475411 14.6775845
1.79892663 14.7604481
1.82370538 14.844321
1.84911438 14.9292221
1.87517895 15.0151708
1.90192582 15.1021866
1.92938322 15.1902893
1.95758097 15.279499
1.98655061 15.3698362
2.01632551 15.4613213
2.04694101 15.5539751
2.07843451 15.6478183
2.11084569 15.7428717
2.1442166 15.8391561
2.17859188 15.936692
2.2140189 16.0354999
2.25054797 16.1355996
2.28823257 16.2370106
2.32712951 16.3397515
2.36729922 16.4438402
2.40880593 16.5492931
2.451718 16.6561254
2.49610811 16.7643505
2.54205357 16.8739796
2.58963659 16.9850212
2.63894457 17.097481
2.69007033 17.2113606
2.74311245 17.3266576
2.79817544 17.4433644
2.85536999 17.5614673
2.91481312 17.6809457
2.97662829 17.8017708
3.04094539 17.9239043
3.10790063 18.0472974
3.1776363 18.1718884
3.25030023 18.2976014
3.32604511 18.4243445
3.40502743 18.552007
3.48740601 18.6804577
3.57334011 18.8095423
3.66298695 18.9390806
3.75649852 19.0688646
3.85401767 19.1986556
3.95567333 19.3281823
4.06157481 19.4571394
4.17180508 19.5851867
4.28641307 19.711949
4.4054052 19.837018
4.52873605 19.9599559
4.65629883 20.0803005
4.78791585 20.1975734
4.92332983 20.3112913
5.06219669 20.4209792
5.20408092 20.5261872
5.3484542 20.6265093
5.49469841 20.7216031
5.64211346 20.8112111
5.78993032 20.8951796
5.93732905 20.9734761
6.08346113 21.0462023
6.22747502 21.1136021
6.36854343 21.1760635
6.50589089 21.2341154
6.63881995 21.2884172
6.76673492 21.3397441
6.88916209 21.3889676
7.00576562 21.4370323
7.11635847 21.4849297
7.22090782 21.5336706
7.31953449 21.584257
7.41250631 21.6376543
7.50022543 21.6947667
7.58321064 21.7564167
7.662076 21.8233298
7.73750776 21.8961259
7.81024212 21.9753176
7.88104561 22.0613131
7.95070006 22.1544239
8.01999263 22.2548727
8.08971043 22.3628014
8.16063845 22.4782753
8.23355832 22.6012841
8.30924578 22.7317385
8.38846463 22.8694649
8.4719561 23.0141991
8.56042318 23.1655829
8.65451113 23.3231639
8.75478545 23.486402
8.86170992 23.6546829
8.97562692 23.8273386
9.09674247 24.0036746
9.22511817 24.1830023
9.36067156 24.3646746
9.50318642 24.548123
9.6523332 24.7328916
9.80769981 24.9186679
9.96883113 25.1053036
10.1352753 25.2928252
10.3066332 25.4814311
10.482606 25.6714726
10.6630375 25.8634228
10.8479444 26.0578312
11.0375319 26.2552723
11.232193 26.456291
11.4324894 26.661352
11.6391195 26.8707979
11.8528742 27.0848224
12.0745891 27.3034581
12.3050969 27.5265823
12.5451869 27.7539375
12.7955752 27.985163
13.0568897 28.2198342
13.3296699 28.457503
13.6143835 28.6977346
13.9114544 28.9401354
14.2213017 29.1843671
14.5443813 29.4301457
14.8812275 29.6772229
15.2324861 29.9253519
15.5989351 30.1742411
15.9814878 30.4234996
16.3811788 30.6725819
16.7991303 30.9207372
17.2365032 31.1669693
17.6944368 31.4100115
18.1739823 31.6483191
18.6760353 31.8800802
19.2012724 32.1032432
19.7500972 32.3155596
20.3225965 32.5146383
20.9185111 32.698008
21.5372197 32.8631848
22.1777384 33.0077411
22.8387335 33.1293743
23.5185485 33.2259712
24.2152441 33.2956673
24.9266507 33.3368977
25.6504318 33.3484373
26.3841584 33.3294263
27.1253891 33.2793799
27.8717547 33.1981758
28.6210395 33.0860217
29.3712545 32.9433983
30.1206939 32.7709831
30.8679692 32.5695571
31.6120149 32.3399026
32.3520626 32.0827015
33.087585 31.798443
33.8182119 31.487351
34.5436263 31.1493392
35.2634495 30.7839992
35.9771259 30.3906236
36.683817 29.968263
37.3823156 29.5158117
38.0709859 29.0321159
38.7477357 28.5160964
39.4100215 27.9668748
40.0548875 27.3838967
40.6790361 26.7670408
41.2789232 26.1167089
41.8508752 25.4338878
42.391217 24.720182
42.8964039 23.9778123
43.3631473 23.2095845
43.7885273 22.4188277
44.1700841 21.6093129
44.5058858 20.7851553
44.7945711 19.9507099
45.0353683 19.1104673
45.2280934 18.2689532
45.3731315 17.4306364
45.4714045 16.5998453
45.5243277 15.7806955
45.533756 14.9770267
45.5019233 14.1923529
45.4313749 13.4298247
45.3248968 12.692207
45.1854448 11.9818722
45.0160779 11.3008081
44.8198992 10.6506399
44.600009 10.0326628
44.3594707 9.44788084
44.1012926 8.89704798
43.8284227 8.3807065
43.5437571 7.89921791
43.2501561 7.45278298
42.9504652 7.04144799
42.6475339 6.66509692
42.3442267 6.32343119
42.0434224 6.01594109
41.7479975 5.74187498
41.4607949 5.50021297
41.1845811 5.28965123
40.9219959 5.108601
40.6755031 4.95520359
40.4473472 4.82735942
40.2395213 4.72276695
40.053748 4.63896573
39.8914725 4.57337818
39.7538656 4.52334563
39.6418308 4.48615642
39.5560136 4.45906596
39.4968054 4.43931069
39.4643439 4.42411918
39.458505 4.41072449
39.4788909 4.39638163
39.5248142 4.3783935
39.5952843 4.35414732
39.6889986 4.32116232
39.8043466 4.27714691
39.9394282 4.22006183
40.0920928 4.14818354
40.2599982 4.06016047
40.4406874 3.95505463
40.631679 3.83236173
40.830563 3.69200538
41.0350928 3.53430419
41.2432635 3.35991432
41.4533706 3.16975325
41.6640432 2.96491311
41.8742503 2.74657269
42.083284 2.5159168
42.2907225 2.27406986
42.4963829 2.02204773
42.7002676 1.7607289
42.9025152 1.49084297
43.1033572 1.21297255
43.3030852 0.927563121
43.5020279 0.634935988
43.7005353 0.335300439
43.898968 0.0287634333
44.0976866 -0.284662724
44.2970429 -0.605052645
44.4973695 -0.93255756
44.6989749 -1.26739101
44.9021441 -1.60981142
45.1071507 -1.96010531
45.3142808 -2.31857744
45.5238663 -2.68555526
45.7363201 -3.0614139
45.9521653 -3.44662438
46.1720431 -3.84182287
46.3966918 -4.24789271
46.6268889 -4.66604603
46.8633552 -5.0978891
47.1066289 -5.54545556
47.3569215 -6.0111953
47.613974 -6.497913
47.8769321 -7.00865752
48.1442581 -7.54657161
48.4136914 -8.11471686
48.6822629 -8.71589262
48.9463622 -9.35246797
49.2018469 -10.0262428
49.4441811 -10.7383488
49.6685865 -11.4891948
49.8701898 -12.2784541
50.0441554 -13.1050848
50.1857946 -13.9673739
50.2906523 -14.8629908
50.3545727 -15.7890422
50.3737529 -16.7421208
50.3447931 -17.7183485
50.2647498 -18.7134157
50.1311967 -19.7226255
49.9422916 -20.7409504
49.6968452 -21.7631079
49.394383 -22.7836622
49.0351879 -23.7971476
48.6203146 -24.7982131
48.1515675 -25.7817751
47.6314362 -26.7431684
47.0629919 -27.6782798
46.4497485 -28.5836533
45.7954987 -29.4565556
45.1041381 -30.2949962
44.3794906 -31.0977004
43.6251485 -31.8640371
42.8443385 -32.5939075
42.0398244 -33.2876029
41.2138527 -33.9456432
40.3681457 -34.5686066
39.5039429 -35.156966
38.6220897 -35.7109443
37.7231639 -36.2304018
36.8076331 -36.7147686
35.8760251 -37.1630275
34.9290977 -37.5737529
33.967988 -37.945201
32.994326 -38.2754444
32.0103011 -38.5625367
31.0186722 -38.8046885
30.0227233 -39.0004388
29.0261699 -39.1488014
28.0330272 -39.2493753
27.0474555 -39.3024088
26.0736001 -39.3088158
25.1154383 -39.2701476
24.1766474 -39.1885265
23.2605021 -39.0665532
22.3698027 -38.9071974
21.5068374 -38.7136832
20.6733732 -38.4893787
19.8706712 -38.2376945
19.0995207 -37.9619985
18.3602865 -37.6655453
17.6529625 -37.3514241
16.9772286 -37.0225215
16.332507 -36.6814983
15.7180146 -36.3307784
15.1328114 -35.9725466
14.5758426 -35.608754
14.0459749 -35.2411277
13.5420273 -34.8711851
13.0627961 -34.500249
12.6070749 -34.1294646
12.1736707 -33.7598164
11.761416 -33.3921446
11.3691778 -33.0271611
10.9958643 -32.6654637
10.6404289 -32.3075505
10.301873 -31.9538314
9.97924743 -31.60464
9.67165286 -31.2602434
9.37823906 -30.9208508
9.09820395 -30.5866218
8.83079214 -30.2576734
8.57529309 -29.9340856
8.33103915 -29.6159072
8.09740344 -29.3031606
7.8737977 -28.9958453
7.65967017 -28.693942
7.45450338 -28.3974151
7.25781214 -28.1062159
7.06914153 -27.8202848
6.88806493 -27.5395528
6.71418227 -27.2639437
6.54711821 -26.9933756
6.3865206 -26.7277617
6.23205886 -26.4670117
6.08342259 -26.2110328
5.9403202 -25.9597302
5.80247766 -25.713008
5.66963731 -25.4707696
5.54155678 -25.2329185
5.41800797 -24.9993583
5.29877608 -24.7699932
5.18365874 -24.5447283
5.07246519 -24.3234699
4.96501553 -24.1061256
4.86113998 -23.8926045
4.76067825 -23.6828173
4.66347891 -23.4766763
4.56939883 -23.2740957
4.47830266 -23.0749915
4.39006231 -22.8792815
4.30455652 -22.6868855
4.22167045 -22.4977252
4.14129521 -22.3117241
4.0633276 -22.1288077
3.98766967 -21.9489035
3.91422845 -21.7719406
3.84291567 -21.5978501
3.77364742 -21.426565
3.70634394 -21.2580201
3.64092937 -21.0921517
3.57733153 -20.928898
3.51548168 -20.768199
3.45531435 -20.6099962
3.39676716 -20.4542327
3.33978062 -20.3008531
3.28429799 -20.1498038
3.23026513 -20.0010324
3.17763035 -19.854488
3.12634428 -19.7101212
3.07635975 -19.5678839
3.02763165 -19.4277293
2.98011687 -19.289612
2.93377415 -19.1534878
2.888564 -19.0193135
2.8444486 -18.8870474
2.80139175 -18.7566488
2.75935873 -18.628078
2.71831629 -18.5012966
2.67823252 -18.376267
2.63907683 -18.2529528
2.60081983 -18.1313185
2.56343335 -18.0113295
2.52689031 -17.8929523
2.49116471 -17.776154
2.45623154 -17.6609028
2.42206678 -17.5471676
2.38864733 -17.4349182
2.35595096 -17.3241252
2.3239563 -17.2147598
2.29264274 -17.1067942
2.26199049 -17.0002011
2.23198044 -16.894954
2.2025942 -16.7910269
2.17381406 -16.6883948
2.14562293 -16.587033
2.11800433 -16.4869175
2.09094237 -16.388025
2.06442172 -16.2903327
2.03842759 -16.1938184
2.01294569 -16.0984604
1.98796223 -16.0042375
1.96346389 -15.9111292
1.9394378 -15.8191151
1.91587152 -15.7281758
1.89275303 -15.6382919
1.87007071 -15.5494448
1.84781333 -15.4616161
1.82597 -15.3747881
1.80453021 -15.2889431
1.78348377 -15.2040642
1.76282084 -15.1201348
1.74253188 -15.0371385
1.72260763 -14.9550595
1.70303916 -14.8738822
1.68381779 -14.7935914
1.66493511 -14.7141723
1.64638299 -14.6356104
1.62815353 -14.5578915
1.61023906 -14.4810016
1.59263216 -14.4049273
1.57532563 -14.3296552
1.55831248 -14.2551724
1.54158592 -14.1814662
1.52513937 -14.1085241
1.50896644 -14.0363339
1.49306091 -13.9648838
1.47741677 -13.8941621
1.46202814 -13.8241573
1.44688935 -13.7548584
1.43199487 -13.6862544
1.41733931 -13.6183345
1.40291747 -13.5510884
1.38872425 -13.4845056
1.37475472 -13.4185762
1.36100407 -13.3532903
1.34746764 -13.2886382
1.33414088 -13.2246105
1.32101936 -13.1611979
1.30809878 -13.0983913
1.29537495 -13.0361817
1.28284379 -12.9745606
1.27050132 -12.9135192
1.25834368 -12.8530493
1.24636711 -12.7931425
1.23456792 -12.7337909
1.22294255 -12.6749864
1.2114875 -12.6167213
1.20019939 -12.5589881
1.18907491 -12.5017792
1.17811082 -12.4450873
1.16730398 -12.3889051
1.15665132 -12.3332258
1.14614985 -12.2780422
1.13579666 -12.2233477
1.1255889 -12.1691356
1.11552378 -12.1153992
1.1055986 -12.0621322
1.09581071 -12.0093282
1.08615754 -11.9569811
1.07663656 -11.9050847
1.0672453 -11.8536331
1.05798138 -11.8026205
1.04884244 -11.7520409
1.0398262 -11.7018888
1.03093041 -11.6521587
1.02215289 -11.6028449
1.0134915 -11.5539422
1.00494416 -11.5054453
0.996508823 -11.457349
0.988183503 -11.4096482
0.979966248 -11.3623378
0.971855155 -11.315413
0.963848362 -11.2688689
0.955944047 -11.2227007
0.948140431 -11.1769037
0.940435774 -11.1314735
0.932828371 -11.0864053
0.925316557 -11.0416948
0.917898703 -10.9973377
0.910573214 -10.9533295
0.90333853 -10.909666
0.896193125 -10.8663432
0.889135503 -10.8233568
0.882164203 -10.7807029
0.875277792 -10.7383775
0.868474869 -10.6963767
0.861754062 -10.6546966
0.855114028 -10.6133335
0.848553449 -10.5722837
0.842071038 -10.5315434
0.835665531 -10.4911092
0.829335694 -10.4509773
0.823080313 -10.4111444
0.816898204 -10.371607
0.810788202 -10.3323617
0.804749168 -10.2934053
0.798779986 -10.2547343
0.792879561 -10.2163456
0.787046821 -10.178236
0.781280714 -10.1404024
0.775580209 -10.1028417
0.769944296 -10.0655507
0.764371984 -10.0285267
0.7588623 -9.99176651
0.753414292 -9.95526733
0.748027026 -9.91902628
0.742699585 -9.88304054
0.737431069 -9.84730732
0.732220597 -9.81182389
0.727067303 -9.77658756
0.721970338 -9.74159566
0.716928869 -9.70684557
0.711942079 -9.67233471
0.707009166 -9.63806054
0.702129341 -9.60402054
0.697301833 -9.57021225
0.692525882 -9.53663321
0.687800744 -9.50328104
0.683125688 -9.47015336
0.678499996 -9.43724783
0.673922964 -9.40456216
0.669393899 -9.37209406
0.664912121 -9.3398413
0.660476964 -9.30780166
0.656087772 -9.27597298
0.651743901 -9.2443531
0.647444718 -9.21293991
0.643189603 -9.1817313
0.638977944 -9.15072523
0.634809143 -9.11991966
0.630682609 -9.08931257
0.626597764 -9.05890199
0.62255404 -9.02868598
0.618550876 -8.99866259
0.614587724 -8.96882994
0.610664042 -8.93918613
0.606779301 -8.90972933
0.602932979 -8.88045771
0.599124562 -8.85136946
0.595353545 -8.82246281
0.591619434 -8.79373599
0.58792174 -8.76518728
0.584259984 -8.73681496
0.580633694 -8.70861735
0.577042408 -8.68059278
0.573485668 -8.6527396
0.569963026 -8.62505619
0.566474041 -8.59754094
0.56301828 -8.57019228
0.559595314 -8.54300864
0.556204725 -8.51598847
0.552846099 -8.48913025
0.54951903 -8.46243248
0.546223118 -8.43589367
0.542957968 -8.40951234
0.539723194 -8.38328706
0.536518415 -8.35721639
0.533343256 -8.33129892
0.530197347 -8.30553325
0.527080324 -8.27991799
0.523991832 -8.25445179
0.520931516 -8.22913331
0.517899031 -8.2039612
0.514894036 -8.17893416
0.511916194 -8.15405089
0.508965174 -8.12931011
0.506040652 -8.10471055
0.503142307 -8.08025095
0.500269822 -8.05593009
0.497422886 -8.03174674
0.494601195 -8.00769969
0.491804444 -7.98378774
0.489032339 -7.96000973
0.486284586 -7.93636448
0.483560897 -7.91285084
0.480860988 -7.88946767
0.478184579 -7.86621384
0.475531395 -7.84308826
0.472901164 -7.8200898
0.47029362 -7.7972174
0.467708497 -7.77446997
0.465145537 -7.75184645
0.462604484 -7.72934579
0.460085086 -7.70696696
0.457587094 -7.68470893
0.455110264 -7.66257067
0.452654353 -7.6405512
0.450219124 -7.61864951
0.447804343 -7.59686464
0.445409779 -7.5751956
0.443035203 -7.55364143
0.440680391 -7.5322012
0.438345122 -7.51087396
0.436029177 -7.48965878
0.433732341 -7.46855475
0.431454403 -7.44756096
0.429195152 -7.42667651
0.426954383 -7.40590052
0.424731892 -7.3852321
0.422527479 -7.3646704
0.420340945 -7.34421454
0.418172096 -7.32386368
0.416020739 -7.30361699
0.413886684 -7.28347362
0.411769745 -7.26343276
0.409669737 -7.24349359
0.407586477 -7.22365531
0.405519786 -7.20391712
0.403469486 -7.18427823
0.401435404 -7.16473786
0.399417366 -7.14529525
0.397415202 -7.12594962
0.395428744 -7.10670022
0.393457828 -7.08754631
0.391502288 -7.06848715
0.389561965 -7.049522
0.387636698 -7.03065013
0.385726331 -7.01187084
0.383830709 -6.99318341
0.381949679 -6.97458714
0.38008309 -6.95608133
0.378230792 -6.9376653
0.37639264 -6.91933836
0.374568487 -6.90109985
0.372758191 -6.88294908
0.37096161 -6.86488542
0.369178604 -6.84690819
0.367409035 -6.82901675
0.365652769 -6.81121046
0.363909669 -6.7934887
0.362179605 -6.77585082
0.360462444 -6.7582962
0.358758057 -6.74082424
0.357066317 -6.72343433
0.355387098 -6.70612585
0.353720275 -6.68889821
0.352065726 -6.67175082
0.350423329 -6.65468309
0.348792964 -6.63769445
0.347174513 -6.62078432
0.345567859 -6.60395212
0.343972887 -6.58719731
0.342389482 -6.57051931
0.340817532 -6.55391758
0.339256926 -6.53739157
0.337707553 -6.52094074
0.336169306 -6.50456454
0.334642077 -6.48826246
0.33312576 -6.47203396
0.33162025 -6.45587852
0.330125445 -6.43979562
0.328641241 -6.42378476
0.327167539 -6.40784542
0.325704238 -6.39197711
0.324251239 -6.37617932
0.322808447 -6.36045157
0.321375764 -6.34479336
0.319953095 -6.32920422
0.318540346 -6.31368366
0.317137426 -6.29823121
0.315744241 -6.28284639
0.314360701 -6.26752875
0.312986718 -6.25227782
0.311622201 -6.23709315
0.310267065 -6.22197427
0.308921221 -6.20692075
0.307584586 -6.19193214
0.306257074 -6.17700799
0.304938602 -6.16214787
0.303629087 -6.14735135
0.302328447 -6.13261799
0.301036603 -6.11794738
0.299753475 -6.10333909
0.298478982 -6.0887927
0.297213049 -6.07430781
0.295955597 -6.05988399
0.29470655 -6.04552085
0.293465834 -6.03121798
0.292233373 -6.01697498
0.291009094 -6.00279146
0.289792924 -5.98866703
0.288584792 -5.97460129
0.287384626 -5.96059386
0.286192355 -5.94664436
0.28500791 -5.93275241
0.283831223 -5.91891764
0.282662225 -5.90513967
0.281500849 -5.89141813
0.280347028 -5.87775266
0.279200696 -5.8641429
0.278061789 -5.85058849
0.276930242 -5.83708907
0.275805991 -5.82364429
0.274688974 -5.8102538
0.273579127 -5.79691724
0.272476389 -5.78363429
0.2713807 -5.77040459
0.270291999 -5.75722782
0.269210226 -5.74410362
0.268135322 -5.73103167
0.267067229 -5.71801165
0.266005889 -5.70504322
0.264951245 -5.69212606
0.26390324 -5.67925985
0.262861818 -5.66644427
0.261826925 -5.653679
0.260798505 -5.64096373
0.259776504 -5.62829815
0.258760868 -5.61568195
0.257751545 -5.60311483
0.256748481 -5.59059648
0.255751626 -5.5781266
0.254760927 -5.5657049
0.253776333 -5.55333107
0.252797795 -5.54100483
0.251825263 -5.52872588
0.250858686 -5.51649394
0.249898017 -5.50430872
0.248943206 -5.49216993
0.247994207 -5.4800773
0.247050972 -5.46803054
0.246113454 -5.45602937
0.245181607 -5.44407353
0.244255384 -5.43216274
0.243334741 -5.42029673
0.242419633 -5.40847523
0.241510014 -5.39669798
0.240605842 -5.38496471
0.239707071 -5.37327516
0.23881366 -5.36162907
0.237925566 -5.35002618
0.237042745 -5.33846624
0.236165157 -5.32694899
0.23529276 -5.31547418
0.234425512 -5.30404156
0.233563374 -5.29265089
0.232706304 -5.28130192
0.231854264 -5.2699944
0.231007213 -5.25872809
0.230165113 -5.24750276
0.229327925 -5.23631816
0.22849561 -5.22517406
0.227668131 -5.21407023
0.226845451 -5.20300642
0.226027531 -5.19198242
0.225214335 -5.18099798
0.224405827 -5.17005289
0.223601971 -5.15914692
0.222802731 -5.14827984
0.222008071 -5.13745144
0.221217956 -5.12666148
0.220432353 -5.11590976
0.219651225 -5.10519605
0.21887454 -5.09452015
0.218102263 -5.08388183
0.217334361 -5.07328089
0.216570801 -5.0627171
0.21581155 -5.05219028
0.215056576 -5.0417002
0.214305847 -5.03124666
0.21355933 -5.02082946
0.212816994 -5.01044839
0.212078808 -5.00010325
0.211344741 -4.98979385
0.210614762 -4.97951998
0.209888841 -4.96928145
0.209166947 -4.95907806
0.208449052 -4.94890961
0.207735125 -4.93877592
0.207025136 -4.9286768
0.206319058 -4.91861205
0.205616861 -4.90858149
0.204918517 -4.89858492
0.204223998 -4.88862217
0.203533275 -4.87869305
0.202846321 -4.86879737
0.202163109 -4.85893495
0.201483611 -4.84910563
0.2008078 -4.8393092
0.20013565 -4.8295455
0.199467135 -4.81981436
0.198802227 -4.81011559
0.198140902 -4.80044902
0.197483133 -4.79081448
0.196828895 -4.78121179
0.196178162 -4.7716408
0.19553091 -4.76210132
0.194887114 -4.75259319
0.194246748 -4.74311625
0.19360979 -4.73367033
0.192976214 -4.72425526
0.192345996 -4.71487088
0.191719114 -4.70551703
0.191095543 -4.69619354
0.190475259 -4.68690027
0.189858241 -4.67763705
0.189244465 -4.66840372
0.188633908 -4.65920012
0.188026548 -4.65002611
0.187422363 -4.64088152
0.18682133 -4.63176621
0.186223427 -4.62268001
0.185628633 -4.61362279
0.185036927 -4.60459439
0.184448286 -4.59559466
0.18386269 -4.58662346
0.183280118 -4.57768063
0.182700549 -4.56876603
0.182123962 -4.55987951
0.181550337 -4.55102094
0.180979653 -4.54219017
0.180411892 -4.53338706
0.179847031 -4.52461146
0.179285053 -4.51586323
0.178725937 -4.50714225
0.178169664 -4.49844836
0.177616214 -4.48978144
0.17706557 -4.48114134
0.17651771 -4.47252793
0.175972618 -4.46394107
0.175430274 -4.45538064
0.17489066 -4.4468465
0.174353757 -4.43833851
0.173819548 -4.42985655
0.173288014 -4.42140049
0.172759138 -4.41297019
0.172232902 -4.40456554
0.171709288 -4.39618639
0.171188279 -4.38783263
0.170669858 -4.37950413
0.170154008 -4.37120077
0.169640711 -4.36292241
0.169129952 -4.35466894
0.168621712 -4.34644023
0.168115976 -4.33823617
0.167612728 -4.33005663
0.167111951 -4.32190149
0.166613628 -4.31377063
0.166117744 -4.30566394
0.165624284 -4.29758129
0.16513323 -4.28952257
0.164644569 -4.28148766
0.164158283 -4.27347645
0.163674359 -4.26548882
0.16319278 -4.25752466
0.162713531 -4.24958385
0.162236598 -4.24166629
0.161761966 -4.23377186
0.161289619 -4.22590044
0.160819544 -4.21805194
0.160351725 -4.21022623
0.159886149 -4.20242321
0.159422801 -4.19464278
0.158961667 -4.18688481
0.158502732 -4.17914922
0.158045984 -4.17143588
0.157591407 -4.1637447
0.157138989 -4.15607557
0.156688716 -4.14842839
0.156240574 -4.14080305
0.15579455 -4.13319944
0.15535063 -4.12561747
0.154908802 -4.11805704
0.154469052 -4.11051804
0.154031368 -4.10300038
0.153595736 -4.09550395
0.153162143 -4.08802865
0.152730578 -4.08057439
0.152301027 -4.07314106
0.151873478 -4.06572858
0.151447919 -4.05833684
0.151024336 -4.05096574
0.150602719 -4.0436152
0.150183055 -4.03628511
0.149765332 -4.02897539
0.149349539 -4.02168594
0.148935662 -4.01441666
0.148523691 -4.00716746
0.148113614 -3.99993825
0.147705419 -3.99272894
0.147299095 -3.98553944
0.146894631 -3.97836966
0.146492015 -3.9712195
0.146091236 -3.96408888
0.145692283 -3.95697771
0.145295145 -3.9498859
0.14489981 -3.94281337
0.144506269 -3.93576001
0.144114511 -3.92872576
0.143724524 -3.92171052
0.143336298 -3.91471421
0.142949822 -3.90773674
0.142565087 -3.90077803
0.142182081 -3.89383799
0.141800795 -3.88691653
0.141421217 -3.88001359
0.141043339 -3.87312907
0.14066715 -3.86626289
0.140292639 -3.85941496
0.139919798 -3.85258522
0.139548616 -3.84577358
0.139179083 -3.83897995
0.138811189 -3.83220426
0.138444926 -3.82544642
0.138080283 -3.81870637
0.137717252 -3.81198402
0.137355821 -3.80527929
0.136995983 -3.7985921
0.136637728 -3.79192239
0.136281047 -3.78527006
0.13592593 -3.77863505
0.135572369 -3.77201728
0.135220355 -3.76541668
0.134869877 -3.75883316
0.134520929 -3.75226666
0.1341735 -3.7457171
0.133827583 -3.73918441
0.133483167 -3.73266852
0.133140246 -3.72616934
0.13279881 -3.71968682
0.13245885 -3.71322087
0.132120359 -3.70677143
0.131783327 -3.70033842
0.131447747 -3.69392178
0.131113611 -3.68752143
0.130780909 -3.68113731
0.130449635 -3.67476934
0.130119779 -3.66841746
0.129791334 -3.66208159
0.129464292 -3.65576168
0.129138645 -3.64945764
0.128814385 -3.64316942
0.128491505 -3.63689694
0.128169995 -3.63064014
0.12784985 -3.62439896
0.127531061 -3.61817332
0.127213621 -3.61196317
0.126897521 -3.60576842
0.126582755 -3.59958904
0.126269316 -3.59342493
0.125957195 -3.58727605
0.125646386 -3.58114233
0.12533688 -3.5750237
0.125028672 -3.56892011
0.124721754 -3.56283148
0.124416119 -3.55675776
0.124111759 -3.55069888
0.123808667 -3.54465479
0.123506838 -3.53862542
0.123206263 -3.5326107
0.122906935 -3.52661059
0.122608849 -3.52062501
0.122311997 -3.51465392
0.122016373 -3.50869724
0.121721969 -3.50275492
0.12142878 -3.4968269
0.121136798 -3.49091313
0.120846017 -3.48501353
0.12055643 -3.47912807
0.120268032 -3.47325666
0.119980815 -3.46739927
0.119694774 -3.46155583
0.119409901 -3.45572629
0.119126191 -3.44991058
0.118843637 -3.44410865
0.118562233 -3.43832046
0.118281974 -3.43254593
0.118002852 -3.42678501
0.117724862 -3.42103766
0.117447998 -3.41530381
0.117172254 -3.40958342
0.116897623 -3.40387641
0.1166241 -3.39818276
0.11635168 -3.39250239
0.116080355 -3.38683525
0.115810121 -3.3811813
0.115540971 -3.37554047
0.1152729 -3.36991273
0.115005903 -3.364298
0.114739972 -3.35869625
0.114475104 -3.35310742
0.114211292 -3.34753146
0.113948531 -3.34196832
0.113686816 -3.33641795
0.11342614 -3.33088029
0.113166498 -3.32535529
0.112907886 -3.31984292
0.112650297 -3.31434311
0.112393726 -3.30885581
0.112138169 -3.30338099
0.111883619 -3.29791858
0.111630072 -3.29246854
0.111377523 -3.28703082
0.111125965 -3.28160537
0.110875395 -3.27619215
0.110625807 -3.2707911
0.110377196 -3.26540218
0.110129556 -3.26002534
0.109882884 -3.25466054
0.109637174 -3.24930772
0.109392421 -3.24396685
0.10914862 -3.23863787
0.108905766 -3.23332074
0.108663855 -3.22801541
0.108422882 -3.22272183
0.108182842 -3.21743997
0.10794373 -3.21216977
0.107705542 -3.20691119
0.107468272 -3.20166419
0.107231917 -3.19642872
0.106996471 -3.19120474
0.10676193 -3.1859922
0.10652829 -3.18079106
0.106295545 -3.17560128
0.106063693 -3.17042281
0.105832727 -3.1652556
0.105602643 -3.16009962
0.105373438 -3.15495483
0.105145106 -3.14982118
0.104917644 -3.14469862
0.104691047 -3.13958712
0.10446531 -3.13448663
0.10424043 -3.12939712
0.104016402 -3.12431853
0.103793223 -3.11925084
0.103570887 -3.11419399
0.10334939 -3.10914796
0.103128729 -3.10411268
0.102908899 -3.09908814
0.102689897 -3.09407428
0.102471718 -3.08907106
0.102254358 -3.08407845
0.102037813 -3.07909641
0.101822079 -3.07412489
0.101607152 -3.06916387
0.101393029 -3.06421328
0.101179705 -3.05927311
0.100967176 -3.05434331
0.100755439 -3.04942384
0.100544489 -3.04451466
0.100334323 -3.03961574
0.100124938 -3.03472703
0.0999163283 -3.02984851
0.0997084914 -3.02498012
0.0995014233 -3.02012184
0.0992951203 -3.01527363
0.0990895787 -3.01043545
0.0988847948 -3.00560726
0.098680765 -3.00078902
0.0984774857 -2.99598071
0.0982749533 -2.99118227
0.0980731641 -2.98639369
0.0978721147 -2.98161491
0.0976718015 -2.97684591
0.097472221 -2.97208665
0.0972733697 -2.96733709
0.0970752441 -2.9625972
0.0968778408 -2.95786694
0.0966811564 -2.95314629
0.0964851874 -2.94843519
0.0962899305 -2.94373362
0.0960953823 -2.93904155
0.0959015394 -2.93435893
0.0957083986 -2.92968575
0.0955159565 -2.92502195
0.0953242098 -2.92036751
0.0951331553 -2.91572239
0.0949427897 -2.91108656
0.0947531098 -2.90645999
0.0945641124 -2.90184264
0.0943757942 -2.89723448
0.0941881522 -2.89263548
0.0940011831 -2.88804561
0.0938148838 -2.88346482
0.0936292513 -2.8788931
0.0934442824 -2.8743304
0.093259974 -2.86977669
0.093076323 -2.86523195
0.0928933265 -2.86069614
0.0927109814 -2.85616923
0.0925292847 -2.85165118
0.0923482334 -2.84714197
0.0921678245 -2.84264157
0.0919880551 -2.83814993
0.0918089222 -2.83366704
0.091630423 -2.82919287
0.0914525544 -2.82472737
0.0912753136 -2.82027052
0.0910986978 -2.81582229
0.0909227041 -2.81138265
0.0907473297 -2.80695157
0.0905725717 -2.80252902
0.0903984273 -2.79811497
0.0902248937 -2.79370939
0.0900519682 -2.78931224
0.089879648 -2.78492351
0.0897079304 -2.78054316
0.0895368126 -2.77617116
0.089366292 -2.77180748
0.0891963658 -2.76745209
0.0890270313 -2.76310497
0.0888582859 -2.75876608
0.088690127 -2.75443541
0.0885225519 -2.75011291
0.088355558 -2.74579856
0.0881891426 -2.74149233
0.0880233033 -2.7371942
0.0878580373 -2.73290413
0.0876933423 -2.7286221
0.0875292155 -2.72434808
0.0873656545 -2.72008205
0.0872026568 -2.71582397
0.0870402199 -2.71157382
0.0868783413 -2.70733156
0.0867170184 -2.70309719
0.0865562489 -2.69887066
0.0863960303 -2.69465195
0.0862363601 -2.69044103
0.086077236 -2.68623788
0.0859186555 -2.68204247
0.0857606163 -2.67785477
0.0856031159 -2.67367476
0.085446152 -2.66950241
0.0852897223 -2.6653377
0.0851338244 -2.6611806
0.0849784559 -2.65703107
0.0848236146 -2.65288911
0.0846692982 -2.64875468
0.0845155043 -2.64462776
0.0843622308 -2.64050831
0.0842094753 -2.63639633
0.0840572355 -2.63229177
0.0839055093 -2.62819462
0.0837542945 -2.62410485
0.0836035887 -2.62002244
0.0834533899 -2.61594736
0.0833036957 -2.61187958
0.0831545041 -2.60781909
0.0830058129 -2.60376585
0.0828576199 -2.59971985
0.0827099229 -2.59568106
0.0825627199 -2.59164945
0.0824160088 -2.587625
END
