SIMP
NP=4096
SW=20000
TYPE=SPE
DATA
0.0756108579 -2.39550012
0.0754869454 -2.39181391
0.0753634271 -2.38813373
0.0752403016 -2.38445956
0.0751175671 -2.38079138
0.0749952222 -2.37712917
0.0748732652 -2.37347292
0.0747516947 -2.3698226
0.0746305091 -2.3661782
0.0745097067 -2.3625397
0.0743892862 -2.35890707
0.074269246 -2.35528031
0.0741495845 -2.35165938
0.0740303003 -2.34804428
0.0739113918 -2.34443499
0.0737928576 -2.34083148
0.0736746961 -2.33723374
0.0735569059 -2.33364175
0.0734394856 -2.3300555
0.0733224336 -2.32647495
0.0732057485 -2.32290011
0.0730894289 -2.31933094
0.0729734733 -2.31576744
0.0728578803 -2.31220957
0.0727426484 -2.30865734
0.0726277762 -2.30511071
0.0725132624 -2.30156967
0.0723991055 -2.2980342
0.0722853041 -2.29450429
0.0721718568 -2.29097992
0.0720587622 -2.28746107
0.071946019 -2.28394773
0.0718336258 -2.28043987
0.0717215813 -2.27693748
0.071609884 -2.27344055
0.0714985326 -2.26994905
0.0713875258 -2.26646297
0.0712768622 -2.2629823
0.0711665406 -2.25950701
0.0710565595 -2.25603709
0.0709469177 -2.25257252
0.0708376138 -2.24911329
0.0707286466 -2.24565938
0.0706200148 -2.24221077
0.070511717 -2.23876745
0.070403752 -2.2353294
0.0702961185 -2.2318966
0.0701888152 -2.22846905
0.0700818409 -2.22504672
0.0699751943 -2.22162959
0.0698688741 -2.21821766
0.0697628792 -2.2148109
0.0696572082 -2.21140929
0.0695518599 -2.20801284
0.0694468331 -2.20462151
0.0693421266 -2.20123529
0.0692377391 -2.19785417
0.0691336695 -2.19447813
0.0690299165 -2.19110715
0.068926479 -2.18774123
0.0688233557 -2.18438034
0.0687205455 -2.18102447
0.0686180471 -2.1776736
0.0685158595 -2.17432773
0.0684139813 -2.17098683
0.0683124115 -2.16765088
0.068211149 -2.16431988
0.0681101924 -2.16099381
0.0680095408 -2.15767266
0.067909193 -2.1543564
0.0678091477 -2.15104503
0.067709404 -2.14773853
0.0676099606 -2.14443688
0.0675108164 -2.14114008
0.0674119704 -2.1378481
0.0673134214 -2.13456093
0.0672151683 -2.13127856
0.06711721 -2.12800097
0.0670195454 -2.12472815
0.0669221735 -2.12146008
0.0668250931 -2.11819676
0.0667283032 -2.11493816
0.0666318026 -2.11168427
0.0665355904 -2.10843508
0.0664396654 -2.10519057
0.0663440267 -2.10195074
0.0662486731 -2.09871556
0.0661536036 -2.09548502
0.0660588171 -2.0922591
0.0659643127 -2.08903781
0.0658700893 -2.08582111
0.0657761458 -2.082609
0.0656824812 -2.07940147
0.0655890946 -2.07619849
0.0654959848 -2.07300006
0.065403151 -2.06980616
0.065310592 -2.06661678
0.0652183069 -2.06343191
0.0651262947 -2.06025153
0.0650345545 -2.05707563
0.0649430851 -2.0539042
0.0648518856 -2.05073721
0.0647609552 -2.04757467
0.0646702927 -2.04441656
0.0645798972 -2.04126286
0.0644897677 -2.03811356
0.0643999034 -2.03496865
0.0643103032 -2.03182811
0.0642209662 -2.02869193
0.0641318915 -2.02556011
0.064043078 -2.02243262
0.0639545249 -2.01930945
0.0638662313 -2.0161906
0.0637781961 -2.01307604
0.0636904186 -2.00996577
0.0636028977 -2.00685978
0.0635156326 -2.00375804
0.0634286223 -2.00066056
0.0633418659 -1.99756731
0.0632553626 -1.99447828
0.0631691114 -1.99139346
0.0630831115 -1.98831285
0.0629973619 -1.98523642
0.0629118617 -1.98216417
0.0628266102 -1.97909607
0.0627416063 -1.97603213
0.0626568493 -1.97297233
0.0625723383 -1.96991666
0.0624880723 -1.9668651
0.0624040506 -1.96381764
0.0623202722 -1.96077427
0.0622367364 -1.95773498
0.0621534422 -1.95469976
0.0620703889 -1.9516686
0.0619875756 -1.94864147
0.0619050014 -1.94561839
0.0618226655 -1.94259932
0.061740567 -1.93958426
0.0616587053 -1.93657319
0.0615770793 -1.93356612
0.0614956884 -1.93056301
0.0614145317 -1.92756387
0.0613336083 -1.92456868
0.0612529176 -1.92157743
0.0611724585 -1.91859011
0.0610922305 -1.91560671
0.0610122326 -1.91262722
0.0609324641 -1.90965162
0.0608529242 -1.9066799
0.0607736121 -1.90371206
0.060694527 -1.90074807
0.0606156681 -1.89778794
0.0605370347 -1.89483165
0.0604586259 -1.89187919
0.0603804411 -1.88893054
0.0603024795 -1.8859857
0.0602247402 -1.88304466
0.0601472225 -1.88010741
0.0600699257 -1.87717392
0.0599928491 -1.87424421
0.0599159918 -1.87131824
0.0598393531 -1.86839602
0.0597629323 -1.86547753
0.0596867287 -1.86256276
0.0596107414 -1.8596517
0.0595349698 -1.85674434
0.0594594132 -1.85384067
0.0593840708 -1.85094068
0.0593089419 -1.84804435
0.0592340258 -1.84515169
0.0591593217 -1.84226267
0.059084829 -1.8393773
0.0590105469 -1.83649554
0.0589364747 -1.83361741
0.0588626118 -1.83074288
0.0587889574 -1.82787195
0.0587155108 -1.82500461
0.0586422713 -1.82214084
0.0585692383 -1.81928064
0.0584964111 -1.816424
0.0584237889 -1.8135709
0.058351371 -1.81072134
0.0582791569 -1.8078753
0.0582071458 -1.80503278
0.0581353371 -1.80219377
0.0580637301 -1.79935826
0.057992324 -1.79652623
0.0579211183 -1.79369768
0.0578501123 -1.79087259
0.0577793054 -1.78805097
0.0577086968 -1.78523279
0.0576382859 -1.78241805
0.0575680721 -1.77960674
0.0574980547 -1.77679885
0.0574282331 -1.77399437
0.0573586066 -1.77119328
0.0572891746 -1.76839559
0.0572199365 -1.76560128
0.0571508916 -1.76281034
0.0570820393 -1.76002277
0.0570133789 -1.75723855
0.0569449099 -1.75445767
0.0568766316 -1.75168012
0.0568085435 -1.7489059
0.0567406447 -1.746135
0.0566729349 -1.7433674
0.0566054133 -1.7406031
0.0565380793 -1.73784209
0.0564709324 -1.73508435
0.0564039719 -1.73232989
0.0563371972 -1.72957869
0.0562706078 -1.72683074
0.056204203 -1.72408603
0.0561379822 -1.72134456
0.0560719448 -1.71860631
0.0560060904 -1.71587127
0.0559404182 -1.71313945
0.0558749277 -1.71041082
0.0558096182 -1.70768538
0.0557444894 -1.70496313
0.0556795404 -1.70224404
0.0556147708 -1.69952812
0.0555501801 -1.69681535
0.0554857676 -1.69410573
0.0554215327 -1.69139924
0.0553574749 -1.68869589
0.0552935937 -1.68599565
0.0552298885 -1.68329852
0.0551663586 -1.6806045
0.0551030037 -1.67791357
0.0550398231 -1.67522572
0.0549768162 -1.67254095
0.0549139825 -1.66985926
0.0548513215 -1.66718062
0.0547888327 -1.66450503
0.0547265154 -1.66183249
0.0546643692 -1.65916298
0.0546023935 -1.65649649
0.0545405877 -1.65383303
0.0544789514 -1.65117258
0.054417484 -1.64851512
0.054356185 -1.64586067
0.0542950539 -1.64320919
0.0542340901 -1.6405607
0.0541732931 -1.63791517
0.0541126624 -1.63527261
0.0540521975 -1.63263299
0.0539918979 -1.62999633
0.053931763 -1.62736259
0.0538717923 -1.62473179
0.0538119854 -1.62210391
0.0537523418 -1.61947894
0.0536928608 -1.61685688
0.0536335421 -1.61423771
0.0535743851 -1.61162143
0.0535153893 -1.60900804
0.0534565542 -1.60639751
0.0533978794 -1.60378986
0.0533393643 -1.60118506
0.0532810085 -1.59858311
0.0532228115 -1.595984
0.0531647727 -1.59338773
0.0531068918 -1.59079428
0.0530491681 -1.58820365
0.0529916013 -1.58561584
0.0529341909 -1.58303082
0.0528769363 -1.58044861
0.0528198371 -1.57786918
0.0527628929 -1.57529254
0.0527061032 -1.57271866
0.0526494674 -1.57014756
0.0525929852 -1.56757921
0.0525366561 -1.56501361
0.0524804796 -1.56245076
0.0524244552 -1.55989064
0.0523685825 -1.55733325
0.0523128611 -1.55477858
0.0522572904 -1.55222663
0.0522018701 -1.54967738
0.0521465996 -1.54713083
0.0520914786 -1.54458698
0.0520365066 -1.54204581
0.0519816831 -1.53950732
0.0519270076 -1.53697149
0.0518724799 -1.53443833
0.0518180993 -1.53190783
0.0517638655 -1.52937997
0.0517097781 -1.52685476
0.0516558365 -1.52433218
0.0516020405 -1.52181223
0.0515483894 -1.5192949
0.051494883 -1.51678018
0.0514415208 -1.51426807
0.0513883023 -1.51175855
0.0513352271 -1.50925163
0.0512822948 -1.5067473
0.0512295051 -1.50424554
0.0511768574 -1.50174636
0.0511243513 -1.49924973
0.0510719865 -1.49675567
0.0510197625 -1.49426416
0.050967679 -1.49177519
0.0509157354 -1.48928875
0.0508639314 -1.48680485
0.0508122666 -1.48432347
0.0507607406 -1.48184461
0.0507093529 -1.47936826
0.0506581032 -1.47689441
0.0506069911 -1.47442305
0.0505560162 -1.47195419
0.050505178 -1.46948781
0.0504544762 -1.4670239
0.0504039104 -1.46456247
0.0503534801 -1.46210349
0.0503031851 -1.45964698
0.0502530249 -1.45719291
0.0502029991 -1.45474129
0.0501531073 -1.4522921
0.0501033492 -1.44984535
0.0500537244 -1.44740102
0.0500042324 -1.4449591
0.0499548729 -1.4425196
0.0499056456 -1.4400825
0.04985655 -1.4376478
0.0498075858 -1.43521549
0.0497587525 -1.43278556
0.0497100499 -1.43035802
0.0496614776 -1.42793284
0.0496130351 -1.42551003
0.0495647221 -1.42308959
0.0495165383 -1.42067149
0.0494684833 -1.41825574
0.0494205566 -1.41584234
0.049372758 -1.41343126
0.0493250872 -1.41102252
0.0492775436 -1.4086161
0.049230127 -1.40621199
0.049182837 -1.4038102
0.0491356733 -1.4014107
0.0490886355 -1.39901351
0.0490417233 -1.3966186
0.0489949362 -1.39422598
0.048948274 -1.39183565
0.0489017363 -1.38944758
0.0488553228 -1.38706178
0.048809033 -1.38467824
0.0487628667 -1.38229696
0.0487168236 -1.37991792
0.0486709032 -1.37754113
0.0486251053 -1.37516657
0.0485794294 -1.37279425
0.0485338753 -1.37042415
0.0484884427 -1.36805627
0.0484431311 -1.3656906
0.0483979403 -1.36332714
0.0483528699 -1.36096588
0.0483079196 -1.35860682
0.048263089 -1.35624995
0.0482183779 -1.35389526
0.0481737859 -1.35154274
0.0481293127 -1.34919241
0.0480849579 -1.34684423
0.0480407212 -1.34449822
0.0479966024 -1.34215436
0.047952601 -1.33981265
0.0479087168 -1.33747309
0.0478649494 -1.33513566
0.0478212986 -1.33280037
0.047777764 -1.3304672
0.0477343453 -1.32813615
0.0476910421 -1.32580722
0.0476478543 -1.3234804
0.0476047813 -1.32115568
0.0475618231 -1.31883305
0.0475189792 -1.31651253
0.0474762493 -1.31419409
0.0474336331 -1.31187773
0.0473911304 -1.30956344
0.0473487407 -1.30725123
0.0473064639 -1.30494108
0.0472642996 -1.30263299
0.0472222475 -1.30032696
0.0471803073 -1.29802297
0.0471384787 -1.29572103
0.0470967615 -1.29342112
0.0470551552 -1.29112325
0.0470136597 -1.2888274
0.0469722746 -1.28653358
0.0469309996 -1.28424177
0.0468898345 -1.28195197
0.046848779 -1.27966418
0.0468078327 -1.27737838
0.0467669954 -1.27509459
0.0467262667 -1.27281278
0.0466856465 -1.27053295
0.0466451344 -1.26825511
0.0466047301 -1.26597924
0.0465644334 -1.26370533
0.0465242439 -1.26143339
0.0464841615 -1.25916341
0.0464441857 -1.25689538
0.0464043164 -1.25462929
0.0463645532 -1.25236515
0.0463248959 -1.25010295
0.0462853442 -1.24784268
0.0462458979 -1.24558433
0.0462065566 -1.24332791
0.04616732 -1.2410734
0.046128188 -1.23882081
0.0460891602 -1.23657012
0.0460502364 -1.23432133
0.0460114163 -1.23207444
0.0459726997 -1.22982944
0.0459340862 -1.22758633
0.0458955756 -1.22534509
0.0458571676 -1.22310574
0.0458188621 -1.22086825
0.0457806586 -1.21863263
0.045742557 -1.21639887
0.045704557 -1.21416697
0.0456666584 -1.21193692
0.0456288608 -1.20970872
0.045591164 -1.20748235
0.0455535678 -1.20525783
0.0455160719 -1.20303513
0.0454786761 -1.20081426
0.04544138 -1.19859521
0.0454041835 -1.19637798
0.0453670864 -1.19416257
0.0453300882 -1.19194896
0.0452931889 -1.18973715
0.0452563881 -1.18752714
0.0452196856 -1.18531892
0.0451830812 -1.18311249
0.0451465746 -1.18090784
0.0451101655 -1.17870498
0.0450738538 -1.17650388
0.0450376391 -1.17430456
0.0450015213 -1.172107
0.0449655001 -1.16991119
0.0449295752 -1.16771715
0.0448937465 -1.16552485
0.0448580136 -1.1633343
0.0448223764 -1.16114549
0.0447868346 -1.15895842
0.0447513879 -1.15677307
0.0447160362 -1.15458946
0.0446807792 -1.15240757
0.0446456166 -1.15022739
0.0446105483 -1.14804893
0.044575574 -1.14587217
0.0445406935 -1.14369712
0.0445059065 -1.14152377
0.0444712128 -1.13935212
0.0444366122 -1.13718215
0.0444021044 -1.13501387
0.0443676893 -1.13284727
0.0443333666 -1.13068235
0.0442991361 -1.1285191
0.0442649976 -1.12635752
0.0442309508 -1.1241976
0.0441969955 -1.12203933
0.0441631315 -1.11988273
0.0441293585 -1.11772777
0.0440956765 -1.11557446
0.044062085 -1.11342279
0.044028584 -1.11127276
0.0439951732 -1.10912435
0.0439618523 -1.10697758
0.0439286213 -1.10483243
0.0438954798 -1.1026889
0.0438624276 -1.10054698
0.0438294645 -1.09840667
0.0437965904 -1.09626797
0.043763805 -1.09413087
0.0437311081 -1.09199537
0.0436984994 -1.08986146
0.0436659789 -1.08772914
0.0436335462 -1.0855984
0.0436012011 -1.08346925
0.0435689435 -1.08134166
0.0435367732 -1.07921566
0.0435046899 -1.07709121
0.0434726934 -1.07496834
0.0434407836 -1.07284702
0.0434089602 -1.07072725
0.043377223 -1.06860904
0.0433455719 -1.06649237
0.0433140065 -1.06437724
0.0432825268 -1.06226365
0.0432511326 -1.0601516
0.0432198235 -1.05804107
0.0431885995 -1.05593207
0.0431574603 -1.05382459
0.0431264058 -1.05171863
0.0430954357 -1.04961418
0.0430645499 -1.04751124
0.0430337481 -1.0454098
0.0430030301 -1.04330987
0.0429723959 -1.04121143
0.0429418451 -1.03911448
0.0429113776 -1.03701903
0.0428809932 -1.03492505
0.0428506916 -1.03283256
0.0428204729 -1.03074154
0.0427903366 -1.028652
0.0427602827 -1.02656392
0.0427303109 -1.02447731
0.0427004211 -1.02239216
0.042670613 -1.02030846
0.0426408866 -1.01822622
0.0426112416 -1.01614543
0.0425816778 -1.01406607
0.042552195 -1.01198816
0.0425227931 -1.00991169
0.0424934719 -1.00783665
0.0424642312 -1.00576303
0.0424350708 -1.00369085
0.0424059906 -1.00162008
0.0423769903 -0.999550726
0.0423480698 -0.997482788
0.0423192289 -0.995416259
0.0422904674 -0.993351134
0.0422617852 -0.991287411
0.0422331821 -0.989225085
0.0422046578 -0.987164153
0.0421762123 -0.985104611
0.0421478454 -0.983046454
0.0421195568 -0.980989679
0.0420913464 -0.978934283
0.0420632141 -0.976880261
0.0420351597 -0.974827609
0.0420071829 -0.972776324
0.0419792837 -0.970726403
0.0419514618 -0.96867784
0.0419237171 -0.966630633
0.0418960494 -0.964584778
0.0418684586 -0.96254027
0.0418409445 -0.960497107
0.0418135069 -0.958455284
0.0417861456 -0.956414798
0.0417588606 -0.954375645
0.0417316515 -0.952337822
0.0417045183 -0.950301323
0.0416774609 -0.948266147
0.0416504789 -0.946232289
0.0416235724 -0.944199746
0.041596741 -0.942168513
0.0415699847 -0.940138588
0.0415433033 -0.938109966
0.0415166967 -0.936082644
0.0414901646 -0.934056618
0.0414637069 -0.932031885
0.0414373235 -0.930008441
0.0414110142 -0.927986282
0.0413847788 -0.925965405
0.0413586172 -0.923945806
0.0413325293 -0.921927482
0.0413065148 -0.919910429
0.0412805737 -0.917894643
0.0412547057 -0.915880121
0.0412289108 -0.913866859
0.0412031887 -0.911854854
0.0411775393 -0.909844102
0.0411519625 -0.9078346
0.0411264581 -0.905826343
0.041101026 -0.90381933
0.041075666 -0.901813555
0.041050378 -0.899809016
0.0410251617 -0.897805709
0.0410000171 -0.89580363
0.0409749441 -0.893802776
0.0409499424 -0.891803144
0.040925012 -0.88980473
0.0409001526 -0.88780753
0.0408753642 -0.885811542
0.0408506465 -0.883816761
0.0408259995 -0.881823185
0.040801423 -0.879830809
0.0407769169 -0.87783963
0.0407524809 -0.875849646
0.0407281151 -0.873860852
0.0407038192 -0.871873245
0.040679593 -0.869886821
0.0406554366 -0.867901578
0.0406313496 -0.865917512
0.040607332 -0.863934619
0.0405833837 -0.861952896
0.0405595044 -0.859972341
0.0405356941 -0.857992948
0.0405119526 -0.856014715
0.0404882798 -0.854037639
0.0404646755 -0.852061717
0.0404411397 -0.850086944
0.0404176721 -0.848113318
0.0403942726 -0.846140835
0.0403709412 -0.844169492
0.0403476776 -0.842199286
0.0403244818 -0.840230213
0.0403013536 -0.838262271
0.0402782928 -0.836295455
0.0402552994 -0.834329762
0.0402323732 -0.83236519
0.0402095141 -0.830401734
0.0401867219 -0.828439393
0.0401639966 -0.826478161
0.0401413379 -0.824518037
0.0401187458 -0.822559016
0.0400962201 -0.820601097
0.0400737608 -0.818644274
0.0400513676 -0.816688546
0.0400290404 -0.814733909
0.0400067792 -0.812780359
0.0399845837 -0.810827894
0.039962454 -0.808876511
0.0399403898 -0.806926205
0.039918391 -0.804976974
0.0398964575 -0.803028815
0.0398745891 -0.801081725
0.0398527859 -0.7991357
0.0398310475 -0.797190737
0.0398093739 -0.795246833
0.0397877651 -0.793303985
0.0397662208 -0.791362189
0.0397447409 -0.789421444
0.0397233254 -0.787481744
0.039701974 -0.785543088
0.0396806867 -0.783605472
0.0396594634 -0.781668894
0.039638304 -0.779733349
0.0396172082 -0.777798835
0.0395961761 -0.775865348
0.0395752074 -0.773932887
0.0395543021 -0.772001446
0.0395334601 -0.770071025
0.0395126812 -0.768141618
0.0394919653 -0.766213224
0.0394713124 -0.764285839
0.0394507222 -0.76235946
0.0394301947 -0.760434084
0.0394097298 -0.758509708
0.0393893273 -0.75658633
0.0393689872 -0.754663945
0.0393487093 -0.752742551
0.0393284935 -0.750822144
0.0393083397 -0.748902723
0.0392882478 -0.746984284
0.0392682177 -0.745066823
0.0392482492 -0.743150338
0.0392283423 -0.741234826
0.0392084969 -0.739320283
0.0391887128 -0.737406708
0.0391689899 -0.735494096
0.0391493281 -0.733582445
0.0391297274 -0.731671751
0.0391101876 -0.729762013
0.0390907085 -0.727853226
0.0390712902 -0.725945389
0.0390519324 -0.724038497
0.0390326352 -0.722132548
0.0390133983 -0.72022754
0.0389942217 -0.718323468
0.0389751052 -0.716420331
0.0389560488 -0.714518125
0.0389370524 -0.712616847
0.0389181158 -0.710716495
0.0388992389 -0.708817065
0.0388804218 -0.706918555
0.0388616641 -0.705020961
0.0388429659 -0.703124281
0.0388243271 -0.701228512
0.0388057475 -0.699333651
0.038787227 -0.697439695
0.0387687656 -0.695546641
0.0387503631 -0.693654486
0.0387320194 -0.691763228
0.0387137345 -0.689872864
0.0386955083 -0.68798339
0.0386773405 -0.686094804
0.0386592313 -0.684207103
0.0386411804 -0.682320284
0.0386231877 -0.680434345
0.0386052532 -0.678549282
0.0385873767 -0.676665093
0.0385695582 -0.674781774
0.0385517976 -0.672899323
0.0385340947 -0.671017738
0.0385164495 -0.669137015
0.0384988619 -0.667257151
0.0384813318 -0.665378145
0.0384638591 -0.663499992
0.0384464437 -0.66162269
0.0384290855 -0.659746236
0.0384117844 -0.657870628
0.0383945403 -0.655995863
0.0383773531 -0.654121938
0.0383602228 -0.65224885
0.0383431493 -0.650376597
0.0383261324 -0.648505175
0.038309172 -0.646634582
0.0382922681 -0.644764815
0.0382754206 -0.642895871
0.0382586295 -0.641027749
0.0382418945 -0.639160444
0.0382252156 -0.637293954
0.0382085928 -0.635428277
0.0381920259 -0.633563409
0.0381755148 -0.631699349
0.0381590595 -0.629836092
0.0381426599 -0.627973637
0.0381263159 -0.626111981
0.0381100274 -0.624251121
0.0380937943 -0.622391055
0.0380776165 -0.620531779
0.038061494 -0.618673291
0.0380454267 -0.616815589
0.0380294144 -0.614958669
0.0380134571 -0.613102529
0.0379975548 -0.611247166
0.0379817072 -0.609392578
0.0379659144 -0.607538762
0.0379501763 -0.605685714
0.0379344928 -0.603833434
0.0379188637 -0.601981917
0.037903289 -0.600131162
0.0378877687 -0.598281165
0.0378723027 -0.596431925
0.0378568908 -0.594583437
0.037841533 -0.5927357
0.0378262292 -0.590888712
0.0378109793 -0.589042468
0.0377957833 -0.587196968
0.037780641 -0.585352207
0.0377655525 -0.583508184
0.0377505175 -0.581664896
0.0377355361 -0.57982234
0.0377206081 -0.577980514
0.0377057336 -0.576139415
0.0376909123 -0.574299041
0.0376761442 -0.572459388
0.0376614293 -0.570620455
0.0376467675 -0.568782238
0.0376321587 -0.566944735
0.0376176027 -0.565107944
0.0376030997 -0.563271862
0.0375886493 -0.561436486
0.0375742517 -0.559601814
0.0375599067 -0.557767844
0.0375456143 -0.555934571
0.0375313743 -0.554101995
0.0375171867 -0.552270113
0.0375030515 -0.550438921
0.0374889685 -0.548608418
0.0374749376 -0.546778601
0.0374609589 -0.544949467
0.0374470322 -0.543121014
0.0374331575 -0.541293239
0.0374193347 -0.53946614
0.0374055637 -0.537639714
0.0373918444 -0.535813959
0.0373781768 -0.533988871
0.0373645608 -0.53216445
0.0373509964 -0.530340691
0.0373374834 -0.528517594
0.0373240219 -0.526695154
0.0373106117 -0.52487337
0.0372972527 -0.523052239
0.0372839449 -0.521231758
0.0372706883 -0.519411926
0.0372574827 -0.517592739
0.0372443281 -0.515774195
0.0372312244 -0.513956292
0.0372181716 -0.512139027
0.0372051696 -0.510322398
0.0371922183 -0.508506402
0.0371793176 -0.506691036
0.0371664676 -0.504876299
0.0371536681 -0.503062187
0.037140919 -0.501248699
0.0371282203 -0.499435832
0.037115572 -0.497623583
0.0371029739 -0.49581195
0.0370904261 -0.49400093
0.0370779284 -0.492190522
0.0370654807 -0.490380722
0.0370530831 -0.488571528
0.0370407354 -0.486762938
0.0370284377 -0.484954949
0.0370161897 -0.483147559
0.0370039915 -0.481340766
0.036991843 -0.479534566
0.0369797442 -0.477728958
0.0369676949 -0.475923939
0.0369556952 -0.474119507
0.0369437449 -0.472315659
0.036931844 -0.470512393
0.0369199924 -0.468709707
0.0369081902 -0.466907598
0.0368964371 -0.465106063
0.0368847332 -0.4633051
0.0368730784 -0.461504708
0.0368614727 -0.459704883
0.0368499159 -0.457905623
0.0368384081 -0.456106925
0.0368269491 -0.454308788
0.0368155389 -0.452511209
0.0368041775 -0.450714186
0.0367928648 -0.448917716
0.0367816008 -0.447121796
0.0367703853 -0.445326425
0.0367592183 -0.4435316
0.0367480998 -0.441737319
0.0367370298 -0.439943579
0.0367260081 -0.438150378
0.0367150347 -0.436357713
0.0367041095 -0.434565583
0.0366932326 -0.432773985
0.0366824037 -0.430982916
0.036671623 -0.429192375
0.0366608903 -0.427402358
0.0366502056 -0.425612864
0.0366395688 -0.42382389
0.0366289799 -0.422035434
0.0366184388 -0.420247494
0.0366079455 -0.418460066
0.0365974999 -0.41667315
0.0365871019 -0.414886742
0.0365767516 -0.41310084
0.0365664488 -0.411315442
0.0365561936 -0.409530546
0.0365459858 -0.407746149
0.0365358254 -0.405962249
0.0365257124 -0.404178843
0.0365156466 -0.40239593
0.0365056282 -0.400613506
0.0364956569 -0.398831571
0.0364857328 -0.397050121
0.0364758558 -0.395269154
0.0364660259 -0.393488667
0.036456243 -0.391708659
0.036446507 -0.389929128
0.036436818 -0.38815007
0.0364271758 -0.386371484
0.0364175804 -0.384593367
0.0364080319 -0.382815718
0.03639853 -0.381038533
0.0363890748 -0.37926181
0.0363796663 -0.377485548
0.0363703043 -0.375709744
0.0363609889 -0.373934395
0.03635172 -0.3721595
0.0363424975 -0.370385056
0.0363333214 -0.368611061
0.0363241917 -0.366837513
0.0363151083 -0.365064408
0.0363060712 -0.363291746
0.0362970802 -0.361519524
0.0362881355 -0.359747739
0.0362792369 -0.35797639
0.0362703844 -0.356205474
0.0362615779 -0.354434988
0.0362528175 -0.352664932
0.036244103 -0.350895301
0.0362354344 -0.349126095
0.0362268117 -0.34735731
0.0362182348 -0.345588945
0.0362097038 -0.343820998
0.0362012184 -0.342053465
0.0361927788 -0.340286346
0.0361843849 -0.338519637
0.0361760366 -0.336753337
0.0361677338 -0.334987443
0.0361594766 -0.333221953
0.0361512649 -0.331456865
0.0361430987 -0.329692176
0.0361349779 -0.327927885
0.0361269025 -0.326163988
0.0361188725 -0.324400485
0.0361108877 -0.322637373
0.0361029482 -0.320874649
0.036095054 -0.319112311
0.0360872049 -0.317350358
0.036079401 -0.315588786
0.0360716422 -0.313827594
0.0360639284 -0.312066779
0.0360562597 -0.31030634
0.0360486361 -0.308546274
0.0360410573 -0.306786579
0.0360335235 -0.305027252
0.0360260346 -0.303268292
0.0360185906 -0.301509697
0.0360111913 -0.299751463
0.0360038369 -0.297993589
0.0359965272 -0.296236074
0.0359892622 -0.294478913
0.0359820419 -0.292722107
0.0359748662 -0.290965651
0.0359677351 -0.289209544
0.0359606486 -0.287453785
0.0359536067 -0.28569837
0.0359466092 -0.283943297
0.0359396562 -0.282188565
0.0359327477 -0.280434171
0.0359258835 -0.278680114
0.0359190638 -0.276926389
0.0359122883 -0.275172997
0.0359055572 -0.273419934
0.0358988703 -0.271667199
0.0358922277 -0.269914789
0.0358856292 -0.268162701
0.035879075 -0.266410935
0.0358725649 -0.264659488
0.0358660989 -0.262908357
0.035859677 -0.26115754
0.0358532991 -0.259407036
0.0358469652 -0.257656842
0.0358406754 -0.255906956
0.0358344295 -0.254157375
0.0358282275 -0.252408099
0.0358220694 -0.250659124
0.0358159552 -0.248910448
0.0358098848 -0.24716207
0.0358038583 -0.245413986
0.0357978755 -0.243666196
0.0357919364 -0.241918697
0.0357860411 -0.240171486
0.0357801895 -0.238424562
0.0357743815 -0.236677923
0.0357686172 -0.234931566
0.0357628965 -0.233185488
0.0357572194 -0.23143969
0.0357515858 -0.229694167
0.0357459958 -0.227948917
0.0357404493 -0.22620394
0.0357349462 -0.224459232
0.0357294866 -0.222714792
0.0357240704 -0.220970617
0.0357186976 -0.219226705
0.0357133682 -0.217483054
0.0357080821 -0.215739662
0.0357028394 -0.213996528
0.0356976399 -0.212253648
0.0356924837 -0.21051102
0.0356873707 -0.208768643
0.035682301 -0.207026515
0.0356772745 -0.205284633
0.0356722911 -0.203542995
0.0356673509 -0.201801599
0.0356624538 -0.200060443
0.0356575998 -0.198319525
0.0356527889 -0.196578843
0.0356480211 -0.194838395
0.0356432963 -0.193098178
0.0356386145 -0.191358191
0.0356339756 -0.189618431
0.0356293798 -0.187878896
0.0356248269 -0.186139585
0.0356203169 -0.184400495
0.0356158498 -0.182661624
0.0356114256 -0.180922969
0.0356070442 -0.17918453
0.0356027057 -0.177446303
0.03559841 -0.175708287
0.0355941571 -0.17397048
0.0355899469 -0.172232879
0.0355857795 -0.170495482
0.0355816549 -0.168758288
0.035577573 -0.167021294
0.0355735337 -0.165284498
0.0355695372 -0.163547898
0.0355655833 -0.161811492
0.035561672 -0.160075278
0.0355578034 -0.158339254
0.0355539773 -0.156603417
0.0355501938 -0.154867766
0.035546453 -0.153132299
0.0355427546 -0.151397013
0.0355390988 -0.149661907
0.0355354855 -0.147926978
0.0355319147 -0.146192224
0.0355283863 -0.144457644
0.0355249005 -0.142723234
0.0355214571 -0.140988994
0.0355180561 -0.139254921
0.0355146975 -0.137521012
0.0355113813 -0.135787267
0.0355081075 -0.134053682
0.035504876 -0.132320256
0.0355016869 -0.130586987
0.0354985402 -0.128853872
0.0354954357 -0.12712091
0.0354923736 -0.125388098
0.0354893538 -0.123655434
0.0354863762 -0.121922917
0.0354834409 -0.120190544
0.0354805478 -0.118458314
0.035477697 -0.116726223
0.0354748884 -0.114994271
0.035472122 -0.113262454
0.0354693978 -0.111530772
0.0354667158 -0.109799221
0.0354640759 -0.1080678
0.0354614782 -0.106336507
0.0354589227 -0.10460534
0.0354564093 -0.102874296
0.035453938 -0.101143375
0.0354515088 -0.0994125722
0.0354491217 -0.0976818873
0.0354467766 -0.0959513179
0.0354444737 -0.0942208619
0.0354422128 -0.0924905172
0.035439994 -0.0907602818
0.0354378172 -0.0890301537
0.0354356825 -0.0873001307
0.0354335897 -0.0855702109
0.035431539 -0.0838403922
0.0354295303 -0.0821106725
0.0354275636 -0.0803810499
0.0354256388 -0.0786515221
0.035423756 -0.0769220873
0.0354219152 -0.0751927433
0.0354201164 -0.0734634881
0.0354183595 -0.0717343197
0.0354166445 -0.070005236
0.0354149715 -0.0682762349
0.0354133404 -0.0665473144
0.0354117512 -0.0648184725
0.0354102039 -0.0630897072
0.0354086985 -0.0613610163
0.035407235 -0.0596323978
0.0354058134 -0.0579038498
0.0354044337 -0.0561753701
0.0354030958 -0.0544469567
0.0354017999 -0.0527186075
0.0354005457 -0.0509903206
0.0353993335 -0.0492620938
0.035398163 -0.0475339252
0.0353970345 -0.0458058127
0.0353959477 -0.0440777542
0.0353949028 -0.0423497477
0.0353938997 -0.0406217912
0.0353929385 -0.0388938826
0.035392019 -0.0371660199
0.0353911414 -0.035438201
0.0353903056 -0.033710424
0.0353895116 -0.0319826867
0.0353887594 -0.0302549871
0.035388049 -0.0285273233
0.0353873804 -0.026799693
0.0353867536 -0.0250720944
0.0353861685 -0.0233445253
0.0353856253 -0.0216169838
0.0353851238 -0.0198894677
0.0353846642 -0.0181619752
0.0353842463 -0.016434504
0.0353838702 -0.0147070522
0.0353835358 -0.0129796177
0.0353832433 -0.0112521985
0.0353829925 -0.00952479256
0.0353827834 -0.00779739785
0.0353826162 -0.00607001232
0.0353824907 -0.00434263393
0.035382407 -0.00261526065
0.0353823651 -0.000887890434
0.0353823649 0.000839478756
0.0353824065 0.00256684896
0.0353824898 0.00429422221
0.035382615 0.00602160054
0.0353827819 0.007748986
0.0353829906 0.00947638063
0.035383241 0.0112037865
0.0353835332 0.0129312055
0.0353838672 0.0146586399
0.035384243 0.0163860915
0.0353846605 0.0181135625
0.0353851199 0.019841055
0.035385621 0.0215685708
0.0353861639 0.0232961121
0.0353867486 0.0250236809
0.035387375 0.0267512793
0.0353880433 0.0284789093
0.0353887533 0.0302065729
0.0353895052 0.0319342721
0.0353902989 0.0336620091
0.0353911343 0.0353897858
0.0353920116 0.0371176043
0.0353929307 0.0388454666
0.0353938916 0.0405733748
0.0353948944 0.0423013309
0.0353959389 0.044029337
0.0353970253 0.045757395
0.0353981535 0.0474855071
0.0353993236 0.0492136753
0.0354005355 0.0509419015
0.0354017893 0.052670188
0.035403085 0.0543985366
0.0354044225 0.0561269495
0.0354058019 0.0578554286
0.0354072231 0.0595839761
0.0354086863 0.061312594
0.0354101913 0.0630412843
0.0354117383 0.064770049
0.0354133271 0.0664988902
0.0354149579 0.06822781
0.0354166306 0.0699568104
0.0354183452 0.0716858935
0.0354201018 0.0734150612
0.0354219003 0.0751443157
0.0354237407 0.0768736589
0.0354256232 0.078603093
0.0354275476 0.08033262
0.0354295139 0.0820622418
0.0354315223 0.0837919607
0.0354335727 0.0855217786
0.0354356651 0.0872516975
0.0354377995 0.0889817196
0.035439976 0.0907118469
0.0354421944 0.0924420814
0.035444455 0.0941724251
0.0354467576 0.0959028802
0.0354491023 0.0976334487
0.035451489 0.0993641326
0.0354539179 0.101094934
0.0354563888 0.102825855
0.0354589019 0.104556898
0.0354614571 0.106288064
0.0354640545 0.108019356
0.035466694 0.109750775
0.0354693757 0.111482325
0.0354720996 0.113214006
0.0354748656 0.114945822
0.0354776739 0.116677773
0.0354805244 0.118409862
0.0354834171 0.120142092
0.0354863521 0.121874464
0.0354893293 0.12360698
0.0354923488 0.125339642
0.0354954106 0.127072452
0.0354985147 0.128805414
0.0355016612 0.130538527
0.0355048499 0.132271795
0.035508081 0.13400522
0.0355113545 0.135738803
0.0355146704 0.137472548
0.0355180286 0.139206455
0.0355214293 0.140940527
0.0355248724 0.142674766
0.0355283579 0.144409174
0.0355318859 0.146143753
0.0355354564 0.147878505
0.0355390694 0.149613433
0.0355427248 0.151348537
0.0355464229 0.153083822
0.0355501634 0.154819287
0.0355539466 0.156554937
0.0355577723 0.158290772
0.0355616406 0.160026794
0.0355655515 0.161763007
0.0355695051 0.163499411
0.0355735013 0.16523601
0.0355775402 0.166972804
0.0355816218 0.168709796
0.0355857462 0.170446989
0.0355899132 0.172184384
0.035594123 0.173921983
0.0355983756 0.175659789
0.035602671 0.177397804
0.0356070092 0.179136029
0.0356113903 0.180874466
0.0356158141 0.182613119
0.0356202809 0.184351988
0.0356247906 0.186091077
0.0356293432 0.187830386
0.0356339387 0.189569919
0.0356385772 0.191309677
0.0356432587 0.193049663
0.0356479832 0.194789878
0.0356527508 0.196530324
0.0356575613 0.198271004
0.035662415 0.20001192
0.0356673118 0.201753074
0.0356722517 0.203494468
0.0356772347 0.205236104
0.0356822609 0.206977984
0.0356873304 0.208720111
0.035692443 0.210462486
0.0356975989 0.212205111
0.035702798 0.213947989
0.0357080405 0.215691122
0.0357133262 0.217434512
0.0357186553 0.21917816
0.0357240278 0.22092207
0.0357294437 0.222666243
0.035734903 0.224410681
0.0357404058 0.226155387
0.035745952 0.227900362
0.0357515417 0.229645609
0.035757175 0.23139113
0.0357628518 0.233136927
0.0357685722 0.234883002
0.0357743362 0.236629357
0.0357801438 0.238375994
0.0357859952 0.240122916
0.0357918902 0.241870124
0.0357978289 0.243617621
0.0358038114 0.245365409
0.0358098377 0.24711349
0.0358159077 0.248861866
0.0358220217 0.250610539
0.0358281794 0.252359512
0.0358343811 0.254108786
0.0358406267 0.255858364
0.0358469163 0.257608248
0.0358532498 0.25935844
0.0358596274 0.261108941
0.035866049 0.262859756
0.0358725147 0.264610884
0.0358790246 0.266362329
0.0358855785 0.268114093
0.0358921767 0.269866178
0.035898819 0.271618585
0.0359055056 0.273371318
0.0359122364 0.275124379
0.0359190116 0.276877768
0.0359258311 0.27863149
0.0359326949 0.280385545
0.0359396032 0.282139937
0.0359465559 0.283894666
0.0359535531 0.285649736
0.0359605948 0.287405148
0.035967681 0.289160905
0.0359748118 0.290917009
0.0359819871 0.292673462
0.0359892072 0.294430266
0.0359964719 0.296187424
0.0360037813 0.297944937
0.0360111355 0.299702808
0.0360185344 0.301461038
0.0360259782 0.303219631
0.0360334668 0.304978589
0.0360410004 0.306737912
0.0360485788 0.308497605
0.0360562022 0.310257668
0.0360638706 0.312018104
0.0360715841 0.313778916
0.0360793426 0.315540105
0.0360871463 0.317301674
0.0360949951 0.319063625
0.0361028891 0.32082596
0.0361108283 0.322588681
0.0361188128 0.32435179
0.0361268426 0.326115291
0.0361349177 0.327879184
0.0361430383 0.329643472
0.0361512042 0.331408158
0.0361594156 0.333173243
0.0361676726 0.33493873
0.036175975 0.336704621
0.0361843231 0.338470918
0.0361927168 0.340237624
0.0362011562 0.34200474
0.0362096412 0.34377227
0.036218172 0.345540214
0.0362267487 0.347308576
0.0362353711 0.349077358
0.0362440394 0.350846561
0.0362527537 0.352616188
0.0362615139 0.354386242
0.0362703201 0.356156724
0.0362791724 0.357927637
0.0362880707 0.359698983
0.0362970152 0.361470765
0.0363060059 0.363242984
0.0363150428 0.365015643
0.0363241259 0.366788744
0.0363332554 0.368562289
0.0363424312 0.370336281
0.0363516535 0.372110722
0.0363609222 0.373885614
0.0363702374 0.375660959
0.0363795991 0.37743676
0.0363890074 0.379213019
0.0363984623 0.380989738
0.0364079639 0.382766919
0.0364175123 0.384544566
0.0364271074 0.386322679
0.0364367494 0.388101262
0.0364464382 0.389880316
0.0364561739 0.391659844
0.0364659566 0.393439849
0.0364757863 0.395220332
0.0364856631 0.397001296
0.036495587 0.398782742
0.036505558 0.400564674
0.0365155762 0.402347094
0.0365256418 0.404130004
0.0365357546 0.405913406
0.0365459148 0.407697303
0.0365561223 0.409481697
0.0365663774 0.411266589
0.0365766799 0.413051984
0.0365870301 0.414837882
0.0365974278 0.416624287
0.0366078732 0.4184112
0.0366183663 0.420198623
0.0366289072 0.42198656
0.0366394959 0.423775013
0.0366501325 0.425563983
0.036660817 0.427353474
0.0366715495 0.429143487
0.03668233 0.430934025
0.0366931587 0.43272509
0.0367040354 0.434516684
0.0367149604 0.436308811
0.0367259336 0.438101471
0.0367369551 0.439894669
0.036748025 0.441688405
0.0367591433 0.443482683
0.03677031 0.445277504
0.0367815253 0.447072871
0.0367927892 0.448868787
0.0368041017 0.450665254
0.036815463 0.452462274
0.0368268729 0.454259849
0.0368383317 0.456057982
0.0368498394 0.457856676
0.036861396 0.459655932
0.0368730016 0.461455753
0.0368846562 0.463256142
0.0368963599 0.465057101
0.0369081128 0.466858632
0.0369199149 0.468660737
0.0369317663 0.47046342
0.036943667 0.472266682
0.0369556171 0.474070526
0.0369676167 0.475874954
0.0369796658 0.47767997
0.0369917645 0.479485574
0.0370039128 0.481291769
0.0370161109 0.483098559
0.0370283587 0.484905945
0.0370406563 0.48671393
0.0370530038 0.488522516
0.0370654013 0.490331706
0.0370778488 0.492141502
0.0370903464 0.493951907
0.0371028941 0.495762923
0.037115492 0.497574552
0.0371281402 0.499386797
0.0371408387 0.50119966
0.0371535876 0.503013144
0.037166387 0.504827252
0.0371792369 0.506641985
0.0371921375 0.508457347
0.0372050886 0.510273339
0.0372180905 0.512089964
0.0372311432 0.513907225
0.0372442468 0.515725124
0.0372574012 0.517543664
0.0372706067 0.519362847
0.0372838632 0.521182675
0.0372971709 0.523003152
0.0373105297 0.524824279
0.0373239399 0.526646059
0.0373374013 0.528468495
0.0373509142 0.530291588
0.0373644785 0.532115343
0.0373780944 0.53393976
0.0373917618 0.535764843
0.037405481 0.537590595
0.0374192519 0.539417017
0.0374330746 0.541244112
0.0374469493 0.543071883
0.0374608759 0.544900332
0.0374748545 0.546729461
0.0374888852 0.548559275
0.0375029682 0.550389774
0.0375171033 0.552220961
0.0375312908 0.55405284
0.0375455307 0.555885412
0.0375598231 0.55771868
0.037574168 0.559552646
0.0375885656 0.561387314
0.0376030158 0.563222686
0.0376175188 0.565058764
0.0376320747 0.566895551
0.0376466834 0.568733049
0.0376613452 0.570571262
0.0376760601 0.572410191
0.037690828 0.57424984
0.0377056493 0.57609021
0.0377205238 0.577931305
0.0377354517 0.579773127
0.0377504331 0.581615679
0.037765468 0.583458963
0.0377805565 0.585302981
0.0377956987 0.587147738
0.0378108947 0.588993234
0.0378261445 0.590839473
0.0378414482 0.592686458
0.037856806 0.594534191
0.0378722179 0.596382674
0.0378876839 0.598231911
0.0379032042 0.600081903
0.0379187788 0.601932654
0.0379344079 0.603784167
0.0379500914 0.605636443
0.0379658295 0.607489486
0.0379816223 0.609343298
0.0379974698 0.611197882
0.0380133722 0.613053241
0.0380293294 0.614909376
0.0380453417 0.616766292
0.0380614091 0.618623991
0.0380775316 0.620482474
0.0380937093 0.622341746
0.0381099424 0.624201808
0.0381262309 0.626062664
0.038142575 0.627924316
0.0381589746 0.629786767
0.0381754299 0.631650019
0.0381919409 0.633514075
0.0382085079 0.635378939
0.0382251307 0.637244612
0.0382418096 0.639111097
0.0382585446 0.640978398
0.0382753359 0.642846517
0.0382921834 0.644715456
0.0383090873 0.646585219
0.0383260477 0.648455807
0.0383430646 0.650327225
0.0383601382 0.652199475
0.0383772686 0.654072558
0.0383944558 0.655946479
0.0384116999 0.65782124
0.0384290011 0.659696844
0.0384463594 0.661573294
0.0384637749 0.663450591
0.0384812476 0.66532874
0.0384987778 0.667207743
0.0385163655 0.669087602
0.0385340108 0.670968321
0.0385517137 0.672849902
0.0385694744 0.674732349
0.038587293 0.676615663
0.0386051695 0.678499849
0.0386231041 0.680384907
0.0386410969 0.682270843
0.0386591479 0.684157658
0.0386772573 0.686045354
0.0386954251 0.687933936
0.0387136515 0.689823406
0.0387319365 0.691713766
0.0387502802 0.69360502
0.0387686828 0.695497171
0.0387871444 0.697390221
0.038805665 0.699284173
0.0388242447 0.70117903
0.0388428837 0.703074795
0.038861582 0.70497147
0.0388803398 0.70686906
0.0388991571 0.708767566
0.0389180341 0.710666992
0.0389369708 0.712567341
0.0389559674 0.714468614
0.0389750239 0.716370817
0.0389941405 0.71827395
0.0390133173 0.720178017
0.0390325544 0.722083022
0.0390518518 0.723988967
0.0390712097 0.725895854
0.0390906282 0.727803688
0.0391101074 0.729712471
0.0391296474 0.731622205
0.0391492484 0.733532895
0.0391689103 0.735444542
0.0391886334 0.73735715
0.0392084177 0.739270721
0.0392282633 0.74118526
0.0392481704 0.743100768
0.0392681391 0.745017249
0.0392881694 0.746934706
0.0393082615 0.748853142
0.0393284155 0.75077256
0.0393486315 0.752692962
0.0393689097 0.754614352
0.03938925 0.756536733
0.0394096527 0.758460108
0.0394301179 0.76038448
0.0394506456 0.762309852
0.039471236 0.764236227
0.0394918892 0.766163609
0.0395126053 0.768091999
0.0395333845 0.770021402
0.0395542268 0.77195182
0.0395751323 0.773883256
0.0395961012 0.775815715
0.0396171336 0.777749197
0.0396382297 0.779683708
0.0396593894 0.781619249
0.039680613 0.783555824
0.0397019006 0.785493436
0.0397232522 0.787432089
0.039744668 0.789371784
0.0397661482 0.791312527
0.0397876928 0.793254318
0.039809302 0.795197163
0.0398309759 0.797141063
0.0398527145 0.799086023
0.0398745181 0.801032044
0.0398963868 0.802979131
0.0399183206 0.804927287
0.0399403197 0.806876514
0.0399623843 0.808826816
0.0399845144 0.810778196
0.0400067102 0.812730658
0.0400289718 0.814684204
0.0400512993 0.816638838
0.0400736928 0.818594563
0.0400961526 0.820551382
0.0401186786 0.822509298
0.0401412711 0.824468316
0.0401639301 0.826428437
0.0401866559 0.828389665
0.0402094484 0.830352003
0.0402323079 0.832315455
0.0402552345 0.834280025
0.0402782284 0.836245714
0.0403012895 0.838212527
0.0403244181 0.840180466
0.0403476144 0.842149536
0.0403708784 0.844119739
0.0403942102 0.846091079
0.0404176101 0.848063558
0.0404410781 0.850037181
0.0404646144 0.852011951
0.0404882191 0.853987871
0.0405118924 0.855964944
0.0405356343 0.857943173
0.0405594451 0.859922563
0.0405833248 0.861903116
0.0406072737 0.863884836
0.0406312917 0.865867726
0.0406553792 0.867851789
0.0406795362 0.869837029
0.0407037628 0.87182345
0.0407280592 0.873811054
0.0407524256 0.875799846
0.040776862 0.877789827
0.0408013686 0.879781003
0.0408259457 0.881773376
0.0408505932 0.88376695
0.0408753114 0.885761728
0.0409001003 0.887757714
0.0409249603 0.889754911
0.0409498913 0.891753323
0.0409748935 0.893752952
0.0409999671 0.895753804
0.0410251122 0.89775588
0.041050329 0.899759185
0.0410756177 0.901763721
0.0411009783 0.903769494
0.041126411 0.905776505
0.041151916 0.907784759
0.0411774934 0.909794259
0.0412031433 0.911805009
0.041228866 0.913817012
0.0412546616 0.915830271
0.0412805302 0.917844791
0.041306472 0.919860575
0.0413324871 0.921877626
0.0413585756 0.923895948
0.0413847379 0.925915545
0.0414109739 0.92793642
0.0414372839 0.929958577
0.0414636679 0.931982019
0.0414901263 0.93400675
0.0415166591 0.936032774
0.0415432664 0.938060094
0.0415699485 0.940088714
0.0415967055 0.942118638
0.0416235376 0.944149868
0.0416504448 0.94618241
0.0416774275 0.948216267
0.0417044857 0.950251441
0.0417316196 0.952287938
0.0417588294 0.95432576
0.0417861152 0.956364911
0.0418134772 0.958405396
0.0418409156 0.960447217
0.0418684305 0.962490379
0.0418960221 0.964534885
0.0419236905 0.966580739
0.041951436 0.968627944
0.0419792587 0.970676506
0.0420071587 0.972726426
0.0420351363 0.97477771
0.0420631915 0.97683036
0.0420913247 0.978884381
0.0421195359 0.980939776
0.0421478253 0.98299655
0.0421761931 0.985054706
0.0422046395 0.987114247
0.0422331646 0.989175179
0.0422617686 0.991237503
0.0422904516 0.993301226
0.042319214 0.995366349
0.0423480558 0.997432878
0.0423769772 0.999500816
0.0424059784 1.00157017
0.0424350595 1.00364093
0.0424642209 1.00571312
0.0424934625 1.00778673
0.0425227846 1.00986178
0.0425521875 1.01193825
0.0425816712 1.01401616
0.0426112359 1.01609551
0.0426408819 1.01817631
0.0426706093 1.02025855
0.0427004184 1.02234224
0.0427303092 1.0244274
0.0427602819 1.02651401
0.0427903369 1.02860208
0.0428204742 1.03069163
0.042850694 1.03278264
0.0428809965 1.03487514
0.042911382 1.03696911
0.0429418506 1.03906457
0.0429724024 1.04116152
0.0430030377 1.04325995
0.0430337568 1.04535989
0.0430645596 1.04746133
0.0430954466 1.04956427
0.0431264178 1.05166872
0.0431574734 1.05377468
0.0431886137 1.05588216
0.0432198389 1.05799116
0.043251149 1.06010169
0.0432825445 1.06221374
0.0433140253 1.06432733
0.0433455918 1.06644246
0.0433772441 1.06855913
0.0434089825 1.07067734
0.0434408071 1.07279711
0.0434727181 1.07491843
0.0435047158 1.07704131
0.0435368003 1.07916575
0.0435689719 1.08129176
0.0436012307 1.08341935
0.043633577 1.0855485
0.043666011 1.08767924
0.0436985328 1.08981156
0.0437311428 1.09194548
0.043763841 1.09408098
0.0437966277 1.09621808
0.0438295032 1.09835678
0.0438624675 1.10049709
0.043895521 1.10263901
0.0439286639 1.10478255
0.0439618963 1.1069277
0.0439952185 1.10907447
0.0440286307 1.11122288
0.0440621331 1.11337292
0.0440957259 1.11552459
0.0441294094 1.1176779
0.0441631838 1.11983286
0.0441970492 1.12198947
0.0442310059 1.12414773
0.0442650542 1.12630766
0.0442991942 1.12846924
0.0443334262 1.13063249
0.0443677503 1.13279742
0.0444021669 1.13496402
0.0444366762 1.13713231
0.0444712783 1.13930227
0.0445059735 1.14147393
0.044540762 1.14364729
0.0445756441 1.14582234
0.04461062 1.1479991
0.0446456899 1.15017757
0.044680854 1.15235774
0.0447161126 1.15453964
0.044751466 1.15672326
0.0447869142 1.15890861
0.0448224577 1.16109568
0.0448580966 1.1632845
0.0448938311 1.16547505
0.0449296615 1.16766735
0.044965588 1.1698614
0.0450016109 1.17205721
0.0450377305 1.17425477
0.0450739468 1.1764541
0.0451102603 1.1786552
0.0451466711 1.18085808
0.0451831794 1.18306273
0.0452197856 1.18526916
0.0452564899 1.18747738
0.0452932925 1.1896874
0.0453301936 1.19189921
0.0453671936 1.19411283
0.0454042926 1.19632825
0.0454414909 1.19854549
0.0454787888 1.20076454
0.0455161865 1.20298541
0.0455536843 1.20520811
0.0455912824 1.20743265
0.0456289811 1.20965901
0.0456667806 1.21188723
0.0457046812 1.21411728
0.0457426831 1.21634919
0.0457807867 1.21858296
0.0458189921 1.22081858
0.0458572997 1.22305607
0.0458957096 1.22529544
0.0459342222 1.22753668
0.0459728378 1.2297798
0.0460115565 1.2320248
0.0460503787 1.2342717
0.0460893045 1.2365205
0.0461283344 1.23877119
0.0461674685 1.24102379
0.0462067072 1.24327831
0.0462460506 1.24553474
0.0462854991 1.24779309
0.046325053 1.25005337
0.0463647125 1.25231558
0.0464044778 1.25457973
0.0464443494 1.25684582
0.0464843274 1.25911386
0.0465244121 1.26138385
0.0465646038 1.2636558
0.0466049028 1.26592971
0.0466453094 1.26820559
0.0466858238 1.27048344
0.0467264463 1.27276328
0.0467671773 1.2750451
0.046808017 1.2773289
0.0468489656 1.2796147
0.0468900236 1.28190251
0.0469311911 1.28419231
0.0469724685 1.28648413
0.047013856 1.28877797
0.047055354 1.29107382
0.0470969627 1.2933717
0.0471386825 1.29567162
0.0471805135 1.29797357
0.0472224562 1.30027757
0.0472645109 1.30258361
0.0473066778 1.30489171
0.0473489571 1.30720187
0.0473913494 1.3095141
0.0474338547 1.31182839
0.0474764735 1.31414476
0.0475192061 1.31646321
0.0475620526 1.31878375
0.0476050136 1.32110638
0.0476480892 1.32343111
0.0476912798 1.32575795
0.0477345857 1.32808689
0.0477780071 1.33041795
0.0478215445 1.33275113
0.0478651982 1.33508644
0.0479089683 1.33742388
0.0479528554 1.33976346
0.0479968596 1.34210518
0.0480409813 1.34444905
0.0480852208 1.34679507
0.0481295785 1.34914326
0.0481740547 1.35149361
0.0482186497 1.35384613
0.0482633638 1.35620084
0.0483081973 1.35855772
0.0483531506 1.3609168
0.048398224 1.36327807
0.0484434179 1.36564155
0.0484887325 1.36800723
0.0485341683 1.37037512
0.0485797255 1.37274524
0.0486254045 1.37511758
0.0486712056 1.37749215
0.0487171291 1.37986895
0.0487631755 1.382248
0.0488093449 1.3846293
0.0488556379 1.38701286
0.0489020547 1.38939867
0.0489485957 1.39178675
0.0489952612 1.39417711
0.0490420516 1.39656974
0.0490889672 1.39896466
0.0491360084 1.40136187
0.0491831755 1.40376138
0.0492304689 1.4061632
0.0492778889 1.40856732
0.0493254359 1.41097376
0.0493731103 1.41338252
0.0494209124 1.41579361
0.0494688425 1.41820703
0.0495169011 1.4206228
0.0495650885 1.42304091
0.0496134051 1.42546138
0.0496618512 1.4278842
0.0497104272 1.43030939
0.0497591335 1.43273696
0.0498079704 1.4351669
0.0498569383 1.43759923
0.0499060377 1.44003395
0.0499552688 1.44247107
0.0500046321 1.44491059
0.0500541279 1.44735253
0.0501037565 1.44979688
0.0501535185 1.45224365
0.0502034142 1.45469286
0.0502534439 1.4571445
0.0503036081 1.45959859
0.0503539071 1.46205512
0.0504043413 1.46451412
0.0504549111 1.46697557
0.050505617 1.4694395
0.0505564592 1.4719059
0.0506074383 1.47437479
0.0506585546 1.47684616
0.0507098084 1.47932004
0.0507612002 1.48179641
0.0508127305 1.4842753
0.0508643995 1.4867567
0.0509162078 1.48924062
0.0509681557 1.49172708
0.0510202436 1.49421607
0.0510724719 1.49670761
0.0511248411 1.4992017
0.0511773516 1.50169834
0.0512300037 1.50419755
0.051282798 1.50669933
0.0513357347 1.50920369
0.0513888144 1.51171064
0.0514420375 1.51422018
0.0514954043 1.51673231
0.0515489153 1.51924706
0.051602571 1.52176441
0.0516563718 1.52428439
0.051710318 1.526807
0.0517644102 1.52933224
0.0518186488 1.53186012
0.0518730342 1.53439065
0.0519275668 1.53692384
0.051982247 1.53945969
0.0520370755 1.54199821
0.0520920524 1.54453941
0.0521471784 1.54708329
0.0522024539 1.54962986
0.0522578792 1.55217914
0.052313455 1.55473112
0.0523691815 1.55728582
0.0524250593 1.55984324
0.0524810888 1.56240338
0.0525372706 1.56496627
0.0525936049 1.56753189
0.0526500924 1.57010027
0.0527067334 1.57267141
0.0527635285 1.57524531
0.0528204781 1.57782199
0.0528775826 1.58040145
0.0529348426 1.5829837
0.0529922586 1.58556874
0.0530498309 1.58815659
0.0531075601 1.59074725
0.0531654466 1.59334073
0.053223491 1.59593703
0.0532816937 1.59853617
0.0533400552 1.60113816
0.053398576 1.60374299
0.0534572566 1.60635068
0.0535160974 1.60896124
0.053575099 1.61157467
0.0536342619 1.61419098
0.0536935866 1.61681018
0.0537530735 1.61943228
0.0538127232 1.62205729
0.0538725361 1.6246852
0.0539325128 1.62731604
0.0539926538 1.62994981
0.0540529596 1.63258651
0.0541134307 1.63522616
0.0541740676 1.63786877
0.0542348709 1.64051433
0.054295841 1.64316286
0.0543569785 1.64581438
0.0544182839 1.64846887
0.0544797577 1.65112636
0.0545414005 1.65378686
0.0546032127 1.65645036
0.054665195 1.65911688
0.0547273479 1.66178643
0.0547896718 1.66445902
0.0548521673 1.66713464
0.0549148351 1.66981332
0.0549776755 1.67249506
0.0550406892 1.67517987
0.0551038767 1.67786776
0.0551672386 1.68055873
0.0552307754 1.6832528
0.0552944876 1.68594997
0.0553583759 1.68865025
0.0554224407 1.69135365
0.0554866827 1.69406018
0.0555511025 1.69676985
0.0556157005 1.69948266
0.0556804773 1.70219863
0.0557454336 1.70491776
0.0558105698 1.70764006
0.0558758867 1.71036555
0.0559413847 1.71309422
0.0560070644 1.71582609
0.0560729264 1.71856117
0.0561389714 1.72129947
0.0562051998 1.72404099
0.0562716124 1.72678575
0.0563382096 1.72953375
0.0564049921 1.732285
0.0564719605 1.73503951
0.0565391153 1.7377973
0.0566064573 1.74055836
0.0566739869 1.74332271
0.0567417048 1.74609036
0.0568096117 1.74886131
0.0568777081 1.75163559
0.0569459946 1.75441318
0.0570144719 1.75719412
0.0570831406 1.75997839
0.0571520013 1.76276602
0.0572210547 1.76555701
0.0572903013 1.76835138
0.0573597418 1.77114912
0.0574293769 1.77395026
0.0574992072 1.7767548
0.0575692334 1.77956275
0.057639456 1.78237411
0.0577098757 1.78518891
0.0577804932 1.78800715
0.0578513091 1.79082883
0.0579223242 1.79365397
0.0579935389 1.79648258
0.0580649541 1.79931467
0.0581365704 1.80215024
0.0582083884 1.80498932
0.0582804088 1.8078319
0.0583526323 1.81067799
0.0584250595 1.81352762
0.0584976912 1.81638078
0.0585705281 1.81923748
0.0586435707 1.82209775
0.0587168199 1.82496158
0.0587902762 1.82782898
0.0588639405 1.83069998
0.0589378133 1.83357457
0.0590118954 1.83645277
0.0590861875 1.83933458
0.0591606903 1.84222003
0.0592354045 1.84510911
0.0593103309 1.84800184
0.0593854701 1.85089823
0.0594608228 1.85379829
0.0595363899 1.85670203
0.0596121719 1.85960946
0.0596881697 1.86252059
0.059764384 1.86543543
0.0598408155 1.86835399
0.0599174649 1.87127628
0.0599943331 1.87420232
0.0600714207 1.87713211
0.0601487284 1.88006567
0.0602262571 1.883003
0.0603040075 1.88594411
0.0603819804 1.88888903
0.0604601765 1.89183774
0.0605385966 1.89479028
0.0606172414 1.89774665
0.0606961118 1.90070686
0.0607752085 1.90367092
0.0608545322 1.90663884
0.0609340839 1.90961063
0.0610138642 1.91258631
0.061093874 1.91556589
0.061174114 1.91854937
0.061254585 1.92153677
0.0613352879 1.9245281
0.0614162235 1.92752337
0.0614973925 1.93052259
0.0615787958 1.93352578
0.0616604341 1.93653294
0.0617423084 1.93954409
0.0618244195 1.94255923
0.061906768 1.94557839
0.061989355 1.94860156
0.0620721812 1.95162877
0.0621552475 1.95466003
0.0622385547 1.95769533
0.0623221036 1.96073471
0.0624058952 1.96377817
0.0624899302 1.96682571
0.0625742096 1.96987737
0.0626587341 1.97293313
0.0627435047 1.97599303
0.0628285222 1.97905706
0.0629137875 1.98212524
0.0629993014 1.98519759
0.0630850649 1.98827411
0.0631710789 1.99135482
0.0632573442 1.99443974
0.0633438617 1.99752886
0.0634306324 2.00062221
0.0635176571 2.00371979
0.0636049367 2.00682162
0.0636924721 2.00992772
0.0637802644 2.01303809
0.0638683143 2.01615275
0.0639566228 2.0192717
0.0640451909 2.02239497
0.0641340194 2.02552256
0.0642231093 2.02865449
0.0643124616 2.03179077
0.0644020772 2.03493141
0.064491957 2.03807643
0.064582102 2.04122584
0.0646725132 2.04437964
0.0647631915 2.04753787
0.0648541379 2.05070052
0.0649453534 2.05386761
0.0650368389 2.05703915
0.0651285954 2.06021516
0.0652206239 2.06339565
0.0653129254 2.06658064
0.065405501 2.06977013
0.0654983515 2.07296414
0.065591478 2.07616269
0.0656848815 2.07936578
0.0657785631 2.08257344
0.0658725237 2.08578566
0.0659667644 2.08900248
0.0660612862 2.09222389
0.0661560901 2.09544993
0.0662511772 2.09868059
0.0663465485 2.10191589
0.0664422051 2.10515585
0.066538148 2.10840048
0.0666343783 2.11164979
0.066730897 2.11490381
0.0668277052 2.11816253
0.0669248041 2.12142599
0.0670221946 2.12469418
0.0671198778 2.12796713
0.0672178549 2.13124485
0.067316127 2.13452735
0.0674146951 2.13781465
0.0675135603 2.14110676
0.0676127238 2.1444037
0.0677121866 2.14770548
0.06781195 2.15101212
0.0679120149 2.15432363
0.0680123827 2.15764002
0.0681130543 2.16096131
0.0682140309 2.16428752
0.0683153138 2.16761866
0.068416904 2.17095475
0.0685188027 2.17429579
0.068621011 2.17764181
0.0687235302 2.18099282
0.0688263614 2.18434884
0.0689295058 2.18770987
0.0690329646 2.19107594
0.069136739 2.19444707
0.0692408302 2.19782326
0.0693452393 2.20120453
0.0694499677 2.2045909
0.0695550164 2.20798238
0.0696603869 2.21137899
0.0697660802 2.21478075
0.0698720976 2.21818766
0.0699784404 2.22159975
0.0700851097 2.22501704
0.070192107 2.22843953
0.0702994333 2.23186724
0.0704070901 2.2353002
0.0705150785 2.23873841
0.0706233998 2.2421819
0.0707320554 2.24563067
0.0708410464 2.24908474
0.0709503743 2.25254414
0.0710600404 2.25600888
0.0711700458 2.25947897
0.071280392 2.26295443
0.0713910803 2.26643528
0.071502112 2.26992153
0.0716134885 2.2734132
0.071725211 2.27691031
0.071837281 2.28041288
0.0719496998 2.28392091
0.0720624687 2.28743444
0.0721755892 2.29095347
0.0722890626 2.29447802
0.0724028904 2.29800811
0.0725170738 2.30154376
0.0726316143 2.30508498
0.0727465133 2.3086318
0.0728617722 2.31218422
0.0729773925 2.31574228
0.0730933756 2.31930597
0.0732097228 2.32287533
0.0733264357 2.32645037
0.0734435157 2.33003111
0.0735609642 2.33361756
0.0736787828 2.33720975
0.0737969728 2.34080768
0.0739155359 2.34441139
0.0740344733 2.34802089
0.0741537868 2.35163619
0.0742734777 2.35525732
0.0743935475 2.35888429
0.0745139979 2.36251712
0.0746348302 2.36615584
0.0747560461 2.36980045
0.0748776471 2.37345098
0.0749996347 2.37710744
0.0751220105 2.38076986
0.0752447761 2.38443826
0.075367933 2.38811264
0.0754914828 2.39179305
0.0756154272 2.39547948
0.0757397676 2.39917196
0.0758645057 2.40287051
0.0759896431 2.40657515
0.0761151815 2.4102859
0.0762411225 2.41400278
0.0763674677 2.41772581
0.0764942187 2.42145501
0.0766213773 2.42519039
0.0767489451 2.42893198
0.0768769237 2.4326798
0.0770053149 2.43643386
0.0771341203 2.44019419
0.0772633416 2.44396082
0.0773929806 2.44773374
0.0775230389 2.451513
0.0776535184 2.45529861
0.0777844207 2.45909058
0.0779157475 2.46288895
0.0780475007 2.46669373
0.078179682 2.47050493
0.0783122931 2.47432259
0.0784453359 2.47814673
0.0785788122 2.48197736
0.0787127236 2.4858145
0.0788470722 2.48965818
0.0789818596 2.49350842
0.0791170877 2.49736524
0.0792527584 2.50122866
0.0793888735 2.5050987
0.0795254348 2.50897539
0.0796624443 2.51285874
0.0797999038 2.51674879
0.0799378151 2.52064554
0.0800761803 2.52454902
0.0802150012 2.52845926
0.0803542797 2.53237627
0.0804940178 2.53630009
0.0806342174 2.54023072
0.0807748804 2.5441682
0.0809160089 2.54811254
0.0810576047 2.55206377
0.0811996699 2.55602192
0.0813422065 2.559987
0.0814852164 2.56395903
0.0816287018 2.56793805
0.0817726645 2.57192407
0.0819171067 2.57591712
0.0820620304 2.57991722
0.0822074377 2.58392439
0.0823533306 2.58793866
0.0824997112 2.59196005
0.0826465816 2.59598859
0.0827939439 2.60002429
0.0829418003 2.60406719
0.0830901528 2.60811731
0.0832390036 2.61217467
0.0833883549 2.61623929
0.0835382087 2.6203112
0.0836885674 2.62439043
0.083839433 2.628477
0.0839908078 2.63257093
0.084142694 2.63667224
0.0842950938 2.64078098
0.0844480094 2.64489715
0.0846014432 2.64902078
0.0847553973 2.65315191
0.084909874 2.65729054
0.0850648756 2.66143672
0.0852204044 2.66559047
0.0853764628 2.6697518
0.085533053 2.67392075
0.0856901774 2.67809735
0.0858478383 2.68228161
0.0860060381 2.68647357
0.0861647792 2.69067325
0.086324064 2.69488068
0.0864838948 2.69909589
0.0866442742 2.70331889
0.0868052044 2.70754972
0.086966688 2.71178841
0.0871287274 2.71603498
0.0872913251 2.72028946
0.0874544835 2.72455187
0.0876182053 2.72882225
0.0877824928 2.73310061
0.0879473486 2.737387
0.0881127753 2.74168143
0.0882787754 2.74598394
0.0884453515 2.75029455
0.0886125062 2.75461328
0.088780242 2.75894018
0.0889485617 2.76327526
0.0891174677 2.76761856
0.0892869628 2.7719701
0.0894570496 2.77632991
0.0896277309 2.78069803
0.0897990092 2.78507447
0.0899708873 2.78945928
0.0901433679 2.79385247
0.0903164538 2.79825408
0.0904901477 2.80266414
0.0906644524 2.80708267
0.0908393707 2.81150972
0.0910149053 2.8159453
0.0911910591 2.82038944
0.0913678349 2.82484218
0.0915452356 2.82930355
0.091723264 2.83377358
0.0919019231 2.8382523
0.0920812156 2.84273973
0.0922611446 2.84723592
0.092441713 2.85174088
0.0926229237 2.85625466
0.0928047797 2.86077729
0.092987284 2.86530878
0.0931704395 2.86984919
0.0933542494 2.87439853
0.0935387166 2.87895684
0.0937238442 2.88352416
0.0939096353 2.88810051
0.0940960929 2.89268592
0.0942832202 2.89728044
0.0944710204 2.90188409
0.0946594965 2.9064969
0.0948486517 2.91111891
0.0950384892 2.91575015
0.0952290123 2.92039065
0.095420224 2.92504046
0.0956121278 2.92969959
0.0958047268 2.93436809
0.0959980243 2.93904599
0.0961920237 2.94373332
0.0963867282 2.94843012
0.0965821412 2.95313642
0.0967782661 2.95785225
0.0969751061 2.96257766
0.0971726648 2.96731267
0.0973709456 2.97205732
0.0975699519 2.97681165
0.0977696871 2.98157569
0.0979701548 2.98634947
0.0981713584 2.99113304
0.0983733015 2.99592643
0.0985759876 3.00072967
0.0987794203 3.0055428
0.0989836032 3.01036586
0.0991885399 3.01519888
0.099394234 3.0200419
0.0996006892 3.02489496
0.0998079092 3.02975809
0.100015898 3.03463134
0.100224658 3.03951473
0.100434195 3.04440831
0.100644511 3.04931212
0.100855611 3.05422618
0.101067498 3.05915055
0.101280177 3.06408526
0.10149365 3.06903034
0.101707922 3.07398584
0.101922997 3.0789518
0.102138879 3.08392825
0.102355572 3.08891523
0.102573079 3.09391279
0.102791405 3.09892096
0.103010554 3.10393978
0.103230529 3.1089693
0.103451336 3.11400955
0.103672977 3.11906057
0.103895458 3.12412241
0.104118782 3.1291951
0.104342953 3.13427869
0.104567977 3.13937322
0.104793856 3.14447873
0.105020595 3.14959525
0.105248199 3.15472284
0.105476672 3.15986154
0.105706018 3.16501138
0.105936241 3.17017241
0.106167347 3.17534468
0.106399339 3.18052822
0.106632221 3.18572308
0.106865999 3.1909293
0.107100677 3.19614693
0.10733626 3.20137601
0.107572751 3.20661658
0.107810156 3.21186869
0.108048479 3.21713238
0.108287726 3.2224077
0.108527899 3.22769469
0.108769005 3.2329934
0.109011048 3.23830388
0.109254033 3.24362616
0.109497965 3.24896029
0.109742848 3.25430633
0.109988688 3.25966431
0.110235489 3.26503429
0.110483256 3.27041631
0.110731994 3.27581041
0.110981709 3.28121666
0.111232405 3.28663508
0.111484087 3.29206573
0.11173676 3.29750866
0.111990431 3.30296392
0.112245103 3.30843155
0.112500782 3.31391161
0.112757473 3.31940414
0.113015181 3.32490919
0.113273913 3.33042682
0.113533672 3.33595707
0.113794465 3.34149998
0.114056297 3.34705563
0.114319173 3.35262404
0.1145831 3.35820528
0.114848081 3.36379939
0.115114124 3.36940643
0.115381233 3.37502644
0.115649414 3.38065949
0.115918673 3.38630562
0.116189015 3.39196488
0.116460447 3.39763733
0.116732974 3.40332302
0.117006602 3.40902201
0.117281337 3.41473434
0.117557184 3.42046008
0.11783415 3.42619927
0.11811224 3.43195196
0.118391461 3.43771823
0.118671819 3.44349811
0.11895332 3.44929167
0.119235969 3.45509897
0.119519774 3.46092004
0.11980474 3.46675496
0.120090874 3.47260379
0.120378181 3.47846656
0.120666669 3.48434335
0.120956344 3.49023422
0.121247211 3.49613921
0.121539279 3.50205839
0.121832552 3.50799181
0.122127039 3.51393954
0.122422744 3.51990164
0.122719676 3.52587815
0.123017841 3.53186915
0.123317245 3.53787469
0.123617895 3.54389484
0.123919799 3.54992964
0.124222962 3.55597918
0.124527393 3.56204349
0.124833098 3.56812266
0.125140084 3.57421674
0.125448358 3.58032579
0.125757927 3.58644987
0.126068799 3.59258905
0.126380981 3.59874339
0.126694479 3.60491296
0.127009303 3.61109782
0.127325458 3.61729803
0.127642952 3.62351366
0.127961793 3.62974478
0.128281989 3.63599144
0.128603547 3.64225372
0.128926474 3.64853168
0.129250778 3.65482539
0.129576468 3.66113492
0.129903551 3.66746033
0.130232034 3.67380169
0.130561927 3.68015907
0.130893236 3.68653253
0.13122597 3.69292216
0.131560137 3.699328
0.131895745 3.70575015
0.132232803 3.71218866
0.132571319 3.71864361
0.1329113 3.72511506
0.133252756 3.7316031
0.133595695 3.73810778
0.133940125 3.74462919
0.134286055 3.75116739
0.134633495 3.75772246
0.134982451 3.76429447
0.135332934 3.7708835
0.135684952 3.77748962
0.136038514 3.7841129
0.136393629 3.79075343
0.136750306 3.79741127
0.137108554 3.8040865
0.137468382 3.8107792
0.1378298 3.81748944
0.138192817 3.82421731
0.138557442 3.83096288
0.138923685 3.83772622
0.139291556 3.84450742
0.139661063 3.85130656
0.140032216 3.85812372
0.140405026 3.86495897
0.140779502 3.8718124
0.141155654 3.87868408
0.141533492 3.88557411
0.141913026 3.89248256
0.142294266 3.89940951
0.142677222 3.90635505
0.143061905 3.91331926
0.143448324 3.92030222
0.143836491 3.92730402
0.144226416 3.93432475
0.144618109 3.94136449
0.145011581 3.94842332
0.145406842 3.95550134
0.145803904 3.96259862
0.146202778 3.96971527
0.146603474 3.97685135
0.147006004 3.98400697
0.147410378 3.99118222
0.147816608 3.99837718
0.148224706 4.00559194
0.148634682 4.01282659
0.149046548 4.02008123
0.149460316 4.02735595
0.149875997 4.03465084
0.150293603 4.04196599
0.150713147 4.0493015
0.151134639 4.05665746
0.151558093 4.06403396
0.151983519 4.07143111
0.152410931 4.07884899
0.152840341 4.08628771
0.153271761 4.09374736
0.153705204 4.10122803
0.154140682 4.10872984
0.154578207 4.11625287
0.155017794 4.12379722
0.155459455 4.131363
0.155903202 4.13895031
0.156349049 4.14655925
0.156797009 4.15418992
0.157247096 4.16184242
0.157699323 4.16951685
0.158153703 4.17721333
0.158610251 4.18493196
0.159068979 4.19267283
0.159529902 4.20043606
0.159993034 4.20822176
0.160458388 4.21603003
0.16092598 4.22386097
0.161395823 4.23171471
0.161867932 4.23959134
0.162342322 4.24749098
0.162819006 4.25541374
0.163298001 4.26335973
0.16377932 4.27132906
0.164262979 4.27932184
0.164748993 4.2873382
0.165237378 4.29537824
0.165728148 4.30344208
0.166221319 4.31152983
0.166716908 4.31964162
0.167214929 4.32777756
0.167715398 4.33593776
0.168218333 4.34412235
0.168723748 4.35233145
0.169231661 4.36056517
0.169742087 4.36882365
0.170255044 4.37710699
0.170770547 4.38541533
0.171288615 4.39374878
0.171809263 4.40210748
0.17233251 4.41049155
0.172858372 4.4189011
0.173386867 4.42733629
0.173918012 4.43579721
0.174451825 4.44428402
0.174988324 4.45279684
0.175527528 4.46133579
0.176069454 4.46990101
0.17661412 4.47849264
0.177161546 4.4871108
0.177711749 4.49575563
0.178264749 4.50442726
0.178820565 4.51312584
0.179379215 4.52185149
0.179940719 4.53060435
0.180505098 4.53938457
0.181072369 4.54819228
0.181642553 4.55702763
0.18221567 4.56589075
0.182791741 4.57478179
0.183370785 4.58370089
0.183952823 4.59264819
0.184537876 4.60162385
0.185125964 4.610628
0.185717109 4.6196608
0.186311332 4.6287224
0.186908654 4.63781293
0.187509097 4.64693256
0.188112682 4.65608144
0.188719433 4.66525971
0.18932937 4.67446753
0.189942516 4.68370506
0.190558895 4.69297246
0.191178528 4.70226987
0.191801438 4.71159746
0.192427649 4.72095539
0.193057185 4.73034381
0.193690068 4.73976289
0.194326323 4.74921279
0.194965974 4.75869368
0.195609044 4.76820572
0.196255559 4.77774907
0.196905543 4.78732391
0.197559021 4.79693039
0.198216018 4.8065687
0.198876559 4.816239
0.19954067 4.82594147
0.200208378 4.83567627
0.200879707 4.84544358
0.201554684 4.85524358
0.202233337 4.86507645
0.20291569 4.87494236
0.203601773 4.88484149
0.204291611 4.89477403
0.204985233 4.90474015
0.205682666 4.91474004
0.206383938 4.92477389
0.207089078 4.93484188
0.207798113 4.9449442
0.208511074 4.95508104
0.209227989 4.96525258
0.209948887 4.97545903
0.210673799 4.98570057
0.211402753 4.9959774
0.212135781 5.00628971
0.212872913 5.01663771
0.213614179 5.02702159
0.21435961 5.03744155
0.215109239 5.04789779
0.215863096 5.05839053
0.216621214 5.06891995
0.217383625 5.07948628
0.218150362 5.09008972
0.218921457 5.10073047
0.219696943 5.11140875
0.220476855 5.12212478
0.221261226 5.13287876
0.22205009 5.14367092
0.222843482 5.15450146
0.223641436 5.16537062
0.224443988 5.17627862
0.225251174 5.18722566
0.226063028 5.19821199
0.226879588 5.20923783
0.227700891 5.22030339
0.228526972 5.23140893
0.229357869 5.24255466
0.230193621 5.25374082
0.231034264 5.26496765
0.231879839 5.27623538
0.232730382 5.28754425
0.233585934 5.2988945
0.234446533 5.31028638
0.235312221 5.32172013
0.236183038 5.333196
0.237059023 5.34471423
0.237940219 5.35627508
0.238826667 5.36787879
0.23971841 5.37952563
0.240615488 5.39121585
0.241517946 5.40294971
0.242425827 5.41472747
0.243339175 5.42654939
0.244258033 5.43841574
0.245182446 5.45032678
0.24611246 5.46228278
0.24704812 5.47428402
0.247989473 5.48633077
0.248936564 5.4984233
0.24988944 5.51056189
0.25084815 5.52274683
0.251812741 5.53497839
0.252783262 5.54725686
0.253759761 5.55958252
0.254742289 5.57195568
0.255730895 5.58437661
0.256725629 5.59684561
0.257726543 5.60936299
0.258733689 5.62192903
0.259747119 5.63454405
0.260766884 5.64720834
0.26179304 5.65992221
0.262825639 5.67268597
0.263864735 5.68549994
0.264910385 5.69836442
0.265962643 5.71127974
0.267021566 5.72424622
0.26808721 5.73726417
0.269159633 5.75033393
0.270238893 5.76345581
0.271325048 5.77663016
0.272418158 5.78985731
0.273518283 5.80313759
0.274625483 5.81647134
0.27573982 5.8298589
0.276861355 5.84330062
0.277990152 5.85679686
0.279126272 5.87034795
0.280269781 5.88395425
0.281420743 5.89761613
0.282579224 5.91133394
0.283745289 5.92510804
0.284919006 5.93893881
0.286100441 5.9528266
0.287289665 5.96677181
0.288486744 5.98077479
0.289691751 5.99483594
0.290904754 6.00895564
0.292125826 6.02313426
0.293355039 6.03737221
0.294592467 6.05166988
0.295838183 6.06602766
0.297092261 6.08044595
0.298354778 6.09492516
0.299625811 6.1094657
0.300905436 6.12406797
0.302193732 6.1387324
0.303490778 6.1534594
0.304796654 6.16824939
0.306111441 6.18310281
0.307435222 6.19802008
0.308768079 6.21300163
0.310110097 6.22804791
0.311461359 6.24315936
0.312821952 6.25833642
0.314191963 6.27357955
0.315571481 6.28888919
0.316960593 6.30426582
0.318359389 6.31970989
0.319767962 6.33522187
0.321186403 6.35080223
0.322614806 6.36645145
0.324053264 6.38217001
0.325501874 6.3979584
0.326960732 6.4138171
0.328429936 6.42974661
0.329909585 6.44574743
0.33139978 6.46182006
0.332900622 6.47796501
0.334412213 6.49418281
0.335934657 6.51047395
0.337468061 6.52683898
0.33901253 6.54327841
0.340568172 6.55979278
0.342135097 6.57638264
0.343713414 6.59304851
0.345303237 6.60979097
0.346904677 6.62661055
0.348517851 6.64350782
0.350142874 6.66048334
0.351779864 6.67753769
0.35342894 6.69467144
0.355090222 6.71188518
0.356763833 6.72917949
0.358449897 6.74655497
0.360148538 6.76401222
0.361859884 6.78155184
0.363584063 6.79917445
0.365321205 6.81688067
0.367071443 6.83467111
0.368834909 6.85254642
0.370611739 6.87050722
0.37240207 6.88855417
0.374206041 6.9066879
0.376023793 6.92490909
0.377855467 6.94321838
0.379701209 6.96161646
0.381561164 6.980104
0.383435481 6.99868168
0.38532431 7.0173502
0.387227803 7.03611025
0.389146114 7.05496254
0.391079399 7.07390778
0.393027817 7.09294669
0.394991529 7.11208001
0.396970696 7.13130846
0.398965484 7.15063279
0.400976059 7.17005375
0.403002592 7.18957211
0.405045253 7.20918862
0.407104217 7.22890406
0.409179659 7.24871922
0.41127176 7.26863489
0.4133807 7.28865187
0.415506662 7.30877096
0.417649834 7.328993
0.419810404 7.3493188
0.421988564 7.36974919
0.424184507 7.39028503
0.426398432 7.41092717
0.428630538 7.43167648
0.430881026 7.45253381
0.433150104 7.47350007
0.435437979 7.49457613
0.437744863 7.51576291
0.440070969 7.53706131
0.442416516 7.55847226
0.444781725 7.57999669
0.447166818 7.60163554
0.449572023 7.62338977
0.451997571 7.64526034
0.454443695 7.66724823
0.456910632 7.68935442
0.459398623 7.71157991
0.461907913 7.73392571
0.464438748 7.75639285
0.466991381 7.77898235
0.469566067 7.80169526
0.472163064 7.82453263
0.474782636 7.84749554
0.47742505 7.87058507
0.480090576 7.8938023
0.48277949 7.91714835
0.48549207 7.94062433
0.488228601 7.96423138
0.490989369 7.98797065
0.493774668 8.01184329
0.496584793 8.03585048
0.499420047 8.05999341
0.502280735 8.08427327
0.505167168 8.10869129
0.508079661 8.13324869
0.511018535 8.15794672
0.513984116 8.18278664
0.516976733 8.20776973
0.519996724 8.23289728
0.52304443 8.2581706
0.526120196 8.283591
0.529224376 8.30915984
0.532357327 8.33487846
0.535519413 8.36074825
0.538711004 8.38677058
0.541932475 8.41294688
0.545184208 8.43927856
0.54846659 8.46576707
0.551780016 8.49241386
0.555124888 8.51922043
0.558501611 8.54618826
0.561910602 8.57331889
0.565352279 8.60061383
0.568827073 8.62807466
0.572335417 8.65570295
0.575877755 8.68350029
0.579454537 8.71146831
0.583066221 8.73960864
0.586713272 8.76792295
0.590396164 8.79641291
0.594115378 8.82508024
0.597871404 8.85392666
0.601664742 8.88295392
0.605495898 8.91216379
0.609365388 8.94155807
0.613273737 8.97113859
0.617221479 9.00090718
0.621209159 9.03086572
0.625237329 9.0610161
0.629306553 9.09136025
0.633417403 9.12190012
0.637570465 9.15263767
0.641766331 9.18357491
0.646005606 9.21471388
0.650288907 9.24605662
0.65461686 9.27760522
0.658990103 9.3093618
0.663409288 9.3413285
0.667875077 9.3735075
0.672388143 9.405901
0.676949175 9.43851125
0.681558872 9.4713405
0.686217947 9.50439106
0.690927128 9.53766526
0.695687154 9.57116548
0.700498781 9.60489411
0.705362776 9.63885359
0.710279925 9.67304639
0.715251025 9.70747502
0.720276892 9.74214202
0.725358355 9.77704999
0.730496261 9.81220153
0.735691473 9.84759931
0.740944871 9.88324603
0.746257354 9.91914442
0.751629835 9.95529728
0.75706325 9.99170741
0.762558551 10.0283777
0.768116709 10.065311
0.773738717 10.1025104
0.779425585 10.1399787
0.785178348 10.1777192
0.790998058 10.2157347
0.796885792 10.2540286
0.802842647 10.2926039
0.808869744 10.331464
0.814968228 10.370612
0.821139268 10.4100514
0.827384057 10.4497856
0.833703814 10.489818
0.840099783 10.530152
0.846573238 10.5707914
0.853125478 10.6117396
0.859757829 10.6530004
0.866471649 10.6945775
0.873268325 10.7364747
0.880149273 10.7786958
0.887115943 10.8212449
0.894169815 10.8641258
0.901312404 10.9073427
0.908545259 10.9508997
0.915869962 10.9948009
0.923288135 11.0390506
0.930801433 11.0836532
0.938411552 11.1286131
0.946120227 11.1739348
0.953929233 11.2196228
0.961840387 11.2656818
0.969855548 11.3121166
0.97797662 11.3589318
0.986205552 11.4061324
0.994544341 11.4537235
1.00299503 11.50171
1.01155971 11.5500972
1.02024054 11.5988902
1.0290397 11.6480944
1.03795945 11.6977153
1.04700209 11.7477584
1.05617001 11.7982294
1.06546561 11.849134
1.07489138 11.900478
1.08444989 11.9522675
1.09414373 12.0045084
1.10397561 12.057207
1.11394826 12.1103696
1.12406451 12.1640026
1.13432728 12.2181125
1.14473952 12.2727061
1.1553043 12.3277901
1.16602475 12.3833714
1.1769041 12.4394572
1.18794565 12.4960546
1.19915282 12.5531709
1.21052909 12.6108137
1.22207805 12.6689907
1.2338034 12.7277095
1.24570893 12.7869781
1.25779855 12.8468048
1.27007627 12.9071976
1.28254622 12.9681651
1.29521266 13.0297159
1.30807995 13.0918588
1.3211526 13.1546028
1.33443525 13.2179569
1.34793267 13.2819307
1.36164978 13.3465336
1.37559164 13.4117754
1.38976348 13.477666
1.40417068 13.5442157
1.41881878 13.6114349
1.43371351 13.6793341
1.44886078 13.7479242
1.46426666 13.8172163
1.47993745 13.8872218
1.49587963 13.9579522
1.5120999 14.0294195
1.52860517 14.1016356
1.5454026 14.174613
1.56249955 14.2483645
1.57990368 14.3229028
1.59762285 14.3982413
1.61566525 14.4743936
1.6340393 14.5513735
1.65275374 14.6291952
1.67181761 14.7078733
1.69124028 14.7874226
1.71103144 14.8678584
1.73120114 14.9491962
1.75175978 15.031452
1.77271817 15.1146422
1.79408748 15.1987836
1.81587934 15.2838931
1.8381058 15.3699885
1.86077936 15.4570877
1.88391302 15.5452092
1.90752027 15.6343718
1.93161514 15.724595
1.95621221 15.8158986
1.98132665 15.9083029
2.00697423 16.0018289
2.03317138 16.0964978
2.05993521 16.1923317
2.08728352 16.2893529
2.11523488 16.3875847
2.14380866 16.4870506
2.17302503 16.5877748
2.20290506 16.6897824
2.23347075 16.7930987
2.26474507 16.89775
2.29675202 17.003763
2.32951669 17.1111654
2.36306533 17.2199853
2.39742539 17.3302518
2.43262563 17.4419945
2.46869616 17.5552438
2.50566855 17.670031
2.54357589 17.786388
2.58245289 17.9043478
2.622336 18.0239438
2.66326349 18.1452105
2.70527557 18.2681831
2.74841453 18.3928977
2.79272485 18.5193913
2.83825333 18.6477015
2.88504929 18.777867
2.93316468 18.9099271
2.98265428 19.0439221
3.03357587 19.1798928
3.08599046 19.3178811
3.13996248 19.4579294
3.19556 19.6000807
3.25285504 19.7443789
3.31192374 19.8908681
3.37284674 20.039593
3.43570942 20.1905985
3.50060229 20.3439298
3.56762126 20.4996321
3.6368681 20.6577503
3.70845079 20.8183291
3.78248396 20.9814122
3.85908935 21.1470426
3.93839627 21.3152618
4.02054215 21.4861095
4.105673 21.659623
4.19394404 21.8358367
4.28552022 22.0147816
4.38057683 22.1964839
4.47930007 22.3809648
4.5818877 22.5682389
4.68854952 22.7583132
4.79950802 22.9511857
4.9149988 23.1468435
5.03527098 23.3452615
5.16058751 23.5463996
5.29122529 23.7502009
5.42747505 23.9565887
5.56964094 24.1654636
5.71803982 24.3767
5.87299995 24.5901429
6.03485918 24.8056032
6.20396234 25.022854
6.38065772 25.2416261
6.56529258 25.4616028
6.75820719 25.6824162
6.95972759 25.9036425
7.17015658 26.1247985
7.38976295 26.3453389
7.6187688 26.5646556
7.85733502 26.7820786
8.10554513 26.9968805
8.36338783 27.2082841
8.63073916 27.4154759
8.90734523 27.6176236
9.19280719 27.8139013
9.48657034 28.0035198
9.78791981 28.1857642
10.0959854 28.3600353
10.4097578 28.5258948
10.7281191 28.6831087
11.0498873 28.8316871
11.373876 28.9719129
11.6989655 29.1043549
12.0241818 29.2298614
12.3487769 29.3495289
12.6723019 29.4646462
12.994665 29.5766157
13.3161666 29.6868558
13.6375048 29.7966938
13.9597506 29.9072573
14.2842905 30.0193745
14.6127438 30.1334941
14.946859 30.2496291
15.2883984 30.3673325
15.6390214 30.4857024
16.0001731 30.6034192
16.3729865 30.7188082
16.7582055 30.8299248
17.15613 30.9346555
17.5665899 31.0308286
17.9889463 31.1163276
18.4221215 31.1892001
18.8646567 31.2477552
19.3147921 31.2906416
19.7705654 31.3169001
20.2299196 31.3259863
20.6908101 31.3177601
21.151302 31.2924445
21.6096459 31.2505589
22.064326 31.192833
22.5140757 31.1201164
22.9578612 31.0332905
23.3948363 30.933198
23.8242774 30.8205956
24.2455084 30.6961348
24.6578245 30.5603741
25.0604262 30.413818
25.4523716 30.2569788
25.8325524 30.090455
26.1996976 29.915016
26.5524063 29.7316874
26.8892089 29.5418253
27.2086518 29.3471736
27.5094019 29.1498963
27.7903614 28.9525794
28.0507848 28.758201
28.2903882 28.5700687
28.5094413 28.391727
28.7088351 28.2268434
28.8901199 28.0790769
29.0555098 27.951942
29.2078551 27.8486734
29.3505834 27.7721027
29.4876152 27.7245529
29.6232588 27.7077568
29.7620931 27.7228031
29.9088453 27.7701127
30.0682735 27.8494417
30.2450597 27.9599111
30.4437206 28.1000535
30.6685381 28.2678723
30.9235104 28.460905
31.212321 28.6762836
31.5383211 28.9107885
31.9045205 29.1608934
32.3135815 29.4228013
32.7678135 29.6924736
33.269165 29.9656552
33.8192135 30.2378985
34.4191543 30.504587
35.0697886 30.7609604
35.7715126 31.0021393
36.5243076 31.223151
37.3277287 31.4189525
38.1808929 31.5844542
39.0824628 31.7145428
40.0306254 31.8041076
41.0230653 31.8480728
42.0569344 31.8414402
43.1288211 31.7793459
44.2347242 31.6571341
45.3700392 31.4704471
46.5295636 31.2153312
47.7075284 30.8883503
48.8976611 30.486701
50.0932811 30.008317
51.2874256 29.4519527
52.4729984 28.8172334
53.6429318 28.1046672
54.7903461 27.3156131
55.9086953 26.4522081
56.991883 25.5172599
58.0343413 24.5141184
59.0310663 23.446537
59.9776124 22.3185432
60.8700506 21.1343278
61.7049033 19.8981661
62.4790675 18.6143746
63.189742 17.2873024
63.8343716 15.9213531
64.4106163 14.5210248
64.9163508 13.0909565
65.3496923 11.6359679
65.70905 10.1610813
65.9931868 8.67151877
66.20128 7.17267299
66.332972 5.67005498
66.3884014 4.16922613
66.3682122 2.6757242
66.2735405 1.19499279
66.1059856 -0.267677936
65.8675703 -1.70719518
65.5606991 -3.11869079
65.1881206 -4.49753415
64.7528991 -5.83933465
64.2583987 -7.1399391
63.7082796 -8.39542984
63.1065074 -9.60212953
62.4573709 -10.7566182
61.7655036 -11.8557675
61.035902 -12.8967942
60.2739309 -13.8773344
59.4853067 -14.7955323
58.6760524 -15.6501377
57.8524176 -16.4405991
57.0207673 -17.1671408
56.1874424 -17.8308107
55.3586062 -18.4334911
54.5400878 -18.9778675
53.7372376 -19.4673572
52.9548074 -19.9060057
52.1968619 -20.2983593
51.4667266 -20.6493283
50.7669688 -20.9640505
50.0994091 -21.2477658
49.4651526 -21.5057069
48.8646349 -21.7430092
48.2976731 -21.9646398
47.7635165 -22.1753401
47.2608946 -22.3795802
46.7880605 -22.5815179
46.3428314 -22.7849601
45.9226299 -22.9933231
45.5245277 -23.2095916
45.1452966 -23.4362772
44.7814673 -23.6753803
44.4293983 -23.9283563
44.0853535 -24.1960912
43.7455872 -24.4788898
43.4064333 -24.7764776
43.064397 -25.0880192
42.7162433 -25.412154
42.3590804 -25.7470481
41.9904325 -26.0904639
41.6082982 -26.4398419
41.2111915 -26.7923949
40.7981613 -27.1452069
40.36879 -27.4953326
39.9231695 -27.8398905
39.4618601 -28.1761435
38.9858372 -28.5015634
38.4964319 -28.813876
37.9952733 -29.1110899
37.4842388 -29.391511
36.965415 -29.6537521
36.4410692 -29.8967424
35.9136261 -30.1197448
35.3856455 -30.3223847
34.859789 -30.504688
34.3387717 -30.6671267
33.8252909 -30.8106611
33.321933 -30.9367704
32.8310616 -31.0474609
32.3546937 -31.1452435
31.8943761 -31.2330761
31.4510726 -31.3142704
31.0250743 -31.3923672
30.6159422 -31.4709877
30.2224876 -31.5536708
29.8427929 -31.6437092
29.4742722 -31.7439931
29.1137647 -31.8568741
28.7576574 -31.9840537
28.4020252 -32.126503
28.0427841 -32.2844151
27.6758464 -32.4571892
27.297274 -32.643446
26.9034238 -32.8410712
26.4910811 -33.047284
26.0575773 -33.2587293
25.6008888 -33.4715896
25.1197142 -33.6817141
24.6135253 -33.8847616
24.0825901 -34.0763522
23.5279638 -34.2522226
22.951448 -34.408377
22.355517 -34.5412272
21.7432156 -34.6477124
21.1180325 -34.7253925
20.4837587 -34.7725092
19.8443374 -34.7880109
19.2037185 -34.7715436
18.5657235 -34.723408
17.9339314 -34.6444909
17.3115881 -34.5361768
16.7015437 -34.400249
16.106216 -34.2387865
15.5275793 -34.0540652
14.9671724 -33.8484668
14.4261244 -33.6244009
13.9051903 -33.3842399
13.4047944 -33.1302689
12.9250758 -32.8646483
12.4659351 -32.5893893
12.0270777 -32.3063388
11.6080548 -32.0171734
11.2082991 -31.723399
10.8271562 -31.4263563
10.4639113 -31.1272285
10.1178111 -30.8270519
9.78808221 -30.5267276
9.47394555 -30.2270333
9.17462748 -29.9286359
8.88936874 -29.6321027
8.6174308 -29.3379127
8.35810057 -29.0464669
8.11069357 -28.758098
7.87455593 -28.4730784
7.64906547 -28.1916285
7.43363202 -27.9139233
7.22769726 -27.6400986
7.03073411 -27.3702565
6.84224576 -27.1044699
6.66176463 -26.842787
6.48885107 -26.5852348
6.32309202 -26.3318221
6.16409963 -26.0825426
6.01150987 -25.8373773
5.86498116 -25.596296
5.724193 -25.35926
5.5888447 -25.1262229
5.45865411 -24.8971324
5.33335642 -24.6719312
5.21270308 -24.4505581
5.09646067 -24.2329488
4.98440995 -24.0190368
4.8763449 -23.8087538
4.77207184 -23.6020302
4.67140858 -23.3987959
4.57418373 -23.1989803
4.48023589 -23.0025129
4.38941304 -22.8093234
4.3015719 -22.6193419
4.21657738 -22.4324993
4.13430199 -22.2487273
4.0546254 -22.0679585
3.97743394 -21.8901266
3.90262016 -21.7151665
3.83008249 -21.5430143
3.75972478 -21.3736074
3.69145605 -21.2068843
3.62519008 -21.042785
3.56084516 -20.8812509
3.49834382 -20.7222247
3.43761254 -20.5656504
3.37858153 -20.4114733
3.32118448 -20.2596402
3.2653584 -20.1100991
3.21104336 -19.9627995
3.15818238 -19.8176918
3.10672118 -19.6747282
3.05660811 -19.5338616
3.00779393 -19.3950466
2.9602317 -19.2582387
2.91387665 -19.1233946
2.86868608 -18.9904722
2.82461919 -18.8594305
2.78163704 -18.7302296
2.73970241 -18.6028307
2.69877971 -18.4771958
2.65883491 -18.3532882
2.61983545 -18.2310719
2.58175016 -18.1105122
2.54454918 -17.9915749
2.50820392 -17.8742269
2.47268696 -17.7584361
2.43797202 -17.644171
2.4040339 -17.5314011
2.37084839 -17.4200965
2.33839227 -17.3102282
2.30664325 -17.201768
2.27557989 -17.0946883
2.24518161 -16.9889623
2.21542861 -16.8845638
2.18630185 -16.7814674
2.15778302 -16.6796481
2.12985449 -16.5790818
2.1024993 -16.4797449
2.07570111 -16.3816142
2.04944416 -16.2846674
2.0237133 -16.1888825
1.9984939 -16.0942382
1.97377187 -16.0007137
1.9495336 -15.9082884
1.92576596 -15.8169428
1.90245631 -15.7266572
1.87959241 -15.6374129
1.85716246 -15.5491914
1.83515506 -15.4619746
1.81355918 -15.375745
1.79236418 -15.2904853
1.77155977 -15.2061788
1.75113599 -15.122809
1.73108322 -15.04036
1.71139213 -14.9588161
1.69205372 -14.878162
1.67305926 -14.7983827
1.6544003 -14.7194636
1.63606866 -14.6413905
1.61805641 -14.5641493
1.60035588 -14.4877264
1.58295963 -14.4121085
1.56586043 -14.3372824
1.54905131 -14.2632355
1.53252547 -14.1899551
1.51627633 -14.1174291
1.50029752 -14.0456455
1.48458284 -13.9745925
1.46912628 -13.9042588
1.45392201 -13.834633
1.43896435 -13.7657043
1.4242478 -13.6974618
1.40976702 -13.629895
1.39551682 -13.5629935
1.38149214 -13.4967474
1.36768808 -13.4311466
1.35409988 -13.3661815
1.34072289 -13.3018426
1.32755261 -13.2381206
1.31458465 -13.1750063
1.30181475 -13.1124909
1.28923875 -13.0505655
1.27685261 -12.9892216
1.26465241 -12.9284507
1.25263431 -12.8682446
1.24079459 -12.8085952
1.22912962 -12.7494945
1.21763587 -12.6909348
1.20630988 -12.6329084
1.19514831 -12.5754079
1.18414789 -12.5184258
1.17330543 -12.461955
1.16261783 -12.4059884
1.15208206 -12.3505191
1.14169517 -12.2955402
1.13145428 -12.241045
1.12135658 -12.187027
1.11139934 -12.1334798
1.10157989 -12.0803969
1.09189561 -12.0277723
1.08234397 -11.9755997
1.07292248 -11.9238733
1.06362872 -11.8725871
1.05446033 -11.8217353
1.045415 -11.7713123
1.03649046 -11.7213124
1.02768453 -11.6717303
1.01899504 -11.6225605
1.01041991 -11.5737977
1.00195706 -11.5254368
0.993604505 -11.4774726
0.985360278 -11.4299001
0.977222463 -11.3827144
0.969189189 -11.3359106
0.961258624 -11.2894839
0.95342898 -11.2434297
0.945698506 -11.1977434
0.938065492 -11.1524203
0.930528263 -11.1074562
0.923085183 -11.0628465
0.91573465 -11.018587
0.908475098 -10.9746734
0.901304994 -10.9311016
0.894222839 -10.8878674
0.887227163 -10.8449668
0.880316531 -10.8023959
0.873489537 -10.7601507
0.866744802 -10.7182274
0.860080981 -10.6766222
0.853496752 -10.6353314
0.846990824 -10.5943513
0.84056193 -10.5536782
0.834208832 -10.5133088
0.827930314 -10.4732394
0.821725188 -10.4334666
0.815592288 -10.393987
0.809530472 -10.3547973
0.803538621 -10.3158943
0.797615638 -10.2772746
0.79176045 -10.238935
0.785972002 -10.2008725
0.780249262 -10.163084
0.774591218 -10.1255664
0.768996878 -10.0883167
0.763465267 -10.0513319
0.757995433 -10.0146092
0.752586439 -9.97814572
0.747237367 -9.94193855
0.741947318 -9.90598497
0.736715408 -9.87028221
0.731540771 -9.83482758
0.726422557 -9.79961842
0.721359932 -9.7646521
0.716352078 -9.72992604
0.711398193 -9.69543768
0.706497487 -9.66118451
0.701649189 -9.62716406
0.696852538 -9.59337388
0.692106789 -9.55981157
0.687411211 -9.52647475
0.682765087 -9.49336108
0.678167709 -9.46046825
0.673618387 -9.42779399
0.669116441 -9.39533605
0.664661202 -9.36309221
0.660252014 -9.33106031
0.655888234 -9.29923818
0.651569229 -9.2676237
0.647294378 -9.23621478
0.643063069 -9.20500935
0.638874703 -9.17400537
0.634728691 -9.14320083
0.630624453 -9.11259375
0.62656142 -9.08218217
0.622539033 -9.05196417
0.618556742 -9.02193782
0.614614007 -8.99210127
0.610710297 -8.96245264
0.60684509 -8.93299011
0.603017872 -8.90371188
0.59922814 -8.87461615
0.595475397 -8.84570118
0.591759154 -8.81696521
0.588078934 -8.78840654
0.584434264 -8.76002348
0.58082468 -8.73181435
0.577249727 -8.70377751
0.573708955 -8.67591132
0.570201923 -8.64821417
0.566728198 -8.62068449
0.563287351 -8.5933207
0.559878965 -8.56612126
0.556502623 -8.53908463
0.553157922 -8.51220931
0.549844459 -8.48549381
0.546561842 -8.45893666
0.543309683 -8.43253639
0.540087601 -8.40629158
0.53689522 -8.38020081
0.533732171 -8.35426268
0.530598091 -8.3284758
0.527492623 -8.3028388
0.524415412 -8.27735035
0.521366114 -8.25200909
0.518344386 -8.22681372
0.515349893 -8.20176294
0.512382303 -8.17685545
0.509441291 -8.15208999
0.506526536 -8.1274653
0.503637722 -8.10298014
0.500774538 -8.07863328
0.497936677 -8.05442351
0.495123837 -8.03034964
0.492335722 -8.00641048
0.489572039 -7.98260486
0.486832498 -7.95893162
0.484116817 -7.93538963
0.481424715 -7.91197775
0.478755916 -7.88869487
0.476110148 -7.86553988
0.473487145 -7.8425117
0.470886642 -7.81960924
0.46830838 -7.79683144
0.465752101 -7.77417725
0.463217555 -7.75164562
0.460704492 -7.72923553
0.458212667 -7.70694595
0.455741839 -7.68477587
0.453291769 -7.66272432
0.450862222 -7.64079028
0.448452968 -7.61897281
0.446063778 -7.59727092
0.443694428 -7.57568368
0.441344695 -7.55421013
0.439014362 -7.53284935
0.436703212 -7.51160042
0.434411034 -7.49046242
0.432137617 -7.46943446
0.429882756 -7.44851563
0.427646247 -7.42770507
0.425427888 -7.4070019
0.423227482 -7.38640526
0.421044833 -7.36591429
0.418879749 -7.34552816
0.416732039 -7.32524601
0.414601517 -7.30506704
0.412487996 -7.28499042
0.410391296 -7.26501534
0.408311235 -7.245141
0.406247637 -7.22536662
0.404200326 -7.2056914
0.40216913 -7.18611458
0.400153878 -7.16663539
0.398154401 -7.14725306
0.396170535 -7.12796685
0.394202115 -7.10877601
0.392248979 -7.08967981
0.390310969 -7.07067752
0.388387927 -7.05176842
0.386479697 -7.0329518
0.384586126 -7.01422695
0.382707064 -6.99559317
0.38084236 -6.97704977
0.378991868 -6.95859607
0.377155441 -6.94023139
0.375332937 -6.92195506
0.373524214 -6.90376642
0.371729131 -6.8856648
0.369947551 -6.86764957
0.368179338 -6.84972006
0.366424356 -6.83187565
0.364682473 -6.81411571
0.362953557 -6.79643961
0.361237479 -6.77884673
0.359534111 -6.76133646
0.357843327 -6.7439082
0.356165002 -6.72656133
0.354499012 -6.70929527
0.352845237 -6.69210944
0.351203555 -6.67500323
0.349573849 -6.65797609
0.347956001 -6.64102743
0.346349895 -6.62415669
0.344755417 -6.60736331
0.343172454 -6.59064674
0.341600894 -6.57400641
0.340040628 -6.5574418
0.338491546 -6.54095235
0.336953541 -6.52453754
0.335426507 -6.50819684
0.333910338 -6.49192972
0.332404932 -6.47573565
0.330910185 -6.45961414
0.329425996 -6.44356466
0.327952267 -6.42758671
0.326488896 -6.4116798
0.325035788 -6.39584342
0.323592845 -6.38007709
0.322159973 -6.36438032
0.320737076 -6.34875263
0.319324063 -6.33319354
0.31792084 -6.31770258
0.316527317 -6.30227927
0.315143405 -6.28692316
0.313769014 -6.27163379
0.312404056 -6.2564107
0.311048445 -6.24125343
0.309702095 -6.22616155
0.308364922 -6.2111346
0.307036841 -6.19617215
0.305717769 -6.18127377
0.304407625 -6.16643901
0.303106328 -6.15166746
0.301813798 -6.13695869
0.300529956 -6.12231228
0.299254723 -6.10772781
0.297988022 -6.09320488
0.296729777 -6.07874306
0.295479912 -6.06434197
0.294238353 -6.05000119
0.293005025 -6.03572033
0.291779855 -6.02149899
0.290562771 -6.00733678
0.289353703 -5.99323332
0.288152578 -5.97918822
0.286959327 -5.9652011
0.285773882 -5.95127158
0.284596173 -5.93739929
0.283426133 -5.92358386
0.282263696 -5.90982491
0.281108794 -5.89612209
0.279961364 -5.88247504
0.278821339 -5.86888339
0.277688657 -5.85534679
0.276563254 -5.84186488
0.275445067 -5.82843733
0.274334034 -5.81506377
0.273230095 -5.80174388
0.272133188 -5.7884773
0.271043253 -5.7752637
0.269960232 -5.76210275
0.268884066 -5.74899412
0.267814696 -5.73593747
0.266752065 -5.72293248
0.265696117 -5.70997882
0.264646795 -5.69707618
0.263604044 -5.68422424
0.262567808 -5.67142268
0.261538033 -5.65867118
0.260514665 -5.64596945
0.259497652 -5.63331716
0.258486939 -5.62071402
0.257482476 -5.60815972
0.25648421 -5.59565397
0.25549209 -5.58319646
0.254506066 -5.5707869
0.253526087 -5.55842499
0.252552105 -5.54611046
0.251584069 -5.533843
0.250621932 -5.52162233
0.249665645 -5.50944817
0.248715161 -5.49732024
0.247770433 -5.48523826
0.246831414 -5.47320195
0.245898058 -5.46121104
0.24497032 -5.44926525
0.244048154 -5.43736432
0.243131516 -5.42550798
0.24222036 -5.41369596
0.241314645 -5.40192799
0.240414325 -5.39020383
0.239519359 -5.3785232
0.238629704 -5.36688585
0.237745317 -5.35529153
0.236866156 -5.34373997
0.235992182 -5.33223094
0.235123352 -5.32076418
0.234259627 -5.30933944
0.233400966 -5.29795647
0.232547329 -5.28661505
0.231698678 -5.27531491
0.230854973 -5.26405582
0.230016177 -5.25283755
0.22918225 -5.24165986
0.228353155 -5.23052251
0.227528856 -5.21942527
0.226709314 -5.20836792
0.225894493 -5.19735021
0.225084356 -5.18637193
0.224278869 -5.17543285
0.223477995 -5.16453274
0.222681699 -5.15367138
0.221889946 -5.14284856
0.221102701 -5.13206405
0.22031993 -5.12131764
0.2195416 -5.11060911
0.218767677 -5.09993825
0.217998126 -5.08930484
0.217232917 -5.07870868
0.216472015 -5.06814956
0.215715388 -5.05762726
0.214963005 -5.04714158
0.214214833 -5.03669233
0.213470841 -5.02627928
0.212730999 -5.01590226
0.211995274 -5.00556104
0.211263638 -4.99525545
0.210536058 -4.98498527
0.209812506 -4.97475031
0.209092951 -4.96455038
0.208377364 -4.9543853
0.207665717 -4.94425485
0.206957979 -4.93415886
0.206254123 -4.92409714
0.205554119 -4.9140695
0.204857941 -4.90407576
0.20416556 -4.89411572
0.203476948 -4.88418922
0.202792078 -4.87429606
0.202110923 -4.86443606
0.201433456 -4.85460905
0.200759651 -4.84481485
0.200089481 -4.83505328
0.199422919 -4.82532417
0.198759941 -4.81562734
0.198100521 -4.80596262
0.197444632 -4.79632984
0.19679225 -4.78672883
0.19614335 -4.77715941
0.195497907 -4.76762143
0.194855897 -4.75811471
0.194217294 -4.7486391
0.193582076 -4.73919441
0.192950218 -4.7297805
0.192321697 -4.7203972
0.191696489 -4.71104435
0.19107457 -4.70172178
0.190455919 -4.69242935
0.189840511 -4.68316689
0.189228325 -4.67393424
0.188619337 -4.66473126
0.188013526 -4.65555778
0.18741087 -4.64641365
0.186811346 -4.63729873
0.186214933 -4.62821285
0.18562161 -4.61915588
0.185031354 -4.61012766
0.184444146 -4.60112803
0.183859964 -4.59215687
0.183278788 -4.58321401
0.182700596 -4.57429932
0.182125369 -4.56541265
0.181553086 -4.55655386
0.180983727 -4.5477228
0.180417272 -4.53891934
0.179853702 -4.53014333
0.179292997 -4.52139463
0.178735138 -4.51267312
0.178180104 -4.50397864
0.177627879 -4.49531106
0.177078442 -4.48667025
0.176531774 -4.47805608
0.175987858 -4.4694684
0.175446675 -4.46090709
0.174908206 -4.45237201
0.174372434 -4.44386304
0.17383934 -4.43538004
0.173308907 -4.42692288
0.172781116 -4.41849144
0.172255952 -4.41008559
0.171733395 -4.40170519
0.17121343 -4.39335014
0.170696038 -4.38502029
0.170181203 -4.37671552
0.169668909 -4.36843572
0.169159138 -4.36018076
0.168651874 -4.35195052
0.1681471 -4.34374487
0.167644801 -4.33556369
0.16714496 -4.32740688
0.166647561 -4.3192743
0.166152589 -4.31116584
0.165660027 -4.30308138
0.165169861 -4.29502081
0.164682074 -4.28698401
0.164196651 -4.27897087
0.163713577 -4.27098127
0.163232838 -4.26301509
0.162754417 -4.25507223
0.1622783 -4.24715257
0.161804473 -4.23925601
0.161332921 -4.23138242
0.160863629 -4.22353171
0.160396583 -4.21570375
0.159931768 -4.20789845
0.159469171 -4.2001157
0.159008777 -4.19235538
0.158550573 -4.1846174
0.158094545 -4.17690164
0.157640678 -4.16920801
0.15718896 -4.16153638
0.156739377 -4.15388668
0.156291916 -4.14625878
0.155846562 -4.13865258
0.155403304 -4.131068
0.154962127 -4.12350491
0.15452302 -4.11596323
0.154085969 -4.10844285
0.153650961 -4.10094368
0.153217984 -4.0934656
0.152787025 -4.08600854
0.152358071 -4.07857239
0.151931111 -4.07115704
0.151506132 -4.06376241
0.151083122 -4.05638841
0.150662069 -4.04903492
0.15024296 -4.04170187
0.149825784 -4.03438915
0.149410529 -4.02709668
0.148997183 -4.01982435
0.148585735 -4.01257208
0.148176173 -4.00533978
0.147768486 -3.99812735
0.147362662 -3.99093471
0.14695869 -3.98376176
0.146556559 -3.97660841
0.146156258 -3.96947458
0.145757775 -3.96236017
0.1453611 -3.9552651
0.144966222 -3.94818929
0.14457313 -3.94113263
0.144181813 -3.93409506
0.143792262 -3.92707648
0.143404464 -3.9200768
0.14301841 -3.91309594
0.14263409 -3.90613383
0.142251492 -3.89919036
0.141870608 -3.89226547
0.141491426 -3.88535906
0.141113937 -3.87847106
0.140738131 -3.87160138
0.140363997 -3.86474994
0.139991527 -3.85791666
0.139620709 -3.85110146
0.139251535 -3.84430426
0.138883994 -3.83752499
0.138518078 -3.83076355
0.138153776 -3.82401988
0.13779108 -3.81729389
0.13742998 -3.81058551
0.137070466 -3.80389465
0.13671253 -3.79722126
0.136356162 -3.79056523
0.136001353 -3.78392651
0.135648094 -3.77730502
0.135296377 -3.77070067
0.134946192 -3.7641134
0.134597531 -3.75754313
0.134250384 -3.75098979
0.133904743 -3.74445331
0.1335606 -3.7379336
0.133217945 -3.73143061
0.132876771 -3.72494425
0.132537069 -3.71847445
0.132198831 -3.71202116
0.131862047 -3.70558428
0.131526711 -3.69916376
0.131192813 -3.69275952
0.130860345 -3.68637149
0.130529301 -3.67999961
0.13019967 -3.6736438
0.129871446 -3.667304
0.129544621 -3.66098013
0.129219186 -3.65467214
0.128895135 -3.64837995
0.128572458 -3.6421035
0.128251149 -3.63584272
0.127931199 -3.62959754
0.127612602 -3.62336789
0.127295349 -3.61715373
0.126979433 -3.61095496
0.126664848 -3.60477154
0.126351584 -3.5986034
0.126039635 -3.59245047
0.125728995 -3.5863127
0.125419654 -3.58019001
0.125111607 -3.57408234
0.124804847 -3.56798963
0.124499365 -3.56191183
0.124195155 -3.55584886
0.123892211 -3.54980067
0.123590525 -3.54376719
0.12329009 -3.53774836
0.122990899 -3.53174413
0.122692946 -3.52575443
0.122396224 -3.5197792
0.122100726 -3.51381838
0.121806446 -3.50787192
0.121513377 -3.50193975
0.121221512 -3.49602182
0.120930845 -3.49011807
0.120641369 -3.48422843
0.120353079 -3.47835286
0.120065967 -3.47249129
0.119780027 -3.46664367
0.119495253 -3.46080994
0.119211639 -3.45499004
0.118929178 -3.44918392
0.118647865 -3.44339153
0.118367693 -3.4376128
0.118088656 -3.43184768
0.117810748 -3.42609611
0.117533963 -3.42035805
0.117258295 -3.41463344
0.116983738 -3.40892222
0.116710287 -3.40322433
0.116437934 -3.39753973
0.116166676 -3.39186837
0.115896505 -3.38621018
0.115627417 -3.38056512
0.115359404 -3.37493313
0.115092463 -3.36931417
0.114826586 -3.36370818
0.11456177 -3.3581151
0.114298007 -3.35253489
0.114035292 -3.3469675
0.113773621 -3.34141287
0.113512987 -3.33587095
0.113253385 -3.3303417
0.112994811 -3.32482507
0.112737257 -3.319321
0.11248072 -3.31382944
0.112225194 -3.30835035
0.111970673 -3.30288368
0.111717153 -3.29742937
0.111464628 -3.29198739
0.111213093 -3.28655767
0.110962544 -3.28114018
0.110712974 -3.27573486
0.11046438 -3.27034167
0.110216756 -3.26496057
0.109970096 -3.25959149
0.109724397 -3.25423441
0.109479653 -3.24888926
0.109235859 -3.243556
0.108993011 -3.2382346
0.108751104 -3.232925
0.108510133 -3.22762715
0.108270092 -3.22234101
0.108030979 -3.21706655
0.107792787 -3.2118037
0.107555512 -3.20655242
0.10731915 -3.20131268
0.107083696 -3.19608443
0.106849145 -3.19086762
0.106615493 -3.18566221
0.106382735 -3.18046816
0.106150867 -3.17528542
0.105919884 -3.17011395
0.105689783 -3.16495371
0.105460558 -3.15980465
0.105232205 -3.15466673
0.10500472 -3.14953991
0.104778099 -3.14442415
0.104552337 -3.1393194
0.10432743 -3.13422563
0.104103374 -3.12914279
0.103880164 -3.12407084
0.103657797 -3.11900974
0.103436268 -3.11395945
0.103215573 -3.10891992
0.102995708 -3.10389113
0.102776669 -3.09887302
0.102558452 -3.09386556
0.102341052 -3.08886871
0.102124467 -3.08388243
0.101908691 -3.07890667
0.101693722 -3.07394141
0.101479554 -3.06898659
0.101266184 -3.06404219
0.101053609 -3.05910816
0.100841824 -3.05418446
0.100630825 -3.04927106
0.10042061 -3.04436791
0.100211173 -3.03947499
0.100002511 -3.03459224
0.0997946206 -3.02971964
0.0995874979 -3.02485715
0.0993811393 -3.02000473
0.0991755409 -3.01516234
0.0989706993 -3.01032995
0.0987666107 -3.00550751
0.0985632715 -3.000695
0.0983606782 -2.99589237
0.0981588272 -2.99109959
0.0979577149 -2.98631663
0.0977573378 -2.98154345
0.0975576925 -2.97678
0.0973587755 -2.97202627
0.0971605832 -2.9672822
0.0969631123 -2.96254777
0.0967663594 -2.95782295
0.096570321 -2.95310769
0.0963749938 -2.94840196
0.0961803744 -2.94370573
0.0959864595 -2.93901896
0.0957932457 -2.93434162
0.0956007299 -2.92967367
0.0954089086 -2.92501509
0.0952177787 -2.92036583
0.0950273368 -2.91572587
0.0948375799 -2.91109517
0.0946485046 -2.90647369
0.0944601079 -2.90186141
0.0942723865 -2.89725829
0.0940853373 -2.89266429
0.0938989572 -2.8880794
0.093713243 -2.88350356
0.0935281917 -2.87893676
0.0933438003 -2.87437895
0.0931600656 -2.86983012
0.0929769846 -2.86529021
0.0927945543 -2.86075921
0.0926127718 -2.85623708
0.092431634 -2.8517238
0.0922511379 -2.84721932
0.0920712807 -2.84272361
0.0918920593 -2.83823666
0.091713471 -2.83375842
0.0915355127 -2.82928886
0.0913581816 -2.82482796
0.0911814749 -2.82037569
0.0910053896 -2.815932
0.090829923 -2.81149688
0.0906550723 -2.8070703
0.0904808346 -2.80265222
0.0903072072 -2.79824261
0.0901341873 -2.79384144
0.0899617721 -2.7894487
0.089789959 -2.78506433
0.0896187452 -2.78068832
0.089448128 -2.77632064
0.0892781047 -2.77196126
0.0891086726 -2.76761015
0.0889398292 -2.76326727
0.0887715717 -2.75893261
0.0886038975 -2.75460613
0.088436804 -2.75028781
0.0882702886 -2.74597762
0.0881043487 -2.74167552
0.0879389819 -2.7373815
0.0877741854 -2.73309551
0.0876099568 -2.72881755
0.0874462935 -2.72454757
0.0872831931 -2.72028555
0.087120653 -2.71603147
0.0869586708 -2.71178529
0.086797244 -2.70754699
0.0866363701 -2.70331654
0.0864760467 -2.69909392
0.0863162714 -2.69487909
0.0861570417 -2.69067204
0.0859983553 -2.68647273
0.0858402097 -2.68228114
0.0856826026 -2.67809725
0.0855255317 -2.67392102
0.0853689946 -2.66975243
0.0852129889 -2.66559146
0.0850575124 -2.66143807
0.0849025627 -2.65729225
0.0847481375 -2.65315396
0.0845942345 -2.64902319
0.0844408516 -2.6448999
0.0842879863 -2.64078408
0.0841356366 -2.63667569
0.0839838 -2.63257471
0.0838324745 -2.62848112
0.0836816578 -2.62439489
0.0835313478 -2.620316
0.0833815421 -2.61624441
0.0832322387 -2.61218012
0.0830834354 -2.60812309
0.0829351301 -2.6040733
0.0827873206 -2.60003072
0.0826400047 -2.59599534
0.0824931805 -2.59196712
0.0823468457 -2.58794604
0.0822009982 -2.58393208
0.0820556361 -2.57992522
0.0819107572 -2.57592543
0.0817663595 -2.57193269
0.081622441 -2.56794697
0.0814789995 -2.56396826
0.081336033 -2.55999652
0.0811935397 -2.55603174
0.0810515174 -2.55207389
0.0809099641 -2.54812296
0.080768878 -2.5441789
0.0806282569 -2.54024172
0.080488099 -2.53631137
0.0803484023 -2.53238784
0.0802091649 -2.52847111
0.0800703848 -2.52456116
0.0799320601 -2.52065796
0.0797941889 -2.51676148
0.0796567694 -2.51287172
0.0795197995 -2.50898864
0.0793832775 -2.50511222
0.0792472015 -2.50124245
0.0791115696 -2.4973793
0.07897638 -2.49352275
0.0788416308 -2.48967277
0.0787073202 -2.48582935
0.0785734464 -2.48199247
0.0784400076 -2.4781621
0.0783070019 -2.47433822
0.0781744277 -2.47052082
0.078042283 -2.46670986
0.0779105662 -2.46290534
0.0777792754 -2.45910722
0.077648409 -2.4553155
0.0775179651 -2.45153014
0.0773879421 -2.44775113
0.0772583382 -2.44397844
0.0771291517 -2.44021206
0.0770003809 -2.43645197
0.0768720241 -2.43269814
0.0767440796 -2.42895056
0.0766165457 -2.42520921
0.0764894207 -2.42147406
0.076362703 -2.41774509
0.076236391 -2.4140223
0.076110483 -2.41030565
0.0759849772 -2.40659512
0.0758598723 -2.40289071
0.0757351664 -2.39919238
END
