SIMP
NP=4096
SW=30000
TYPE=SPE
DATA
7.56471547 329.743645
7.5803559 330.297956
7.59606618 330.853414
7.61184659 331.410024
7.62769738 331.967791
7.64361884 332.526721
7.65961125 333.086818
7.67567487 333.648087
7.69181 334.210535
7.70801693 334.774165
7.72429594 335.338984
7.74064733 335.904996
7.75707141 336.472208
7.77356847 337.040623
7.79013882 337.610248
7.80678277 338.181088
7.82350064 338.753148
7.84029275 339.326434
7.85715941 339.900952
7.87410095 340.476705
7.8911177 341.053701
7.90820999 341.631945
7.92537816 342.211441
7.94262256 342.792196
7.95994351 343.374216
7.97734138 343.957505
7.99481652 344.54207
8.01236927 345.127916
8.03 345.715048
8.04770906 346.303474
8.06549684 346.893197
8.0833637 347.484225
8.10131 348.076562
8.11933614 348.670215
8.13744249 349.265189
8.15562943 349.861491
8.17389736 350.459126
8.19224668 351.0581
8.21067777 351.658419
8.22919104 352.260089
8.24778689 352.863117
8.26646574 353.467508
8.285228 354.073267
8.30407407 354.680403
8.3230044 355.288919
8.34201939 355.898824
8.36111948 356.510122
8.3803051 357.12282
8.39957669 357.736925
8.41893469 358.352442
8.43837955 358.969378
8.45791171 359.58774
8.47753162 360.207533
8.49723976 360.828764
8.51703657 361.45144
8.53692252 362.075567
8.55689809 362.701152
8.57696375 363.328201
8.59711997 363.956721
8.61736724 364.586718
8.63770606 365.218199
8.6581369 365.851171
8.67866027 366.48564
8.69927667 367.121614
8.7199866 367.759099
8.74079058 368.398101
8.76168911 369.038629
8.78268272 369.680688
8.80377193 370.324286
8.82495726 370.96943
8.84623925 371.616127
8.86761845 372.264383
8.88909538 372.914206
8.9106706 373.565604
8.93234466 374.218583
8.95411811 374.87315
8.97599152 375.529313
8.99796545 376.187079
9.02004047 376.846456
9.04221716 377.507451
9.06449611 378.170071
9.08687789 378.834324
9.1093631 379.500217
9.13195234 380.167758
9.1546462 380.836955
9.1774453 381.507815
9.20035025 382.180346
9.22336165 382.854556
9.24648015 383.530452
9.26970635 384.208042
9.29304091 384.887335
9.31648445 385.568337
9.34003763 386.251058
9.36370108 386.935505
9.38747548 387.621686
9.41136147 388.30961
9.43535974 388.999284
9.45947094 389.690717
9.48369576 390.383916
9.50803489 391.078892
9.53248901 391.77565
9.55705882 392.474201
9.58174502 393.174553
9.60654833 393.876714
9.63146946 394.580692
9.65650912 395.286497
9.68166805 395.994136
9.70694699 396.70362
9.73234666 397.414955
9.75786782 398.128153
9.78351122 398.84322
9.80927762 399.560167
9.83516779 400.279002
9.8611825 400.999734
9.88732252 401.722373
9.91358866 402.446927
9.93998169 403.173406
9.96650242 403.901819
9.99315166 404.632175
10.0199302 405.364485
10.0468389 406.098756
10.0738786 406.835
10.1010501 407.573225
10.1283542 408.313441
10.1557919 409.055657
10.1833639 409.799885
10.2110711 410.546133
10.2389144 411.294411
10.2668947 412.044729
10.2950129 412.797098
10.3232699 413.551527
10.3516665 414.308027
10.3802037 415.066607
10.4088824 415.827279
10.4377036 416.590052
10.4666681 417.354937
10.495777 418.121944
10.5250311 418.891085
10.5544315 419.662368
10.5839791 420.435807
10.6136749 421.21141
10.6435199 421.989189
10.673515 422.769155
10.7036614 423.551318
10.7339599 424.335691
10.7644117 425.122284
10.7950177 425.911108
10.8257791 426.702174
10.8566968 427.495495
10.887772 428.29108
10.9190056 429.088943
10.9503988 429.889094
10.9819528 430.691546
11.0136685 431.496309
11.045547 432.303396
11.0775897 433.112819
11.1097974 433.92459
11.1421715 434.73872
11.174713 435.555222
11.2074231 436.374109
11.240303 437.195392
11.2733539 438.019084
11.306577 438.845198
11.3399735 439.673746
11.3735446 440.504741
11.4072915 441.338195
11.4412155 442.174122
11.4753178 443.012534
11.5095998 443.853445
11.5440627 444.696867
11.5787077 445.542814
11.6135362 446.3913
11.6485495 447.242337
11.683749 448.095939
11.7191359 448.95212
11.7547116 449.810894
11.7904775 450.672274
11.8264351 451.536274
11.8625855 452.402908
11.8989304 453.272191
11.935471 454.144137
11.9722089 455.018759
12.0091454 455.896073
12.0462821 456.776093
12.0836204 457.658833
12.1211617 458.544309
12.1589077 459.432535
12.1968599 460.323526
12.2350197 461.217298
12.2733887 462.113865
12.3119684 463.013242
12.3507606 463.915446
12.3897667 464.820492
12.4289883 465.728395
12.4684272 466.639171
12.5080849 467.552836
12.547963 468.469406
12.5880634 469.388898
12.6283876 470.311327
12.6689374 471.236709
12.7097145 472.165063
12.7507207 473.096403
12.7919577 474.030747
12.8334273 474.968111
12.8751312 475.908513
12.9170714 476.85197
12.9592496 477.798499
13.0016677 478.748118
13.0443276 479.700844
13.0872312 480.656694
13.1303803 481.615687
13.1737769 482.57784
13.217423 483.543173
13.2613206 484.511702
13.3054715 485.483446
13.3498779 486.458424
13.3945418 487.436655
13.4394651 488.418157
13.4846501 489.402949
13.5300988 490.391051
13.5758132 491.382482
13.6217957 492.377261
13.6680482 493.375407
13.7145731 494.376942
13.7613725 495.381883
13.8084486 496.390253
13.8558038 497.40207
13.9034402 498.417355
13.9513603 499.436129
13.9995662 500.458413
14.0480605 501.484227
14.0968454 502.513593
14.1459235 503.546531
14.195297 504.583064
14.2449685 505.623212
14.2949404 506.666998
14.3452154 507.714444
14.3957958 508.765572
14.4466843 509.820403
14.4978835 510.878962
14.549396 511.941269
14.6012245 513.007349
14.6533716 514.077225
14.70584 515.150919
14.7586326 516.228455
14.8117521 517.309857
14.8652012 518.395149
14.9189828 519.484354
14.9730999 520.577498
15.0275552 521.674605
15.0823517 522.775699
15.1374925 523.880805
15.1929804 524.989949
15.2488186 526.103156
15.3050101 527.220452
15.361558 528.341862
15.4184654 529.467412
15.4757355 530.597129
15.5333716 531.731039
15.5913769 532.869169
15.6497547 534.011547
15.7085082 535.158198
15.7676409 536.309151
15.8271562 537.464434
15.8870575 538.624073
15.9473484 539.788099
16.0080322 540.956538
16.0691126 542.12942
16.1305933 543.306774
16.1924778 544.488629
16.2547698 545.675014
16.3174732 546.86596
16.3805916 548.061496
16.444129 549.261653
16.5080891 550.466461
16.572476 551.675951
16.6372935 552.890154
16.7025457 554.109103
16.7682367 555.332828
16.8343706 556.561361
16.9009516 557.794736
16.9679838 559.032984
17.0354716 560.276139
17.1034192 561.524234
17.1718311 562.777302
17.2407117 564.035378
17.3100654 565.298495
17.3798969 566.566689
17.4502106 567.839993
17.5210113 569.118445
17.5923037 570.402078
17.6640926 571.690929
17.7363827 572.985034
17.8091791 574.284429
17.8824866 575.589153
17.9563102 576.899241
18.0306551 578.214732
18.1055265 579.535664
18.1809295 580.862075
18.2568693 582.194004
18.3333515 583.531491
18.4103814 584.874574
18.4879644 586.223294
18.5661063 587.577691
18.6448125 588.937806
18.7240888 590.303681
18.8039411 591.675356
18.8843751 593.052874
18.9653969 594.436277
19.0470124 595.825609
19.1292277 597.220913
19.2120491 598.622231
19.2954827 600.029609
19.379535 601.443092
19.4642124 602.862724
19.5495215 604.288551
19.6354687 605.720619
19.7220609 607.158975
19.8093049 608.603666
19.8972075 610.054739
19.9857756 611.512243
20.0750165 612.976225
20.1649373 614.446736
20.2555452 615.923824
20.3468477 617.40754
20.4388521 618.897934
20.5315662 620.395058
20.6249976 621.898964
20.7191541 623.409703
20.8140437 624.927329
20.9096743 626.451895
21.0060541 627.983455
21.1031914 629.522064
21.2010945 631.067777
21.299772 632.62065
21.3992325 634.180739
21.4994846 635.748101
21.6005373 637.322795
21.7023997 638.904878
21.8050807 640.49441
21.9085898 642.09145
22.0129363 643.696058
22.1181297 645.308296
22.2241797 646.928225
22.3310963 648.555909
22.4388892 650.191409
22.5475688 651.83479
22.6571452 653.486116
22.7676289 655.145453
22.8790305 656.812867
22.9913608 658.488424
23.1046306 660.172194
23.2188511 661.864242
23.3340335 663.56464
23.4501893 665.273458
23.5673299 666.990765
23.6854674 668.716634
23.8046135 670.451137
23.9247805 672.194349
24.0459808 673.946342
24.1682268 675.707193
24.2915313 677.476978
24.4159072 679.255773
24.5413678 681.043657
24.6679263 682.840708
24.7955963 684.647007
24.9243917 686.462635
25.0543264 688.287672
25.1854147 690.122203
25.3176711 691.966311
25.4511103 693.820082
25.5857471 695.6836
25.721597 697.556954
25.8586751 699.440232
25.9969974 701.333523
26.1365797 703.236917
26.2774383 705.150506
26.4195896 707.074383
26.5630506 709.008643
26.7078382 710.953379
26.8539697 712.908689
27.0014629 714.874671
27.1503357 716.851423
27.3006064 718.839045
27.4522934 720.83764
27.6054158 722.84731
27.7599928 724.868159
27.9160438 726.900294
28.0735889 728.943821
28.2326482 730.998849
28.3932424 733.065488
28.5553924 735.143849
28.7191196 737.234046
28.8844457 739.336192
29.0513928 741.450405
29.2199834 743.576801
29.3902405 745.7155
29.5621873 747.866624
29.7358477 750.030294
29.9112458 752.206635
30.0884062 754.395773
30.2673542 756.597837
30.4481151 758.812955
30.630715 761.04126
30.8151805 763.282884
31.0015385 765.537963
31.1898166 767.806635
31.3800428 770.089038
31.5722457 772.385314
31.7664543 774.695607
31.9626985 777.020061
32.1610083 779.358823
32.3614146 781.712045
32.5639489 784.079878
32.7686432 786.462475
32.9755301 788.859994
33.1846429 791.272593
33.3960156 793.700433
33.6096828 796.143678
33.8256799 798.602495
34.0440428 801.077052
34.2648083 803.56752
34.4880139 806.074073
34.7136978 808.596888
34.941899 811.136143
35.1726575 813.692022
35.4060137 816.264709
35.6420092 818.854392
35.8806863 821.461262
36.1220882 824.085512
36.3662591 826.727341
36.6132439 829.386947
36.8630887 832.064534
37.1158404 834.760309
37.371547 837.474482
37.6302575 840.207267
37.8920219 842.958879
38.1568914 845.729541
38.4249182 848.519475
38.6961556 851.32891
38.9706582 854.158078
39.2484817 857.007213
39.5296831 859.876557
39.8143207 862.766351
40.1024539 865.676845
40.3941437 868.60829
40.6894522 871.560942
40.9884432 874.535063
41.2911818 877.530917
41.5977345 880.548774
41.9081695 883.58891
42.2225564 886.651604
42.5409666 889.73714
42.8634731 892.845807
43.1901505 895.977902
43.5210753 899.133722
43.8563259 902.313575
44.1959822 905.517771
44.5401264 908.746627
44.8888425 912.000466
45.2422165 915.279615
45.6003367 918.584409
45.9632932 921.91519
46.3311787 925.272304
46.7040879 928.656106
47.0821181 932.066955
47.4653688 935.505219
47.8539421 938.971273
48.2479427 942.465497
48.6474779 945.988282
49.0526578 949.540023
49.4635954 953.121125
49.8804063 956.732
50.3032094 960.373068
50.7321267 964.044759
51.1672833 967.74751
51.6088075 971.481766
52.0568312 975.247983
52.5114897 979.046625
52.9729221 982.878168
53.441271 986.743093
53.916683 990.641895
54.3993087 994.575077
54.889303 998.543156
55.3868247 1002.54665
55.8920373 1006.58611
56.4051089 1010.66207
56.9262121 1014.7751
57.4555245 1018.92576
57.9932289 1023.11464
58.5395131 1027.34234
59.0945704 1031.60947
59.6585998 1035.91665
60.2318058 1040.26452
60.8143993 1044.65373
61.4065972 1049.08494
62.0086228 1053.55884
62.6207062 1058.07612
63.2430844 1062.6375
63.8760014 1067.2437
64.5197089 1071.89548
65.1744661 1076.59359
65.8405404 1081.33881
66.5182072 1086.13195
67.2077509 1090.97383
67.9094645 1095.86527
68.6236504 1100.80715
69.3506207 1105.80033
70.0906975 1110.84573
70.8442132 1115.94426
71.6115111 1121.09686
72.3929458 1126.30452
73.1888833 1131.56821
73.9997022 1136.88897
74.8257933 1142.26783
75.6675608 1147.70586
76.5254226 1153.20416
77.3998108 1158.76386
78.2911723 1164.38611
79.1999695 1170.07211
80.126681 1175.82306
81.0718021 1181.64023
82.0358457 1187.52488
83.0193428 1193.47834
84.0228437 1199.50197
85.0469183 1205.59715
86.0921576 1211.76532
87.1591739 1218.00793
88.2486025 1224.32651
89.361102 1230.7226
90.4973559 1237.1978
91.6580737 1243.75376
92.8439916 1250.39215
94.0558743 1257.11472
95.294516 1263.92326
96.560742 1270.8196
97.8554099 1277.80565
99.1794114 1284.88335
100.533674 1292.05471
101.919161 1299.32181
103.336878 1306.68678
104.787869 1314.15182
106.273223 1321.7192
107.794071 1329.39125
109.351596 1337.17039
110.947028 1345.05911
112.58165 1353.05998
114.256802 1361.17564
115.973879 1369.40883
117.73434 1377.76238
119.539708 1386.23921
121.391572 1394.84233
123.291594 1403.57486
125.241512 1412.44002
127.243142 1421.44114
129.298385 1430.58167
131.409231 1439.86517
133.577762 1449.29533
135.80616 1458.87597
138.096713 1468.61104
140.451816 1478.50463
142.873986 1488.56098
145.365861 1498.7845
147.930211 1509.17973
150.569945 1519.7514
153.288121 1530.5044
156.087953 1541.44382
158.972823 1552.57494
161.946289 1563.90322
165.012096 1575.43434
168.174193 1587.17423
171.436738 1599.129
174.804118 1611.30504
178.280964 1623.70898
181.872161 1636.3477
185.582872 1649.22839
189.418555 1662.3585
193.384979 1675.7458
197.488253 1689.39839
201.734842 1703.32468
206.131599 1717.53346
210.685788 1732.03387
215.405117 1746.83546
220.297768 1761.94817
225.372432 1777.38239
230.638352 1793.14893
236.105358 1809.25911
241.783916 1825.72471
247.685177 1842.55808
253.821031 1859.77209
260.204163 1877.38018
266.848119 1895.39642
273.767379 1913.83552
280.977425 1932.71283
288.494837 1952.04444
296.337373 1971.84716
304.524078 1992.13858
313.075393 2012.93711
322.013275 2034.26199
331.361335 2056.13337
341.144984 2078.57235
351.391597 2101.60096
362.130694 2125.24229
373.394139 2149.52045
385.216365 2174.46068
397.634613 2200.08934
410.689211 2226.43397
424.423873 2253.5233
438.886035 2281.38733
454.12723 2310.05727
470.203509 2339.56564
487.175899 2369.94621
505.110931 2401.23397
524.081216 2433.46518
544.166098 2466.6772
565.45238 2500.90847
588.035141 2536.19836
612.018652 2572.58694
637.5174 2610.11481
664.657241 2648.8227
693.576693 2688.75106
724.428385 2729.93954
757.380686 2772.42625
792.619531 2816.24689
830.350457 2861.43361
870.800896 2908.01358
914.222707 2956.00723
960.895016 3005.42602
1011.12733 3056.26964
1065.26297 3108.52254
1123.68282 3162.14962
1186.80934 3217.09086
1255.11083 3273.25465
1329.10584 3330.50955
1409.36758 3388.67412
1496.52806 3447.50432
1591.28169 3506.67815
1694.3877 3565.77674
1806.67065 3624.2615
1929.01797 3681.44644
2062.37297 3736.46522
2207.72127 3788.23234
2366.0678 3835.39826
2538.40087 3876.29902
2725.63867 3908.90181
2928.55271 3930.74956
3147.66213 3938.91064
3383.09279 3929.94267
3634.39658 3899.88509
3900.33027 3844.30005
4178.6011 3758.38746
4465.59886 3637.20358
4756.15247 3476.0106
5043.37088 3270.7731
5318.648 3018.78991
5571.91934 2719.40578
5792.23941 2374.69144
5968.6927 1989.92974
6091.55803 1573.72835
6153.53923 1137.62303
6150.80003 695.147905
6083.54459 260.502563
5955.98607 -152.921753
5775.71178 -533.845231
5552.61667 -873.979774
5297.66826 -1168.37209
5021.76067 -1415.24677
4734.83475 -1615.49289
4445.33414 -1771.9743
4159.97716 -1888.82182
3883.772 -1970.8131
3620.18739 -2022.89076
3371.4008 -2049.82671
3138.56632 -2056.01515
2922.06643 -2045.36609
2721.72934 -2021.27027
2537.0056 -1986.61026
2367.10532 -1943.79854
2211.10069 -1894.82872
2067.99998 -1841.33099
1936.79908 -1784.6263
1816.51602 -1725.77625
1706.21281 -1665.62734
1605.0083 -1604.84921
1512.08464 -1543.96706
1426.68938 -1483.38877
1348.13471 -1423.4274
1275.79491 -1364.31967
1209.10269 -1306.24105
1147.54498 -1249.31808
1090.65854 -1193.63834
1038.02555 -1139.25854
989.269359 -1086.211
944.050492 -1034.50896
902.062955 -984.150755
863.03082 -935.12325
826.705137 -887.404541
792.861133 -840.966146
761.295697 -795.774742
731.825119 -751.793555
704.283075 -708.983462
678.518821 -667.303863
654.395585 -626.713366
631.789132 -587.170324
610.586486 -548.633255
590.684796 -511.061156
571.990317 -474.413749
554.417506 -438.651659
537.888222 -403.736545
522.330999 -369.63119
507.680406 -336.299559
493.876477 -303.70683
480.864192 -271.819414
468.593016 -240.604946
457.016495 -210.032278
446.091876 -180.071452
435.779784 -150.693671
426.043915 -121.871266
416.850774 -93.5776577
408.16943 -65.7873144
399.971298 -38.4757109
392.229942 -11.6192855
384.920898 14.8046034
378.021512 40.8177199
371.510793 66.4409933
365.369284 91.6945592
359.578941 116.5978
354.123023 141.169386
348.985994 165.427311
344.153434 189.388929
339.611957 213.070993
335.349135 236.489686
331.353433 259.660656
327.614146 282.599046
324.121343 305.319525
320.865813 327.836317
317.839023 350.163229
315.033072 372.313677
312.440654 394.300714
310.055021 416.137052
307.86995 437.835087
305.879716 459.406922
304.079064 480.864389
302.463183 502.219069
301.027689 523.482314
299.768597 544.665265
298.682312 565.778874
297.765606 586.833921
297.015605 607.841029
296.42978 628.810689
296.005929 649.753268
295.742174 670.679034
295.636947 691.598167
295.688986 712.520778
295.897326 733.456923
296.261298 754.416621
296.780523 775.409868
297.454907 796.446652
298.284645 817.536969
299.270217 838.690841
300.41239 859.918327
301.71222 881.229541
303.171052 902.634666
304.790531 924.143973
306.572599 945.767834
308.51951 967.516738
310.633829 989.401309
312.91845 1011.43232
315.376597 1033.62073
318.011845 1055.97764
320.828127 1078.51441
323.82975 1101.24259
327.021414 1124.17398
330.408228 1147.32063
333.995731 1170.69489
337.789915 1194.3094
341.797246 1218.17714
346.024698 1242.31142
350.479775 1266.72595
355.170548 1291.43479
360.105687 1316.45247
365.294506 1341.79395
370.746996 1367.47466
376.47388 1393.51054
382.486658 1419.91808
388.797668 1446.71433
395.420141 1473.91694
402.368269 1501.54419
409.657283 1529.61506
417.303526 1558.14921
425.324545 1587.16706
433.739187 1616.68982
442.567703 1646.73954
451.831868 1677.33913
461.555104 1708.51244
471.762627 1740.28426
482.4816 1772.68042
493.741303 1805.72778
505.573326 1839.45433
518.011781 1873.88921
531.09353 1909.06275
544.858443 1945.00655
559.349691 1981.75346
574.614056 2019.33771
590.70229 2057.79484
607.669503 2097.16182
625.575607 2137.47698
644.485803 2178.78009
664.471126 2221.11231
685.609055 2264.51614
707.984197 2309.03538
731.689049 2354.71504
756.824854 2401.6012
783.502561 2449.74077
811.843902 2499.18132
841.982593 2549.97063
874.065693 2602.15634
908.255119 2655.78528
944.72935 2710.9028
983.685332 2767.55177
1025.34061 2825.77144
1069.93572 2885.59586
1117.73682 2947.05207
1169.03864 3010.15767
1224.16773 3074.91788
1283.48603 3141.32188
1347.39468 3209.33814
1416.3382 3278.9088
1490.80882 3349.94251
1571.35096 3422.30568
1658.56561 3495.81167
1753.11441 3570.2074
1855.72297 3645.15702
1967.18285 3720.22191
2088.35136 3794.83641
2220.14794 3868.27874
2363.54544 3939.63625
2519.55402 4007.76486
2689.19472 4071.24255
2873.45869 4128.31754
3073.2473 4176.85332
3289.28738 4214.27426
3522.0155 4237.51865
3771.42534 4243.00994
4036.87465 4226.66214
4316.85309 4183.94102
4608.72144 4110.00836
4908.44724 3999.97864
5210.38123 3849.31338
5507.1413 3654.36215
5789.68781 3413.02664
6047.6755 3125.47552
6270.13742 2794.78107
6446.48796 2427.30528
6567.73076 2032.66235
6627.65543 1623.15059
6623.75256 1212.67639
6557.61077 815.347149
6434.68657 444.021664
6263.51129 109.121333
6054.54487 -182.083907
5818.94792 -425.650364
5567.5094 -620.673559
5309.8735 -768.701729
5054.10359 -873.027854
4806.54231 -938.003369
4571.8872 -968.461122
4353.39527 -969.282844
4153.14455 -945.109288
3972.30214 -900.170945
3811.36901 -838.210236
3670.38772 -762.467139
3549.10966 -675.705107
3447.12445 -580.260025
3363.9569 -478.100413
3299.13749 -370.891412
3252.2523 -260.058369
3222.97702 -146.84804
3211.09899 -32.3869305
3216.52977 82.2627889
3239.31002 196.048828
3279.60722 307.87456
3337.70603 416.543769
3413.98994 520.703297
3508.91197 618.782899
3622.95101 708.932413
3756.54946 788.95761
3910.0266 856.257994
4083.46166 907.772706
4276.54093 939.944611
4488.36474 948.717746
4717.21539 929.589128
4960.29519 877.741438
5213.45808 788.285962
5470.97746 656.641646
5725.41454 479.061228
5967.67008 253.284652
6187.3055 -20.7476153
6373.19313 -340.245195
6514.49035 -699.151919
6601.83367 -1088.13881
6628.54487 -1495.12202
6591.58052 -1906.29672
6491.98159 -2307.52364
6334.69942 -2685.78685
6127.84617 -3030.41629
5881.5692 -3333.84969
5606.81885 -3591.85491
5314.25333 -3803.27906
5013.43374 -3969.48177
4712.3563 -4093.63137
4417.28618 -4180.01177
4132.81462 -4233.43247
3862.05229 -4258.78126
3606.88493 -4260.72043
3368.23912 -4243.50536
3146.32633 -4210.89673
2940.85058 -4166.1378
2751.17518 -4111.97296
2576.45122 -4050.68954
2415.71261 -3984.17043
2267.94431 -3913.94944
2132.12924 -3841.26445
2007.27951 -3767.10596
1892.45573 -3692.25983
1786.77815 -3617.34403
1689.43187 -3542.83968
1599.66815 -3469.117
1516.80305 -3396.45671
1440.21454 -3325.06765
1369.33869 -3255.10111
1303.66527 -3186.66255
1242.73335 -3119.82101
1186.1269 -3054.61682
1133.47052 -2991.06773
1084.42554 -2929.1739
1038.68632 -2868.92186
995.976886 -2810.28776
956.047939 -2753.23993
918.674044 -2697.74087
883.651186 -2643.74897
850.794548 -2591.21976
819.93652 -2540.10692
790.924934 -2490.36316
763.621477 -2441.94077
737.900285 -2394.7922
713.646686 -2348.87035
690.756078 -2304.12894
669.132928 -2260.52269
648.68989 -2218.00745
629.346998 -2176.54036
611.030964 -2136.07989
593.674541 -2096.58592
577.215954 -2058.01971
561.598392 -2020.34394
546.769555 -1983.52268
532.681239 -1947.52138
519.288975 -1912.30683
506.551695 -1877.84713
494.431437 -1844.11164
482.893076 -1811.07096
471.904082 -1778.69685
461.434304 -1746.96219
451.45577 -1715.84095
441.942513 -1685.30815
432.870404 -1655.33978
424.21701 -1625.91278
415.96146 -1597.00496
408.084323 -1568.59503
400.567497 -1540.66247
393.394116 -1513.18756
386.548448 -1486.15128
380.015824 -1459.53533
373.782551 -1433.32205
367.835853 -1407.49442
362.163801 -1382.03599
356.755257 -1356.93088
351.599823 -1332.16372
346.687792 -1307.71966
342.010101 -1283.5843
337.558296 -1259.74369
333.324489 -1236.1843
329.301329 -1212.89299
325.481968 -1189.85697
321.860033 -1167.06384
318.429603 -1144.50147
315.18518 -1122.15808
312.121671 -1100.02214
309.234368 -1078.0824
306.51893 -1056.32785
303.971364 -1034.74772
301.588014 -1013.33143
299.365547 -992.068592
297.300938 -970.949018
295.391462 -949.962662
293.634685 -929.099626
292.028454 -908.350142
290.570891 -887.704558
289.260386 -867.153321
288.095593 -846.686963
287.075426 -826.296089
286.199053 -805.97136
285.465898 -785.70348
284.875639 -765.483184
284.428204 -745.301222
284.123776 -725.148345
283.962792 -705.015295
283.945949 -684.892784
284.074203 -664.771486
284.348777 -644.642023
284.771163 -624.494944
285.343136 -604.320718
286.066752 -584.109717
286.944365 -563.852196
287.978633 -543.538284
289.172532 -523.157965
290.529365 -502.701062
292.052781 -482.157219
293.746789 -461.515886
295.615775 -440.766299
297.664522 -419.897462
299.898231 -398.898129
302.322547 -377.75678
304.943581 -356.461607
307.76794 -335.000486
310.802759 -313.360955
314.055733 -291.530197
317.535158 -269.495006
321.249965 -247.24177
325.209771 -224.756439
329.424925 -202.024497
333.906561 -179.030939
338.666658 -155.760233
343.718102 -132.196294
349.07476 -108.322446
354.751553 -84.121395
360.764544 -59.5751859
367.131029 -34.6651704
373.869641 -9.37196697
381.000463 16.324578
388.54515 42.4454307
396.527071 69.0124117
404.971454 96.0482374
413.905559 123.576563
423.358859 151.622026
433.363247 180.210286
443.95326 209.368068
455.166338 239.123202
467.043092 269.504655
479.627627 300.542572
492.967878 332.268292
507.116001 364.714373
522.1288 397.914603
538.06821 431.903986
555.001825 466.718731
573.003507 502.396201
592.154049 538.974845
612.541928 576.494095
634.264149 614.99421
657.427186 654.516079
682.148045 695.100945
708.555449 736.790052
736.791175 779.624179
767.011551 823.643045
799.389136 868.88456
834.114603 915.383857
871.398845 963.172086
911.475327 1012.27489
954.602706 1062.7105
1001.06774 1114.48736
1051.18848 1167.6011
1105.31782 1222.03091
1163.84725 1277.73484
1227.211 1334.64414
1295.8903 1392.65607
1370.41779 1451.62521
1451.38186 1511.35249
1539.43062 1571.57193
1635.27515 1631.93418
1739.69138 1691.98654
1853.51976 1751.1487
1977.66152 1808.6836
2113.06979 1863.66276
2260.73334 1914.92567
2421.64994 1961.03335
2596.78534 2000.21666
2787.01317 2030.3214
2993.0299 2048.7542
3215.23883 2052.4359
3453.59725 2037.77322
3707.42329 2000.66487
3975.16387 1936.5636
4254.13438 1840.6214
4540.25529 1707.9473
4827.83039 1534.00253
5109.43323 1315.14173
5375.98573 1049.27602
5617.11341 736.585004
5821.8319 380.148354
5979.55011 -13.6752117
6081.27488 -435.29327
6120.8001 -872.45454
6095.61076 -1311.32791
6007.26795 -1737.9072
5861.16862 -2139.4532
5665.7468 -2505.67129
5431.32726 -2829.41379
5168.90187 -3106.84528
4889.06413 -3337.14984
4601.24295 -3521.94292
4313.27198 -3664.56461
4031.25256 -3769.39632
3759.62972 -3841.28694
3501.39516 -3885.12291
3258.34561 -3905.53975
3031.34683 -3906.75287
2820.57371 -3892.47833
2625.71309 -3865.91576
2446.12594 -3829.77014
2280.97162 -3786.29523
2129.29967 -3737.34667
1990.11533 -3684.43713
1862.42457 -3628.78901
1745.26373 -3571.38222
1637.71801 -3512.99617
1538.93177 -3454.24586
1448.11341 -3395.61226
1364.53629 -3337.46766
1287.53735 -3280.09664
1216.51413 -3223.71325
1150.92086 -3168.47504
1090.26424 -3114.49449
1034.09899 -3061.84823
982.023556 -3010.58452
933.675959 -2960.72931
888.729897 -2912.29106
846.891173 -2865.26468
807.894416 -2819.63465
771.5001 -2775.37755
737.491861 -2732.46405
705.674082 -2690.86055
675.869728 -2650.53043
647.918417 -2611.43506
621.674687 -2573.53464
597.006462 -2536.78878
573.793677 -2501.15703
551.927058 -2466.59926
531.307031 -2433.07591
511.84275 -2400.54826
493.451236 -2368.97854
476.056601 -2338.33012
459.589361 -2308.56749
443.98582 -2279.65642
429.187516 -2251.56387
415.140736 -2224.25812
401.796065 -2197.70866
389.107999 -2171.88625
377.034584 -2146.76284
365.537096 -2122.31158
354.579761 -2098.50678
344.129487 -2075.32384
334.155637 -2052.73925
324.629816 -2030.73054
315.525681 -2009.27621
306.818769 -1988.35572
298.486341 -1967.94945
290.507241 -1948.03864
282.861769 -1928.60536
275.531561 -1909.63248
268.499487 -1891.1036
261.749551 -1873.00307
255.266807 -1855.3159
249.037274 -1838.02779
243.047868 -1821.12501
237.286331 -1804.59446
231.741172 -1788.42358
226.401609 -1772.60037
221.25752 -1757.11331
216.299394 -1741.95139
211.518287 -1727.10404
206.905785 -1712.56114
202.453965 -1698.313
198.155361 -1684.3503
194.002937 -1670.66412
189.99005 -1657.2459
186.110434 -1644.0874
182.358165 -1631.18074
178.727647 -1618.51834
175.213587 -1606.09291
171.810974 -1593.89744
168.515067 -1581.92521
165.32137 -1570.16974
162.225624 -1558.62481
159.22379 -1547.28443
156.312031 -1536.14281
153.48671 -1525.19443
150.744366 -1514.43391
148.081715 -1503.85612
145.49563 -1493.45608
142.983138 -1483.22901
140.54141 -1473.17028
138.16775 -1463.27546
135.859591 -1453.54023
133.614486 -1443.96046
131.430101 -1434.53214
129.30421 -1425.2514
127.234689 -1416.11452
125.219509 -1407.11788
123.256732 -1398.25799
121.344507 -1389.53149
119.481063 -1380.93512
117.664707 -1372.46572
115.893821 -1364.12025
114.166853 -1355.89575
112.482319 -1347.78937
110.838798 -1339.79833
109.234928 -1331.91997
107.669403 -1324.15168
106.14097 -1316.49096
104.64843 -1308.93535
103.19063 -1301.48252
101.766464 -1294.13015
100.37487 -1286.87603
99.0148285 -1279.71801
97.6853589 -1272.654
96.3855197 -1265.68196
95.1144055 -1258.79993
93.8711454 -1252.006
92.6549017 -1245.2983
91.4648684 -1238.67503
90.3002695 -1232.13445
89.160358 -1225.67484
88.0444144 -1219.29456
86.9517453 -1212.99199
85.8816829 -1206.76556
84.8335832 -1200.61377
83.8068253 -1194.53513
82.8008105 -1188.52819
81.814961 -1182.59156
80.8487196 -1176.72387
79.9015481 -1170.9238
78.9729271 -1165.19005
78.0623551 -1159.52136
77.1693474 -1153.91652
76.293436 -1148.37431
75.4341683 -1142.89359
74.5911072 -1137.47322
73.7638298 -1132.11208
72.9519272 -1126.80911
72.1550038 -1121.56326
71.372677 -1116.37349
70.6045764 -1111.23882
69.8503435 -1106.15826
69.1096313 -1101.13086
68.3821037 -1096.1557
67.6674351 -1091.23188
66.9653103 -1086.3585
66.2754235 -1081.53471
65.5974787 -1076.75966
64.9311887 -1072.03253
64.2762753 -1067.35251
63.6324683 -1062.71883
62.9995062 -1058.13071
62.3771347 -1053.58741
61.7651074 -1049.08819
61.1631853 -1044.63234
60.5711359 -1040.21916
59.9887341 -1035.84796
59.4157607 -1031.51807
58.8520033 -1027.22885
58.2972554 -1022.97965
57.7513162 -1018.76984
57.2139909 -1014.59882
56.68509 -1010.46598
56.1644292 -1006.37074
55.6518295 -1002.31252
55.1471168 -998.290766
54.6501217 -994.304927
54.1606795 -990.354462
53.67863 -986.438847
53.2038172 -982.557563
52.7360894 -978.710107
52.2752989 -974.895982
51.8213019 -971.114704
51.3739585 -967.365798
50.9331323 -963.648798
50.4986905 -959.963248
50.070504 -956.308701
49.6484467 -952.684717
49.2323958 -949.090869
48.8222318 -945.526734
48.4178381 -941.991899
48.0191011 -938.485959
47.62591 -935.008517
47.2381569 -931.559183
46.8557363 -928.137576
46.4785456 -924.743319
46.1064846 -921.376046
45.7394556 -918.035395
45.3773632 -914.721012
45.0201143 -911.432549
44.6676182 -908.169665
44.3197862 -904.932026
43.9765317 -901.719301
43.6377704 -898.531169
43.3034197 -895.367313
42.9733991 -892.227421
42.64763 -889.111187
42.3260354 -886.018311
42.0085404 -882.948499
41.6950716 -879.90146
41.3855574 -876.87691
41.0799277 -873.87457
40.7781141 -870.894164
40.4800498 -867.935422
40.1856693 -864.998079
39.8949087 -862.081874
39.6077056 -859.186552
39.3239987 -856.311859
39.0437284 -853.457548
38.7668361 -850.623375
38.4932646 -847.809102
38.2229581 -845.014492
37.9558618 -842.239313
37.691922 -839.483338
37.4310865 -836.746344
37.1733038 -834.028108
36.9185238 -831.328416
36.6666974 -828.647052
36.4177763 -825.983808
36.1717136 -823.338477
35.928463 -820.710856
35.6879794 -818.100745
35.4502186 -815.507946
35.2151371 -812.932267
34.9826926 -810.373516
34.7528435 -807.831507
34.525549 -805.306053
34.3007692 -802.796974
34.078465 -800.304089
33.858598 -797.827224
33.6411307 -795.366203
33.4260263 -792.920857
33.2132486 -790.491016
33.0027622 -788.076515
32.7945325 -785.677191
32.5885254 -783.292881
32.3847076 -780.923429
32.1830463 -778.568677
31.9835095 -776.228472
31.7860656 -773.902661
31.5906838 -771.591097
31.3973339 -769.29363
31.205986 -767.010117
31.016611 -764.740414
30.8291804 -762.484379
30.643666 -760.241876
30.4600403 -758.012765
30.2782762 -755.796913
30.0983472 -753.594186
29.9202273 -751.404452
29.7438908 -749.227583
29.5693127 -747.063451
29.3964682 -744.91193
29.2253333 -742.772896
29.055884 -740.646227
28.888097 -738.531802
28.7219495 -736.429501
28.5574188 -734.339209
28.3944829 -732.260808
28.23312 -730.194184
28.0733088 -728.139225
27.9150283 -726.09582
27.7582578 -724.063859
27.6029771 -722.043234
27.4491663 -720.033837
27.2968059 -718.035564
27.1458765 -716.048311
26.9963594 -714.071974
26.8482359 -712.106453
26.7014878 -710.151648
26.5560971 -708.20746
26.4120462 -706.273791
26.2693177 -704.350546
26.1278946 -702.437629
25.98776 -700.534947
25.8488975 -698.642407
25.7112908 -696.759918
25.5749241 -694.88739
25.4397815 -693.024734
25.3058477 -691.171861
25.1731074 -689.328686
25.0415457 -687.495121
24.9111479 -685.671083
24.7818996 -683.856488
24.6537865 -682.051254
24.5267945 -680.255298
24.40091 -678.46854
24.2761194 -676.6909
24.1524092 -674.9223
24.0297665 -673.162662
23.9081781 -671.41191
23.7876315 -669.669967
23.6681141 -667.936759
23.5496135 -666.212211
23.4321175 -664.49625
23.3156144 -662.788805
23.2000921 -661.089803
23.0855393 -659.399174
22.9719444 -657.716848
22.8592962 -656.042757
22.7475837 -654.376831
22.6367959 -652.719004
22.5269221 -651.06921
22.4179517 -649.427382
22.3098743 -647.793454
22.2026797 -646.167364
22.0963577 -644.549048
21.9908983 -642.938441
21.8862918 -641.335483
21.7825284 -639.740112
21.6795987 -638.152267
21.5774933 -636.571887
21.4762028 -634.998915
21.3757182 -633.43329
21.2760305 -631.874955
21.1771309 -630.323852
21.0790106 -628.779925
20.9816609 -627.243117
20.8850735 -625.713373
20.78924 -624.190637
20.694152 -622.674856
20.5998016 -621.165975
20.5061806 -619.663942
20.4132812 -618.168703
20.3210957 -616.680207
20.2296162 -615.198402
20.1388353 -613.723238
20.0487454 -612.254663
19.9593393 -610.792628
19.8706096 -609.337084
19.7825492 -607.887981
19.695151 -606.445272
19.6084081 -605.008908
19.5223136 -603.578843
19.4368606 -602.155029
19.3520426 -600.737421
19.2678529 -599.325971
19.184285 -597.920636
19.1013325 -596.52137
19.018989 -595.128128
18.9372484 -593.740866
18.8561043 -592.359542
18.7755508 -590.984112
18.6955819 -589.614533
18.6161916 -588.250763
18.537374 -586.89276
18.4591234 -585.540483
18.3814341 -584.19389
18.3043005 -582.852942
18.227717 -581.517598
18.1516781 -580.187819
18.0761785 -578.863564
18.0012127 -577.544795
17.9267756 -576.231474
17.8528619 -574.923562
17.7794665 -573.621021
17.7065842 -572.323814
17.6342102 -571.031904
17.5623395 -569.745254
17.4909671 -568.463827
17.4200883 -567.187588
17.3496983 -565.9165
17.2797924 -564.650529
17.210366 -563.38964
17.1414144 -562.133797
17.0729332 -560.882966
17.0049178 -559.637114
16.9373639 -558.396207
16.8702671 -557.160211
16.8036231 -555.929093
16.7374276 -554.70282
16.6716765 -553.48136
16.6063655 -552.264681
16.5414906 -551.052751
16.4770477 -549.845539
16.4130329 -548.643012
16.349442 -547.445141
16.2862714 -546.251894
16.223517 -545.063241
16.1611751 -543.879152
16.0992418 -542.699596
16.0377136 -541.524546
15.9765866 -540.35397
15.9158573 -539.18784
15.855522 -538.026127
15.7955772 -536.868803
15.7360195 -535.71584
15.6768452 -534.567208
15.618051 -533.422882
15.5596335 -532.282832
15.5015893 -531.147032
15.4439151 -530.015455
15.3866077 -528.888073
15.3296638 -527.764861
15.2730802 -526.645792
15.2168538 -525.53084
15.1609814 -524.419978
15.1054598 -523.313182
15.0502862 -522.210426
14.9954574 -521.111685
14.9409704 -520.016933
14.8868223 -518.926146
14.8330102 -517.8393
14.7795312 -516.756369
14.7263824 -515.677331
14.673561 -514.60216
14.6210642 -513.530834
14.5688892 -512.463328
14.5170333 -511.399619
14.4654938 -510.339685
14.4142681 -509.283502
14.3633534 -508.231047
14.3127472 -507.182298
14.2624469 -506.137233
14.2124499 -505.095829
14.1627536 -504.058065
14.1133557 -503.023918
14.0642536 -501.993367
14.0154448 -500.966391
13.966927 -499.942967
13.9186977 -498.923076
13.8707545 -497.906696
13.8230952 -496.893807
13.7757173 -495.884387
13.7286187 -494.878417
13.681797 -493.875875
13.6352499 -492.876743
13.5889753 -491.881
13.542971 -490.888627
13.4972347 -489.899603
13.4517643 -488.913909
13.4065577 -487.931526
13.3616128 -486.952436
13.3169274 -485.976618
13.2724995 -485.004054
13.2283271 -484.034725
13.1844082 -483.068614
13.1407406 -482.1057
13.0973225 -481.145967
13.0541519 -480.189396
13.0112268 -479.235969
12.9685454 -478.285668
12.9261056 -477.338476
12.8839057 -476.394375
12.8419437 -475.453348
12.8002179 -474.515376
12.7587263 -473.580445
12.7174672 -472.648535
12.6764387 -471.71963
12.6356392 -470.793715
12.5950668 -469.870771
12.5547198 -468.950782
12.5145965 -468.033733
12.4746952 -467.119606
12.4350142 -466.208387
12.3955518 -465.300058
12.3563064 -464.394603
12.3172763 -463.492008
12.2784599 -462.592257
12.2398556 -461.695333
12.2014618 -460.801222
12.1632769 -459.909908
12.1252994 -459.021376
12.0875278 -458.135611
12.0499604 -457.252598
12.0125958 -456.372323
11.9754325 -455.49477
11.938469 -454.619924
11.9017039 -453.747772
11.8651355 -452.878299
11.8287626 -452.011491
11.7925837 -451.147333
11.7565974 -450.285811
11.7208022 -449.426912
11.6851968 -448.570621
11.6497799 -447.716925
11.6145499 -446.86581
11.5795057 -446.017262
11.5446458 -445.171268
11.5099689 -444.327815
11.4754737 -443.486889
11.4411589 -442.648476
11.4070233 -441.812565
11.3730655 -440.979141
11.3392843 -440.148193
11.3056784 -439.319706
11.2722465 -438.493669
11.2389876 -437.670069
11.2059002 -436.848892
11.1729833 -436.030128
11.1402356 -435.213762
11.107656 -434.399784
11.0752432 -433.58818
11.0429961 -432.778939
11.0109135 -431.972049
10.9789944 -431.167497
10.9472375 -430.365272
10.9156418 -429.565362
10.8842061 -428.767755
10.8529294 -427.97244
10.8218105 -427.179404
10.7908483 -426.388637
10.7600418 -425.600128
10.72939 -424.813864
10.6988917 -424.029835
10.6685459 -423.248029
10.6383516 -422.468436
10.6083077 -421.691044
10.5784133 -420.915842
10.5486673 -420.14282
10.5190688 -419.371967
10.4896167 -418.603271
10.46031 -417.836723
10.4311479 -417.072312
10.4021292 -416.310027
10.3732531 -415.549857
10.3445187 -414.791794
10.3159249 -414.035825
10.2874708 -413.281941
10.2591556 -412.530132
10.2309782 -411.780388
10.2029379 -411.032698
10.1750336 -410.287053
10.1472646 -409.543443
10.1196298 -408.801858
10.0921285 -408.062288
10.0647598 -407.324723
10.0375228 -406.589154
10.0104166 -405.855571
9.98344046 -405.123965
9.95659347 -404.394327
9.9298748 -403.666646
9.90328364 -402.940913
9.87681917 -402.21712
9.85048056 -401.495257
9.82426703 -400.775315
9.79817777 -400.057284
9.77221198 -399.341157
9.74636888 -398.626923
9.7206477 -397.914573
9.69504765 -397.2041
9.66956799 -396.495494
9.64420793 -395.788746
9.61896674 -395.083848
9.59384366 -394.380791
9.56883796 -393.679566
9.5439489 -392.980165
9.51917575 -392.282579
9.49451778 -391.586801
9.46997429 -390.892821
9.44554456 -390.200631
9.42122788 -389.510223
9.39702356 -388.821589
9.3729309 -388.13472
9.34894922 -387.449609
9.32507784 -386.766247
9.30131607 -386.084626
9.27766324 -385.404739
9.2541187 -384.726577
9.23068177 -384.050133
9.20735181 -383.375398
9.18412817 -382.702365
9.16101019 -382.031027
9.13799725 -381.361375
9.11508871 -380.693401
9.09228393 -380.027099
9.0695823 -379.362461
9.04698319 -378.699478
9.024486 -378.038145
9.00209011 -377.378452
8.97979492 -376.720394
8.95759983 -376.063962
8.93550424 -375.409149
8.91350757 -374.755949
8.89160922 -374.104353
8.86980863 -373.454355
8.84810521 -372.805947
8.82649839 -372.159123
8.80498761 -371.513875
8.7835723 -370.870197
8.7622519 -370.228081
8.74102587 -369.587521
8.71989365 -368.94851
8.69885469 -368.31104
8.67790847 -367.675106
8.65705443 -367.040699
8.63629205 -366.407815
8.6156208 -365.776445
8.59504016 -365.146584
8.5745496 -364.518224
8.55414862 -363.89136
8.53383669 -363.265984
8.51361332 -362.642091
8.49347799 -362.019673
8.47343022 -361.398724
8.45346949 -360.779238
8.43359532 -360.161209
8.41380723 -359.54463
8.39410473 -358.929495
8.37448733 -358.315798
8.35495456 -357.703532
8.33550595 -357.092692
8.31614102 -356.483271
8.29685931 -355.875263
8.27766037 -355.268662
8.25854372 -354.663463
8.23950892 -354.059658
8.22055551 -353.457243
8.20168304 -352.85621
8.18289108 -352.256555
8.16417917 -351.658272
8.14554688 -351.061354
8.12699378 -350.465796
8.10851943 -349.871592
8.09012341 -349.278736
8.07180529 -348.687222
8.05356465 -348.097046
8.03540107 -347.508201
8.01731414 -346.920682
7.99930345 -346.334482
7.98136858 -345.749597
7.96350913 -345.166021
7.94572471 -344.583749
7.9280149 -344.002775
7.91037932 -343.423093
7.89281756 -342.844698
7.87532925 -342.267585
7.85791399 -341.691749
7.8405714 -341.117184
7.8233011 -340.543884
7.80610271 -339.971846
7.78897586 -339.401062
7.77192017 -338.831529
7.75493527 -338.26324
7.7380208 -337.696191
7.72117639 -337.130377
7.70440169 -336.565793
7.68769633 -336.002433
7.67105996 -335.440292
7.65449222 -334.879366
7.63799278 -334.319649
7.62156127 -333.761136
7.60519736 -333.203823
7.5889007 -332.647704
7.57267096 -332.092775
7.55650779 -331.539031
7.54041087 -330.986467
7.52437987 -330.435077
7.50841445 -329.884858
7.49251429 -329.335805
7.47667907 -328.787912
7.46090847 -328.241175
7.44520216 -327.695589
7.42955984 -327.15115
7.41398118 -326.607853
7.39846589 -326.065693
7.38301365 -325.524666
7.36762416 -324.984767
7.35229711 -324.445991
7.3370322 -323.908335
7.32182914 -323.371793
7.30668763 -322.83636
7.29160737 -322.302033
7.27658808 -321.768807
7.26162947 -321.236678
7.24673126 -320.705641
7.23189315 -320.175691
7.21711487 -319.646825
7.20239614 -319.119037
7.18773668 -318.592325
7.17313622 -318.066682
7.15859449 -317.542106
7.14411122 -317.018591
7.12968614 -316.496133
7.11531899 -315.974729
7.10100951 -315.454374
7.08675743 -314.935064
7.0725625 -314.416794
7.05842446 -313.899561
7.04434307 -313.383359
7.03031806 -312.868187
7.0163492 -312.354038
7.00243624 -311.840909
6.98857893 -311.328796
6.97477703 -310.817694
6.9610303 -310.307601
6.94733852 -309.798511
6.93370143 -309.290421
6.92011882 -308.783327
6.90659044 -308.277225
6.89311608 -307.77211
6.87969551 -307.267979
6.86632851 -306.764829
6.85301485 -306.262654
6.83975433 -305.761452
6.82654671 -305.261217
6.81339179 -304.761948
6.80028937 -304.263639
6.78723922 -303.766287
6.77424115 -303.269887
6.76129494 -302.774437
6.74840041 -302.279933
6.73555735 -301.786369
6.72276555 -301.293744
6.71002484 -300.802053
6.69733501 -300.311293
6.68469589 -299.821459
6.67210727 -299.332548
6.65956898 -298.844557
6.64708083 -298.357481
6.63464265 -297.871317
6.62225426 -297.386062
6.60991548 -296.901711
6.59762614 -296.418261
6.58538607 -295.935709
6.57319511 -295.454051
6.5610531 -294.973284
6.54895986 -294.493403
6.53691525 -294.014405
6.5249191 -293.536287
6.51297127 -293.059045
6.50107159 -292.582676
6.48921994 -292.107176
6.47741615 -291.632542
6.4656601 -291.158769
6.45395163 -290.685856
6.44229062 -290.213797
6.43067693 -289.742591
6.41911043 -289.272232
6.407591 -288.802719
6.3961185 -288.334047
6.38469283 -287.866213
6.37331386 -287.399214
6.36198148 -286.933045
6.35069558 -286.467705
6.33945604 -286.003189
6.32826278 -285.539494
6.31711569 -285.076617
6.30601466 -284.614554
6.29495962 -284.153302
6.28395047 -283.692858
6.27298712 -283.233218
6.26206949 -282.774379
6.25119751 -282.316337
6.2403711 -281.85909
6.22959019 -281.402634
6.21885473 -280.946966
6.20816464 -280.492081
6.19751987 -280.037978
6.18692038 -279.584653
6.17636611 -279.132102
6.16585703 -278.680323
6.15539309 -278.229311
6.14497427 -277.779064
6.13460053 -277.329578
6.12427187 -276.880851
6.11398826 -276.432878
6.10374969 -275.985656
6.09355615 -275.539183
6.08340766 -275.093455
6.07330422 -274.648469
6.06324585 -274.204221
6.05323256 -273.760708
6.04326438 -273.317927
6.03334135 -272.875875
6.02346352 -272.434548
6.01363093 -271.993943
6.00384363 -271.554057
5.9941017 -271.114887
5.98440522 -270.676429
5.97475425 -270.238679
5.9651489 -269.801636
5.95558926 -269.365294
5.94607545 -268.929652
5.93660758 -268.494706
5.92718579 -268.060451
5.91781021 -267.626886
5.90848101 -267.194007
5.89919833 -266.76181
5.88996237 -266.330292
5.8807733 -265.89945
5.87163133 -265.46928
5.86253667 -265.039779
5.85348954 -264.610943
5.84449021 -264.182769
5.83553891 -263.755254
5.82663592 -263.328395
5.81778154 -262.902187
5.80897607 -262.476627
5.80021984 -262.051712
5.79151319 -261.627438
5.78285649 -261.203801
5.77425011 -260.780799
5.76569447 -260.358427
5.75718999 -259.936682
5.74873713 -259.51556
5.74033636 -259.095058
5.73198818 -258.675171
5.72369312 -258.255897
5.71545173 -257.83723
5.70726462 -257.419169
5.69913238 -257.001707
5.69105567 -256.584843
5.68303519 -256.168571
5.67507164 -255.752889
5.66716579 -255.337791
5.65931843 -254.923274
5.65153041 -254.509333
5.64380261 -254.095965
5.63613597 -253.683165
5.62853146 -253.27093
5.62099013 -252.859253
5.61351304 -252.448133
5.60610137 -252.037563
5.5987563 -251.627539
5.59147911 -251.218057
5.58427115 -250.809112
5.57713383 -250.400699
5.57006863 -249.992814
5.56307713 -249.585451
5.55616098 -249.178605
5.54932194 -248.772272
5.54256185 -248.366446
5.53588266 -247.961121
5.52928643 -247.556293
5.52277533 -247.151956
5.51635168 -246.748103
5.51001789 -246.34473
5.50377654 -245.94183
5.49763037 -245.539397
5.49158224 -245.137425
5.48563523 -244.735907
5.47979256 -244.334837
5.47405768 -243.934208
5.46843422 -243.534013
5.46292606 -243.134245
5.45753731 -242.734897
5.45227234 -242.335961
5.44713579 -241.937428
5.4421326 -241.539292
5.43726804 -241.141544
5.43254772 -240.744175
5.42797761 -240.347177
5.4235641 -239.95054
5.419314 -239.554255
5.41523457 -239.158311
5.41133361 -238.7627
5.40761944 -238.36741
5.40410097 -237.972431
5.40078775 -237.577751
5.39769004 -237.183359
5.39481883 -236.789242
5.39218595 -236.395388
5.38980411 -236.001784
5.38768698 -235.608417
5.38584931 -235.215271
5.384307 -234.822334
5.3830772 -234.429588
5.38217844 -234.03702
5.38163079 -233.644611
5.38145594 -233.252345
5.38167742 -232.860205
5.38232077 -232.468172
5.3834137 -232.076226
5.38498638 -231.684349
5.38707161 -231.292519
5.38970518 -230.900715
5.3929261 -230.508915
5.39677702 -230.117098
5.40130457 -229.725239
5.40655981 -229.333316
5.41259871 -228.941304
5.41948271 -228.549178
5.42727935 -228.156914
5.43606292 -227.764488
5.44591523 -227.371875
5.45692653 -226.979052
5.46919645 -226.585997
5.48283508 -226.192689
5.49796421 -225.79911
5.51471866 -225.405246
5.53324785 -225.011086
5.5537174 -224.616625
5.57631105 -224.221869
5.6012326 -223.826829
5.62870816 -223.431533
5.65898842 -223.036023
5.6923511 -222.640362
5.72910338 -222.244638
5.76958429 -221.848972
5.81416682 -221.453525
5.8632595 -221.058509
5.91730713 -220.664195
5.97679002 -220.270932
6.04222106 -219.879163
6.11413959 -219.489445
6.19310059 -219.102471
6.27965741 -218.719099
6.3743357 -218.340383
6.4775956 -217.967599
6.589779 -217.60228
6.71103826 -217.246234
6.84124373 -216.901559
6.97986844 -216.570628
7.12585257 -216.256042
7.2774557 -215.960527
7.43211438 -215.686772
7.586334 -215.437175
7.73565582 -215.213519
7.87474753 -215.016587
7.99766108 -214.845772
8.09827776 -214.698756
8.17091517 -214.571373
8.21101144 -214.457729
8.21575186 -214.35062
8.18448784 -214.242209
8.11883693 -214.124838
8.02243591 -213.9918
7.9004149 -213.837911
7.75872721 -213.659807
7.60348438 -213.45594
7.44041236 -213.226348
7.27448732 -212.972295
7.10975451 -212.695874
6.94929699 -212.399645
6.79530685 -212.086338
6.64921245 -211.758641
6.51182602 -211.419065
6.38348764 -211.069867
6.26419265 -210.71302
6.1536971 -210.350211
6.05160079 -209.982857
5.9574101 -209.612134
5.87058392 -209.239008
5.79056594 -208.864262
5.71680663 -208.488526
5.64877746 -208.112305
5.58597946 -207.735997
5.52794787 -207.359916
5.47425399 -206.984306
5.4245052 -206.609355
5.37834385 -206.235203
5.3354454 -205.861957
5.29551613 -205.489693
5.25829078 -205.118463
5.22353003 -204.748301
5.19101818 -204.379227
5.16056084 -204.01125
5.13198285 -203.644368
5.10512633 -203.278574
5.07984889 -202.913854
5.05602206 -202.550191
5.03352984 -202.187566
5.01226737 -201.825954
4.9921398 -201.465333
4.97306126 -201.105678
4.95495389 -200.746963
4.93774708 -200.389163
4.92137668 -200.032251
4.90578436 -199.676202
4.89091704 -199.320991
4.87672636 -198.966593
4.86316823 -198.612983
4.85020239 -198.260139
4.83779206 -197.908036
4.82590361 -197.556653
4.81450626 -197.205967
4.80357182 -196.855958
4.79307446 -196.506604
4.78299048 -196.157886
4.77329813 -195.809784
4.76397746 -195.462281
4.75501013 -195.115356
4.74637929 -194.768994
4.73806947 -194.423176
4.73006644 -194.077886
4.72235713 -193.733108
4.71492954 -193.388827
4.70777263 -193.045026
4.7008763 -192.701691
4.69423125 -192.358807
4.68782898 -192.01636
4.68166171 -191.674336
4.67572234 -191.332722
4.67000439 -190.991503
4.66450197 -190.650668
4.65920974 -190.310202
4.65412289 -189.970094
4.64923709 -189.63033
4.64454846 -189.290899
4.64005358 -188.951789
4.63574943 -188.612986
4.63163338 -188.274479
4.62770321 -187.936257
4.62395701 -187.598307
4.62039328 -187.260618
4.6170108 -186.923178
4.61380872 -186.585975
4.61078649 -186.248998
4.60794387 -185.912235
4.60528091 -185.575675
4.602798 -185.239305
4.60049579 -184.903113
4.59837522 -184.567089
4.59643756 -184.231219
4.59468434 -183.895493
4.59311739 -183.559897
4.59173884 -183.22442
4.5905511 -182.889048
4.58955692 -182.55377
4.58875933 -182.218573
4.58816167 -181.883443
4.58776762 -181.548368
4.58758119 -181.213334
4.58760672 -180.878326
4.58784891 -180.543333
4.58831283 -180.208338
4.58900393 -179.873328
4.58992805 -179.538287
4.59109145 -179.203201
4.59250082 -178.868053
4.59416329 -178.532828
4.5960865 -178.197509
4.59827856 -177.862079
4.60074812 -177.526522
4.6035044 -177.190818
4.60655718 -176.85495
4.60991689 -176.518899
4.61359462 -176.182645
4.61760215 -175.846168
4.62195202 -175.509447
4.62665756 -175.172461
4.63173294 -174.835187
4.63719326 -174.497602
4.64305456 -174.159683
4.64933393 -173.821405
4.65604957 -173.482743
4.66322086 -173.143669
4.67086845 -172.804156
4.67901438 -172.464176
4.68768214 -172.123699
4.69689682 -171.782694
4.70668522 -171.44113
4.71707598 -171.098972
4.72809972 -170.756187
4.73978925 -170.412737
4.75217968 -170.068587
4.76530867 -169.723695
4.7792166 -169.378023
4.79394684 -169.031526
4.80954602 -168.684162
4.82606426 -168.335884
4.84355554 -167.986643
4.86207804 -167.63639
4.8816945 -167.285072
4.90247268 -166.932636
4.92448583 -166.579023
4.94781319 -166.224177
4.97254061 -165.868034
4.99876117 -165.510531
5.02657595 -165.151601
5.05609479 -164.791177
5.08743722 -164.429186
5.12073345 -164.065554
5.15612551 -163.700206
5.19376852 -163.333063
5.23383208 -162.964045
5.27650185 -162.593069
5.32198134 -162.220052
5.37049387 -161.84491
5.42228486 -161.467558
5.47762423 -161.087914
5.5368093 -160.705894
5.60016789 -160.321422
5.66806182 -159.934424
5.74089086 -159.544836
5.81909711 -159.152603
5.90316985 -158.757685
5.9936509 -158.360061
6.09114054 -157.959736
6.19630393 -157.556746
6.30987803 -157.151169
6.43267893 -156.743136
6.56560948 -156.332842
6.70966682 -155.920568
6.86594967 -155.506701
7.03566451 -155.091755
7.22012988 -154.676411
7.42077753 -154.26155
7.63914847 -153.848302
7.87688139 -153.4381
8.13569001 -153.032749
8.4173245 -152.634499
8.72351098 -152.246133
9.05586129 -151.871058
9.41574383 -151.5134
9.80410487 -151.178087
10.2212303 -150.870917
10.6664394 -150.598565
11.1377107 -150.368522
11.6312492 -150.188894
12.141032 -150.068039
12.6583919 -150.013977
13.1717447 -150.033543
13.6665914 -150.131321
14.1259474 -150.308432
14.5313158 -150.561373
14.8642296 -150.88118
15.1082291 -151.253225
15.2509597 -151.657874
15.285944 -152.072054
15.2135885 -152.471515
15.0411505 -152.833335
14.7816758 -153.138154
14.4521951 -153.371681
14.071625 -153.525301
13.6588149 -153.595817
13.2310426 -153.584587
12.8030822 -153.496356
12.3868109 -153.338051
11.9912332 -153.117722
11.6227731 -152.843722
11.2857 -152.524138
10.9825909 -152.166435
10.7147662 -151.777281
10.4826682 -151.362491
10.2861706 -150.927057
10.1248216 -150.475219
9.99802837 -150.010568
9.90519338 -149.536158
9.84581172 -149.05462
9.81953937 -148.56827
9.82623851 -148.079218
9.86600507 -147.589476
9.93918152 -147.101056
10.0463562 -146.616074
10.1883484 -146.136863
10.3661771 -145.666078
10.5810083 -145.206821
10.8340754 -144.762767
11.1265618 -144.338293
11.4594375 -143.938615
11.8332347 -143.569901
12.2477496 -143.23937
12.7016627 -142.955315
13.1920713 -142.727042
13.7139507 -142.564647
14.2595795 -142.478584
14.8180077 -142.478956
15.3746872 -142.5745
15.911432 -142.77127
16.4068933 -143.071141
16.8377046 -143.470338
17.1803417 -143.95834
17.4135512 -144.517544
17.5209727 -145.123974
17.4934104 -145.749146
17.3301918 -146.362826
17.0392481 -146.936167
16.6358915 -147.444538
16.1406233 -147.869521
15.5765189 -148.199759
14.9667501 -148.430729
14.3326408 -148.563716
13.6924327 -148.604368
13.0607326 -148.561189
12.4484967 -148.444187
11.8633655 -148.263819
11.310179 -148.030247
10.791546 -147.752867
10.3083845 -147.440065
9.86039207 -147.099128
9.44643047 -146.736259
9.06482562 -146.356654
8.71359259 -145.964606
8.39059858 -145.563625
8.09367682 -145.156555
7.8207032 -144.745678
7.56964504 -144.332809
7.33859003 -143.919382
7.12576107 -143.506519
6.92952143 -143.095087
6.74837359 -142.685746
6.58095402 -142.278994
6.4260255 -141.875196
6.2824682 -141.474608
6.14927023 -141.077407
6.02551822 -140.683699
5.91038816 -140.293541
5.80313682 -139.906948
5.70309371 -139.523901
5.60965373 -139.14436
5.52227049 -138.768263
5.44045026 -138.395538
5.36374647 -138.0261
5.29175488 -137.659857
5.22410912 -137.296714
5.16047687 -136.936571
5.10055629 -136.57933
5.04407294 -136.224889
4.99077701 -135.873148
4.94044082 -135.52401
4.89285664 -135.177377
4.84783472 -134.833156
4.8052015 -134.491255
4.76479811 -134.151585
4.72647891 -133.81406
4.69011027 -133.478596
4.65556943 -133.145114
4.62274354 -132.813534
4.59152868 -132.483784
4.56182916 -132.155791
4.53355669 -131.829485
4.5066298 -131.504801
4.48097323 -131.181673
4.45651738 -130.860042
4.43319786 -130.539846
4.41095506 -130.22103
4.38973373 -129.903539
4.36948266 -129.587319
4.35015434 -129.27232
4.33170469 -128.958493
4.31409276 -128.64579
4.29728055 -128.334167
4.28123274 -128.023578
4.2659165 -127.713982
4.25130134 -127.405337
4.23735893 -127.097604
4.22406294 -126.790743
4.21138892 -126.484718
4.19931417 -126.179493
4.18781761 -125.875031
4.17687973 -125.571299
4.16648242 -125.268264
4.15660896 -124.965893
4.14724389 -124.664154
4.13837295 -124.363017
4.12998303 -124.06245
4.1220621 -123.762426
4.11459916 -123.462913
4.10758418 -123.163885
4.1010081 -122.865313
4.09486271 -122.567169
4.08914069 -122.269426
4.08383556 -121.972057
4.07894162 -121.675037
4.07445397 -121.378338
4.07036845 -121.081935
4.06668165 -120.785801
4.06339089 -120.489912
4.0604942 -120.194242
4.05799031 -119.898765
4.05587865 -119.603455
4.05415933 -119.308288
4.05283319 -119.013238
4.05190172 -118.71828
4.05136713 -118.423387
4.05123233 -118.128534
4.05150093 -117.833695
4.05217729 -117.538845
4.05326649 -117.243955
4.05477436 -116.949001
4.05670753 -116.653953
4.0590734 -116.358786
4.06188022 -116.063471
4.06513709 -115.76798
4.06885399 -115.472283
4.07304184 -115.176352
4.07771251 -114.880155
4.0828789 -114.583663
4.08855496 -114.286844
4.09475578 -113.989665
4.1014976 -113.692094
4.10879791 -113.394096
4.11667554 -113.095636
4.12515068 -112.796679
4.13424501 -112.497187
4.14398181 -112.197123
4.15438598 -111.896446
4.16548427 -111.595116
4.17730528 -111.293091
4.18987969 -110.990328
4.20324034 -110.686781
4.21742243 -110.382404
4.23246365 -110.077148
4.24840442 -109.770962
4.26528805 -109.463796
4.28316099 -109.155594
4.30207307 -108.8463
4.32207777 -108.535855
4.34323252 -108.224199
4.36559902 -107.911267
4.38924361 -107.596994
4.41423766 -107.281309
4.44065797 -106.964143
4.46858733 -106.645418
4.49811494 -106.325058
4.52933708 -106.00298
4.56235771 -105.679098
4.59728919 -105.353325
4.63425307 -105.025568
4.67338098 -104.695729
4.71481554 -104.363707
4.75871154 -104.029399
4.80523702 -103.692694
4.85457471 -103.353479
4.90692345 -103.011635
4.96249987 -102.66704
5.02154026 -102.319566
5.08430261 -101.969084
5.15106895 -101.615456
5.22214795 -101.258544
5.29787781 -100.898206
5.37862955 -100.534298
5.46481063 -100.166671
5.55686911 -99.7951805
5.65529819 -99.4196793
5.76064146 -99.0400247
5.87349866 -98.6560792
5.99453219 -98.2677141
6.12447439 -97.8748133
6.26413571 -97.4772785
6.41441377 -97.0750355
6.57630342 -96.6680423
6.75090791 -96.2562986
6.93945115 -95.8398588
7.14329098 -95.4188471
7.36393361 -94.9934763
7.60304875 -94.5640722
7.86248535 -94.1311027
8.14428736 -93.6952139
8.45070854 -93.2572754
8.78422518 -92.8184348
9.14754481 -92.3801853
9.54360808 -91.944447
9.97557993 -91.5136659
10.4468247 -91.0909313
10.9608577 -90.6801141
11.5212633 -90.2860272
12.1315669 -89.9146048
12.7950437 -89.5730969
13.5144462 -89.2702667
14.2916271 -89.0165706
15.1270368 -88.8242865
16.0190787 -88.7075413
16.9633209 -88.6821651
17.9515883 -88.7652807
18.971007 -88.9745248
20.0031356 -89.3268011
21.0233972 -89.8365099
22.0010959 -90.513295
22.9003316 -91.3595038
23.682058 -92.367762
24.3073311 -93.5192374
24.7414629 -94.7832362
24.9584113 -96.1186158
24.9444737 -97.4770999
24.7003607 -98.8080322
24.2410861 -100.063634
23.5937046 -101.203654
22.7935082 -102.198513
21.8796205 -103.030526
20.8909077 -103.693348
19.8628378 -104.190142
18.8255395 -104.531118
17.8029867 -104.73101
16.8130519 -104.806862
15.868115 -104.776306
14.975948 -104.65637
14.140671 -104.462731
13.3636504 -104.209342
12.6442745 -103.908303
11.9805835 -103.5699
11.3697595 -103.202744
10.8084921 -102.813948
10.2932425 -102.409332
9.82042783 -101.99361
9.38654377 -101.570573
8.98824301 -101.143242
8.62238086 -100.714009
8.28603843 -100.28475
7.97653012 -99.8569222
7.69140096 -99.4316443
7.42841741 -99.0097632
7.18555442 -98.591907
6.96098038 -98.1785296
6.75304139 -97.7699456
6.56024557 -97.3663596
6.38124795 -96.9678894
6.21483616 -96.5745846
6.05991725 -96.1864418
5.91550551 -95.8034167
5.78071145 -95.4254339
5.65473184 -95.0523945
5.53684066 -94.6841824
5.42638113 -94.3206693
5.32275842 -93.9617187
5.22543329 -93.6071888
5.13391627 -93.2569352
5.04776262 -92.9108125
4.96656771 -92.5686761
4.88996299 -92.2303834
4.81761237 -91.8957941
4.74920897 -91.5647716
4.68447226 -91.2371828
4.62314548 -90.912899
4.56499336 -90.5917956
4.50980007 -90.2737527
4.45736735 -89.9586548
4.40751293 -89.6463908
4.36006897 -89.3368542
4.31488084 -89.0299428
4.27180584 -88.7255589
4.23071219 -88.4236088
4.19147804 -88.1240027
4.15399063 -87.826655
4.11814547 -87.5314837
4.08384568 -87.2384105
4.0510013 -86.9473603
4.01952876 -86.6582616
3.98935032 -86.3710459
3.96039361 -86.0856478
3.93259121 -85.8020049
3.90588024 -85.5200572
3.88020199 -85.2397476
3.85550164 -84.9610215
3.83172791 -84.6838265
3.80883284 -84.4081127
3.7867715 -84.1338322
3.76550178 -83.8609391
3.74498418 -83.5893896
3.72518166 -83.3191416
3.70605937 -83.0501549
3.6875846 -82.782391
3.66972655 -82.5158128
3.65245625 -82.250385
3.63574639 -81.9860735
3.61957124 -81.7228457
3.60390653 -81.4606703
3.58872936 -81.1995173
3.57401809 -80.9393578
3.55975229 -80.6801641
3.54591262 -80.4219094
3.5324808 -80.1645684
3.51943951 -79.9081162
3.50677237 -79.6525292
3.49446383 -79.3977847
3.48249916 -79.1438606
3.47086438 -78.890736
3.45954622 -78.6383903
3.44853207 -78.3868041
3.43780997 -78.1359584
3.42736853 -77.8858351
3.41719692 -77.6364166
3.40728483 -77.3876859
3.39762246 -77.1396268
3.38820047 -76.8922234
3.37900994 -76.6454605
3.37004239 -76.3993234
3.36128972 -76.1537979
3.35274421 -75.9088703
3.34439848 -75.6645273
3.33624549 -75.4207561
3.32827851 -75.1775442
3.32049111 -74.9348797
3.31287713 -74.6927509
3.3054307 -74.4511466
3.29814619 -74.2100559
3.29101821 -73.9694682
3.28404159 -73.7293734
3.2772114 -73.4897615
3.2705229 -73.250623
3.26397154 -73.0119484
3.25755298 -72.7737289
3.25126303 -72.5359556
3.24509768 -72.2986201
3.23905309 -72.061714
3.23312555 -71.8252295
3.22731153 -71.5891587
3.2216076 -71.353494
3.21601048 -71.1182282
3.21051703 -70.8833541
3.20512421 -70.6488649
3.1998291 -70.4147536
3.19462889 -70.1810139
3.18952089 -69.9476393
3.18450248 -69.7146237
3.17957116 -69.4819609
3.17472451 -69.2496452
3.16996021 -69.0176708
3.165276 -68.7860322
3.16066973 -68.5547239
3.15613931 -68.3237407
3.15168272 -68.0930774
3.14729802 -67.862729
3.14298334 -67.6326907
3.13873685 -67.4029575
3.13455682 -67.173525
3.13044154 -66.9443886
3.1263894 -66.7155438
3.1223988 -66.4869863
3.11846823 -66.258712
3.1145962 -66.0307166
3.11078129 -65.8029963
3.10702213 -65.5755471
3.10331737 -65.3483651
3.09966572 -65.1214466
3.09606593 -64.8947879
3.09251679 -64.6683856
3.08901713 -64.442236
3.0855658 -64.2163358
3.08216171 -63.9906816
3.0788038 -63.7652702
3.07549102 -63.5400984
3.07222237 -63.3151631
3.06899689 -63.0904611
3.06581362 -62.8659896
3.06267166 -62.6417455
3.05957012 -62.417726
3.05650813 -62.1939283
3.05348486 -61.9703497
3.05049951 -61.7469874
3.04755127 -61.5238388
3.0446394 -61.3009013
3.04176313 -61.0781725
3.03892176 -60.8556497
3.03611459 -60.6333306
3.03334092 -60.4112128
3.0306001 -60.1892939
3.02789148 -59.9675717
3.02521445 -59.7460438
3.02256838 -59.5247081
3.01995269 -59.3035624
3.0173668 -59.0826046
3.01481016 -58.8618325
3.01228221 -58.6412442
3.00978243 -58.4208376
3.0073103 -58.2006107
3.00486532 -57.9805616
3.00244699 -57.7606884
3.00005484 -57.5409892
2.99768842 -57.3214621
2.99534725 -57.1021053
2.99303091 -56.8829172
2.99073897 -56.6638958
2.988471 -56.4450395
2.9862266 -56.2263466
2.98400538 -56.0078155
2.98180693 -55.7894444
2.9796309 -55.5712319
2.9774769 -55.3531762
2.97534458 -55.1352758
2.97323358 -54.9175293
2.97114357 -54.699935
2.96907422 -54.4824916
2.96702519 -54.2651975
2.96499617 -54.0480513
2.96298684 -53.8310515
2.96099691 -53.6141969
2.95902609 -53.3974859
2.95707407 -53.1809173
2.95514058 -52.9644898
2.95322534 -52.7482019
2.95132809 -52.5320524
2.94944856 -52.31604
2.9475865 -52.1001635
2.94574165 -51.8844215
2.94391377 -51.668813
2.94210261 -51.4533367
2.94030796 -51.2379913
2.93852956 -51.0227757
2.93676721 -50.8076888
2.93502069 -50.5927294
2.93328977 -50.3778964
2.93157425 -50.1631886
2.92987392 -49.948605
2.92818859 -49.7341445
2.92651805 -49.519806
2.92486212 -49.3055884
2.92322061 -49.0914907
2.92159334 -48.8775119
2.91998011 -48.6636509
2.91838077 -48.4499068
2.91679513 -48.2362786
2.91522303 -48.0227652
2.9136643 -47.8093658
2.91211878 -47.5960792
2.91058631 -47.3829047
2.90906674 -47.1698413
2.90755992 -46.9568879
2.90606569 -46.7440438
2.9045839 -46.5313081
2.90311443 -46.3186797
2.90165712 -46.1061579
2.90021184 -45.8937418
2.89877845 -45.6814305
2.89735683 -45.4692231
2.89594684 -45.2571189
2.89454836 -45.0451169
2.89316126 -44.8332164
2.89178542 -44.6214165
2.89042072 -44.4097164
2.88906704 -44.1981154
2.88772427 -43.9866125
2.8863923 -43.7752071
2.88507101 -43.5638984
2.8837603 -43.3526855
2.88246006 -43.1415678
2.88117019 -42.9305445
2.87989058 -42.7196148
2.87862113 -42.508778
2.87736174 -42.2980334
2.87611233 -42.0873802
2.87487278 -41.8768177
2.87364302 -41.6663452
2.87242294 -41.455962
2.87121246 -41.2456674
2.87001148 -41.0354607
2.86881993 -40.8253413
2.86763772 -40.6153084
2.86646476 -40.4053613
2.86530097 -40.1954995
2.86414627 -39.9857222
2.86300058 -39.7760288
2.86186382 -39.5664186
2.86073592 -39.356891
2.8596168 -39.1474453
2.85850639 -38.938081
2.85740462 -38.7287974
2.8563114 -38.5195938
2.85522668 -38.3104696
2.85415039 -38.1014243
2.85308245 -37.8924572
2.8520228 -37.6835677
2.85097138 -37.4747552
2.84992812 -37.2660191
2.84889295 -37.0573589
2.84786582 -36.8487739
2.84684666 -36.6402635
2.84583542 -36.4318273
2.84483203 -36.2234645
2.84383644 -36.0151747
2.84284859 -35.8069573
2.84186842 -35.5988117
2.84089588 -35.3907373
2.83993091 -35.1827336
2.83897346 -34.9748002
2.83802348 -34.7669363
2.83708091 -34.5591415
2.83614571 -34.3514152
2.83521782 -34.1437569
2.83429719 -33.9361661
2.83338379 -33.7286423
2.83247755 -33.5211848
2.83157843 -33.3137933
2.83068638 -33.1064671
2.82980137 -32.8992059
2.82892334 -32.6920089
2.82805225 -32.4848759
2.82718806 -32.2778062
2.82633072 -32.0707993
2.82548019 -31.8638548
2.82463643 -31.6569721
2.8237994 -31.4501508
2.82296906 -31.2433904
2.82214538 -31.0366904
2.8213283 -30.8300503
2.82051779 -30.6234696
2.81971382 -30.4169479
2.81891634 -30.2104847
2.81812533 -30.0040794
2.81734074 -29.7977317
2.81656254 -29.5914411
2.81579069 -29.385207
2.81502516 -29.1790292
2.81426592 -28.972907
2.81351292 -28.76684
2.81276615 -28.5608278
2.81202556 -28.3548699
2.81129113 -28.1489659
2.81056281 -27.9431153
2.80984059 -27.7373177
2.80912443 -27.5315726
2.8084143 -27.3258796
2.80771017 -27.1202383
2.80701201 -26.9146482
2.80631979 -26.7091089
2.80563349 -26.50362
2.80495307 -26.2981809
2.80427851 -26.0927914
2.80360978 -25.8874509
2.80294685 -25.6821591
2.80228971 -25.4769155
2.80163831 -25.2717197
2.80099263 -25.0665713
2.80035266 -24.8614698
2.79971836 -24.6564149
2.79908971 -24.4514061
2.79846669 -24.2464431
2.79784926 -24.0415254
2.79723742 -23.8366526
2.79663113 -23.6318243
2.79603037 -23.4270401
2.79543512 -23.2222995
2.79484536 -23.0176023
2.79426106 -22.812948
2.7936822 -22.6083362
2.79310877 -22.4037665
2.79254073 -22.1992385
2.79197808 -21.9947517
2.79142078 -21.790306
2.79086882 -21.5859007
2.79032218 -21.3815356
2.78978084 -21.1772102
2.78924478 -20.9729243
2.78871398 -20.7686772
2.78818842 -20.5644688
2.78766808 -20.3602986
2.78715294 -20.1561663
2.78664299 -19.9520714
2.78613821 -19.7480136
2.78563858 -19.5439925
2.78514409 -19.3400077
2.7846547 -19.1360588
2.78417042 -18.9321456
2.78369122 -18.7282675
2.78321708 -18.5244243
2.782748 -18.3206156
2.78228395 -18.1168409
2.78182491 -17.9131
2.78137088 -17.7093925
2.78092183 -17.5057179
2.78047776 -17.302076
2.78003864 -17.0984664
2.77960446 -16.8948887
2.77917521 -16.6913425
2.77875088 -16.4878276
2.77833144 -16.2843434
2.77791688 -16.0808898
2.7775072 -15.8774663
2.77710237 -15.6740725
2.77670239 -15.4707082
2.77630724 -15.2673729
2.77591691 -15.0640663
2.77553138 -14.860788
2.77515064 -14.6575378
2.77477468 -14.4543152
2.77440349 -14.25112
2.77403706 -14.0479517
2.77367537 -13.84481
2.77331841 -13.6416945
2.77296617 -13.438605
2.77261863 -13.2355411
2.7722758 -13.0325024
2.77193765 -12.8294885
2.77160417 -12.6264993
2.77127536 -12.4235342
2.7709512 -12.220593
2.77063168 -12.0176753
2.77031679 -11.8147808
2.77000653 -11.6119091
2.76970088 -11.40906
2.76939983 -11.206233
2.76910337 -11.0034279
2.76881149 -10.8006443
2.76852419 -10.5978818
2.76824145 -10.3951402
2.76796326 -10.192419
2.76768962 -9.98971807
2.76742051 -9.78703694
2.76715593 -9.58437532
2.76689587 -9.38173286
2.76664032 -9.17910925
2.76638927 -8.97650416
2.76614271 -8.77391725
2.76590063 -8.57134819
2.76566304 -8.36879667
2.76542991 -8.16626235
2.76520123 -7.9637449
2.76497702 -7.761244
2.76475724 -7.55875933
2.76454191 -7.35629056
2.764331 -7.15383737
2.76412452 -6.95139942
2.76392245 -6.74897641
2.76372479 -6.546568
2.76353154 -6.34417388
2.76334267 -6.14179372
2.7631582 -5.9394272
2.7629781 -5.737074
2.76280239 -5.5347338
2.76263103 -5.33240629
2.76246405 -5.13009113
2.76230141 -4.92778802
2.76214313 -4.72549664
2.76198919 -4.52321666
2.76183959 -4.32094777
2.76169432 -4.11868965
2.76155338 -3.91644198
2.76141675 -3.71420446
2.76128445 -3.51197676
2.76115645 -3.30975857
2.76103276 -3.10754957
2.76091336 -2.90534945
2.76079827 -2.7031579
2.76068746 -2.50097459
2.76058093 -2.29879923
2.76047869 -2.09663148
2.76038072 -1.89447105
2.76028702 -1.69231761
2.76019758 -1.49017086
2.76011241 -1.28803049
2.76003149 -1.08589617
2.75995483 -0.883767613
2.75988241 -0.681644493
2.75981424 -0.479526502
2.75975031 -0.277413331
2.75969062 -0.0753046696
2.75963516 0.126799792
2.75958392 0.328900363
2.75953692 0.530997353
2.75949413 0.733091071
2.75945556 0.935181826
2.75942121 1.13726993
2.75939107 1.33935568
2.75936513 1.54143939
2.7593434 1.74352137
2.75932588 1.94560193
2.75931255 2.14768137
2.75930342 2.34976001
2.75929848 2.55183814
2.75929773 2.75391607
2.75930117 2.95599412
2.75930879 3.15807258
2.7593206 3.36015176
2.75933659 3.56223198
2.75935675 3.76431352
2.75938109 3.96639671
2.7594096 4.16848184
2.75944229 4.37056923
2.75947914 4.57265917
2.75952016 4.77475197
2.75956535 4.97684793
2.7596147 5.17894737
2.75966821 5.38105058
2.75972588 5.58315787
2.75978771 5.78526954
2.7598537 5.98738591
2.75992384 6.18950726
2.75999813 6.39163391
2.76007658 6.59376615
2.76015918 6.7959043
2.76024593 6.99804866
2.76033683 7.20019953
2.76043188 7.40235721
2.76053108 7.60452201
2.76063442 7.80669423
2.76074191 8.00887417
2.76085354 8.21106215
2.76096932 8.41325845
2.76108924 8.61546339
2.76121331 8.81767726
2.76134151 9.01990037
2.76147387 9.22213303
2.76161036 9.42437554
2.76175099 9.62662819
2.76189577 9.8288913
2.76204469 10.0311652
2.76219775 10.2334501
2.76235495 10.4357464
2.7625163 10.6380543
2.76268179 10.8403742
2.76285142 11.0427064
2.76302519 11.2450512
2.76320311 11.4474088
2.76338517 11.6497796
2.76357138 11.8521639
2.76376173 12.054562
2.76395623 12.2569742
2.76415487 12.4594007
2.76435766 12.661842
2.76456461 12.8642983
2.7647757 13.0667699
2.76499094 13.269257
2.76521033 13.4717601
2.76543388 13.6742794
2.76566158 13.8768153
2.76589344 14.0793679
2.76612946 14.2819377
2.76636963 14.4845249
2.76661397 14.6871298
2.76686246 14.8897528
2.76711513 15.0923941
2.76737195 15.2950541
2.76763295 15.497733
2.76789812 15.7004312
2.76816745 15.903149
2.76844096 16.1058866
2.76871865 16.3086444
2.76900052 16.5114227
2.76928657 16.7142218
2.7695768 16.9170419
2.76987121 17.1198835
2.77016982 17.3227467
2.77047261 17.525632
2.7707796 17.7285396
2.77109079 17.9314698
2.77140617 18.134423
2.77172576 18.3373994
2.77204956 18.5403993
2.77237756 18.7434231
2.77270977 18.9464711
2.7730462 19.1495435
2.77338685 19.3526407
2.77373172 19.555763
2.77408082 19.7589107
2.77443414 19.9620841
2.7747917 20.1652835
2.7751535 20.3685092
2.77551953 20.5717616
2.77588981 20.7750409
2.77626434 20.9783475
2.77664312 21.1816817
2.77702616 21.3850437
2.77741346 21.5884339
2.77780503 21.7918527
2.77820086 21.9953002
2.77860097 22.1987769
2.77900536 22.402283
2.77941403 22.6058188
2.779827 22.8093847
2.78024425 23.0129811
2.78066581 23.2166081
2.78109167 23.4202661
2.78152183 23.6239554
2.78195631 23.8276764
2.78239512 24.0314293
2.78283824 24.2352145
2.7832857 24.4390323
2.78373749 24.642883
2.78419363 24.8467669
2.78465412 25.0506844
2.78511895 25.2546357
2.78558815 25.4586212
2.78606172 25.6626412
2.78653966 25.866696
2.78702197 26.0707859
2.78750867 26.2749114
2.78799977 26.4790725
2.78849526 26.6832698
2.78899516 26.8875035
2.78949947 27.091774
2.7900082 27.2960815
2.79052136 27.5004264
2.79103895 27.704809
2.79156098 27.9092296
2.79208746 28.1136886
2.7926184 28.3181864
2.7931538 28.5227231
2.79369368 28.7272991
2.79423803 28.9319149
2.79478687 29.1365706
2.79534021 29.3412666
2.79589805 29.5460033
2.79646041 29.750781
2.79702728 29.9556
2.79759869 30.1604607
2.79817464 30.3653633
2.79875513 30.5703083
2.79934018 30.7752958
2.7999298 30.9803264
2.80052399 31.1854002
2.80112277 31.3905177
2.80172615 31.5956792
2.80233413 31.800885
2.80294672 32.0061355
2.80356394 32.2114309
2.80418579 32.4167717
2.80481229 32.6221581
2.80544345 32.8275906
2.80607927 33.0330694
2.80671977 33.2385949
2.80736496 33.4441674
2.80801485 33.6497873
2.80866945 33.8554549
2.80932877 34.0611706
2.80999283 34.2669347
2.81066163 34.4727475
2.8113352 34.6786095
2.81201353 34.8845209
2.81269665 35.0904821
2.81338456 35.2964934
2.81407728 35.5025553
2.81477483 35.708668
2.81547721 35.9148319
2.81618443 36.1210474
2.81689652 36.3273148
2.81761349 36.5336344
2.81833534 36.7400067
2.8190621 36.946432
2.81979377 37.1529106
2.82053038 37.3594429
2.82127194 37.5660293
2.82201846 37.7726701
2.82276995 37.9793657
2.82352644 38.1861164
2.82428794 38.3929227
2.82505447 38.5997848
2.82582604 38.8067032
2.82660266 39.0136782
2.82738436 39.2207102
2.82817115 39.4277996
2.82896305 39.6349467
2.82976008 39.8421519
2.83056225 40.0494156
2.83136958 40.2567382
2.8321821 40.46412
2.83299981 40.6715614
2.83382275 40.8790628
2.83465092 41.0866245
2.83548434 41.2942471
2.83632305 41.5019307
2.83716705 41.7096759
2.83801637 41.9174831
2.83887103 42.1253525
2.83973105 42.3332846
2.84059645 42.5412798
2.84146725 42.7493385
2.84234348 42.9574611
2.84322516 43.1656479
2.84411231 43.3738994
2.84500495 43.582216
2.84590311 43.7905981
2.84680681 43.999046
2.84771608 44.2075602
2.84863094 44.4161411
2.84955142 44.6247891
2.85047754 44.8335046
2.85140932 45.042288
2.85234681 45.2511398
2.85329002 45.4600602
2.85423897 45.6690499
2.85519371 45.8781091
2.85615425 46.0872384
2.85712063 46.2964381
2.85809287 46.5057086
2.85907101 46.7150504
2.86005508 46.924464
2.8610451 47.1339497
2.86204111 47.343508
2.86304314 47.5531393
2.86405123 47.762844
2.86506541 47.9726227
2.8660857 48.1824757
2.86711216 48.3924035
2.8681448 48.6024065
2.86918367 48.8124853
2.87022881 49.0226402
2.87128025 49.2328717
2.87233803 49.4431802
2.87340219 49.6535663
2.87447276 49.8640304
2.8755498 50.0745729
2.87663333 50.2851944
2.87772341 50.4958953
2.87882007 50.7066761
2.87992336 50.9175372
2.88103332 51.1284792
2.88215 51.3395025
2.88327345 51.5506076
2.8844037 51.761795
2.88554081 51.9730653
2.88668484 52.1844188
2.88783582 52.3958562
2.88899381 52.6073779
2.89015886 52.8189844
2.89133103 53.0306763
2.89251036 53.242454
2.89369693 53.4543182
2.89489077 53.6662692
2.89609195 53.8783076
2.89730054 54.0904341
2.89851658 54.302649
2.89974014 54.514953
2.90097129 54.7273466
2.90221009 54.9398304
2.9034566 55.1524049
2.90471089 55.3650706
2.90597304 55.5778282
2.90724311 55.7906781
2.90852118 56.0036211
2.90980731 56.2166576
2.91110159 56.4297883
2.91240409 56.6430136
2.91371489 56.8563344
2.91503407 57.069751
2.91636172 57.2832642
2.91769791 57.4968746
2.91904275 57.7105827
2.92039631 57.9243893
2.92175869 58.1382949
2.92312998 58.3523001
2.92451028 58.5664057
2.92589968 58.7806122
2.92729829 58.9949204
2.92870622 59.2093308
2.93012355 59.4238443
2.93155042 59.6384614
2.93298692 59.8531828
2.93443317 60.0680092
2.93588929 60.2829414
2.9373554 60.4979801
2.93883163 60.7131259
2.94031809 60.9283796
2.94181493 61.143742
2.94332228 61.3592137
2.94484026 61.5747956
2.94636904 61.7904885
2.94790875 62.006293
2.94945954 62.2222099
2.95102156 62.4382402
2.95259498 62.6543845
2.95417996 62.8706437
2.95577667 63.0870187
2.95738527 63.3035102
2.95900596 63.5201192
2.9606389 63.7368464
2.96228429 63.9536928
2.96394232 64.1706593
2.9656132 64.3877467
2.96729713 64.6049561
2.96899432 64.8222882
2.97070499 65.0397441
2.97242938 65.2573248
2.9741677 65.4750312
2.97592021 65.6928642
2.97768716 65.910825
2.97946879 66.1289145
2.98126538 66.3471338
2.98307719 66.565484
2.98490452 66.7839661
2.98674765 67.0025812
2.98860689 67.2213305
2.99048255 67.4402151
2.99237495 67.6592362
2.99428443 67.8783949
2.99621133 68.0976924
2.99815602 68.3171301
3.00011886 68.5367091
3.00210024 68.7564307
3.00410056 68.9762962
3.00612023 69.196307
3.00815968 69.4164644
3.01021936 69.6367698
3.01229971 69.8572247
3.01440123 70.0778304
3.01652441 70.2985884
3.01866976 70.5195004
3.02083783 70.7405677
3.02302915 70.9617921
3.02524433 71.1831751
3.02748395 71.4047183
3.02974864 71.6264235
3.03203905 71.8482924
3.03435586 72.0703269
3.03669978 72.2925286
3.03907154 72.5148995
3.0414719 72.7374415
3.04390167 72.9601565
3.04636167 73.1830467
3.04885278 73.406114
3.0513759 73.6293605
3.05393198 73.8527886
3.05652201 74.0764003
3.05914701 74.300198
3.06180807 74.5241842
3.06450633 74.7483611
3.06724295 74.9727314
3.07001918 75.1972976
3.07283631 75.4220624
3.07569571 75.6470284
3.07859878 75.8721987
3.08154704 76.0975759
3.08454203 76.3231633
3.0875854 76.5489638
3.09067888 76.7749806
3.09382429 77.0012171
3.09702352 77.2276766
3.10027859 77.4543627
3.1035916 77.6812791
3.10696477 77.9084294
3.11040045 78.1358176
3.11390111 78.3634477
3.11746934 78.5913239
3.12110789 78.8194505
3.12481967 79.047832
3.12860774 79.2764731
3.13247533 79.5053784
3.13642588 79.7345532
3.14046302 79.9640024
3.14459058 80.1937316
3.14881265 80.4237462
3.15313354 80.6540522
3.15755784 80.8846555
3.16209043 81.1155624
3.16673647 81.3467795
3.17150149 81.5783135
3.17639133 81.8101716
3.18141225 82.0423611
3.18657091 82.2748896
3.19187441 82.5077652
3.19733034 82.7409963
3.2029468 82.9745915
3.20873246 83.2085598
3.21469661 83.4429108
3.22084918 83.6776544
3.22720085 83.9128008
3.23376306 84.1483608
3.2405481 84.3843456
3.2475692 84.620767
3.25484058 84.8576373
3.26237759 85.0949692
3.27019675 85.332776
3.27831592 85.5710719
3.2867544 85.8098712
3.29553305 86.0491892
3.30467447 86.2890417
3.31420319 86.5294453
3.32414579 86.7704171
3.33453118 87.0119749
3.3453908 87.2541374
3.35675891 87.4969239
3.36867283 87.7403542
3.38117335 87.9844489
3.39430502 88.2292293
3.4081166 88.4747171
3.42266152 88.7209347
3.43799839 88.9679045
3.45419159 89.2156494
3.47131189 89.4641923
3.48943725 89.7135558
3.50865354 89.9637619
3.52905557 90.2148317
3.55074802 90.4667848
3.57384668 90.7196386
3.59847968 90.9734075
3.62478894 91.228102
3.65293178 91.4837269
3.68308265 91.7402804
3.71543508 91.9977515
3.75020375 92.2561177
3.78762672 92.5153418
3.82796781 92.7753681
3.87151898 93.0361173
3.91860273 93.2974811
3.96957426 93.5593143
4.02482326 93.821426
4.08477491 94.083569
4.14988975 94.345426
4.22066158 94.6065939
4.29761261 94.8665648
4.38128457 95.1247037
4.47222409 95.3802231
4.57096022 95.6321549
4.67797155 95.8793197
4.79363956 96.1202979
4.91818515 96.3534039
5.05158484 96.5766705
5.19346504 96.7878523
5.34297492 96.9844598
5.49864387 97.163839
5.65823727 97.3233126
5.81863511 97.4603965
5.97576988 97.5730962
6.1246698 97.6602699
6.2596535 97.7220187
6.37470621 97.7600318
6.46402924 97.7777945
6.52269971 97.7805623
6.5473216 97.7750465
6.53652058 97.7688226
6.49115439 97.7695608
6.41418092 97.7842369
6.3102205 97.8184876
6.18492803 97.8762257
6.04432298 97.9595507
5.89420607 98.0689088
5.73973993 98.2034151
5.58521345 98.3612412
5.43396693 98.5399884
5.28843378 98.7370027
5.15025177 98.9496098
5.02040444 99.1752727
4.89936574 99.4116848
4.78723143 99.6568129
4.68383018 99.9089066
4.58881228 100.166487
4.50171769 100.42832
4.42202632 100.693393
4.34919386 100.960879
4.28267641 101.230109
4.22194674 101.50055
4.16650439 101.771776
4.11588133 102.043452
4.06964456 102.315316
4.02739671 102.587167
3.98877524 102.85885
3.95345074 103.130249
3.92112493 103.401282
3.89152821 103.671886
3.86441733 103.942024
3.83957297 104.211669
3.81679749 104.48081
3.79591282 104.749445
3.77675846 105.017577
3.75918971 105.285219
3.74307607 105.552383
3.72829968 105.81909
3.71475411 106.085359
3.7023431 106.351212
3.69097951 106.616674
3.68058442 106.881768
3.67108624 107.146518
3.66241997 107.41095
3.65452657 107.675088
3.64735229 107.938956
3.64084822 108.202578
3.63496977 108.465976
3.62967624 108.729175
3.62493048 108.992196
3.62069853 109.255061
3.61694934 109.51779
3.61365446 109.780404
3.61078784 110.042923
3.6083256 110.305366
3.60624584 110.567752
3.60452847 110.830097
3.60315502 111.092421
3.60210856 111.354739
3.60137353 111.617068
3.60093563 111.879424
3.60078174 112.141822
3.6008998 112.404277
3.60127874 112.666804
3.60190841 112.929418
3.60277951 113.19213
3.60388352 113.454956
3.60521264 113.717909
3.60675976 113.981001
3.60851839 114.244245
3.61048266 114.507653
3.61264722 114.771238
3.61500725 115.035012
3.61755843 115.298985
3.6202969 115.563171
3.62321922 115.82758
3.6263224 116.092224
3.62960381 116.357114
3.63306122 116.622261
3.63669275 116.887676
3.64049687 117.15337
3.6444724 117.419355
3.64861848 117.685641
3.65293454 117.952239
3.65742035 118.21916
3.66207597 118.486416
3.66690176 118.754016
3.67189837 119.021973
3.67706673 119.290297
3.68240809 119.559
3.68792396 119.828093
3.69361614 120.097587
3.69948674 120.367494
3.70553815 120.637826
3.71177306 120.908595
3.71819446 121.179812
3.72480566 121.451491
3.73161027 121.723642
3.73861225 121.99628
3.74581587 122.269418
3.75322576 122.543067
3.76084691 122.817243
3.76868467 123.091958
3.7767448 123.367228
3.78503343 123.643066
3.79355716 123.919487
3.80232299 124.196507
3.8113384 124.474142
3.82061137 124.752407
3.83015039 125.031319
3.83996448 125.310895
3.85006326 125.591153
3.86045694 125.872111
3.87115639 126.153787
3.88217313 126.436202
3.89351946 126.719375
3.90520842 127.003327
3.91725388 127.288079
3.92967059 127.573653
3.94247426 127.860072
3.95568159 128.147361
3.96931034 128.435543
3.98337947 128.724644
3.99790913 129.014692
4.01292083 129.305713
4.02843751 129.597736
4.04448362 129.890791
4.06108531 130.184909
4.0782705 130.480123
4.09606903 130.776465
4.11451285 131.073971
4.13363616 131.372677
4.15347561 131.672622
4.17407052 131.973844
4.19546307 132.276385
4.21769859 132.580289
4.24082583 132.885599
4.26489724 133.192363
4.28996932 133.500629
4.31610303 133.810448
4.34336412 134.121873
4.37182367 134.43496
4.40155856 134.749766
4.43265203 135.06635
4.4651943 135.384776
4.4992833 135.705107
4.53502542 136.027412
4.57253638 136.351759
4.61194219 136.678222
4.65338027 137.006874
4.69700059 137.337793
4.74296711 137.671057
4.79145921 138.006748
4.84267345 138.344947
4.89682545 138.685739
4.95415203 139.029205
5.01491364 139.37543
5.07939697 139.724494
5.14791805 140.076477
5.2208256 140.431452
5.29850474 140.789487
5.38138131 141.150638
5.46992644 141.51495
5.56466179 141.88245
5.66616527 142.253143
5.77507719 142.627002
5.8921071 143.003964
6.01804089 143.383918
6.15374836 143.766691
6.30019076 144.152031
6.45842825 144.539592
6.62962641 144.928905
6.81506139 145.319349
7.01612215 145.710118
7.23430857 146.100172
7.4712227 146.48819
7.72855034 146.872502
8.00802848 147.251022
8.31139305 147.621162
8.64029982 147.979743
8.99620967 148.3229
9.38022813 148.645994
9.79288873 148.94354
10.233871 149.20917
10.7016494 149.435674
11.1930792 149.615144
11.702945 149.739277
12.2235244 149.799885
12.744254 149.789653
13.2516245 149.703129
13.7294506 149.537911
14.159651 149.295835
14.5236037 148.983962
14.8039975 148.615014
14.9869282 148.207029
15.063826 147.782084
15.0327545 147.364232
14.898737 146.977033
14.6730207 146.641174
14.3714792 146.372694
14.0125665 146.182076
13.6152797 146.074231
13.1974873 146.049196
12.7748075 146.10323
12.3600474 146.230023
11.9631049 146.421821
11.5911864 146.670319
11.2492004 146.96732
10.940214 147.305147
10.6659009 147.676879
10.4269394 148.076436
10.2233443 148.498576
10.0547299 148.938836
9.9205125 149.393437
9.82006057 149.859174
9.75280363 150.333306
9.71830883 150.813442
9.71633291 151.297435
9.74685494 151.783279
9.81009373 152.269005
9.9065116 152.75258
10.0368048 153.231802
10.2018784 153.704194
10.4028028 154.166889
10.6407455 154.616505
10.9168701 155.049021
11.2321934 155.459647
11.5873876 155.842697
11.9825163 156.191496
12.4166908 156.49832
12.8876442 156.754429
13.3912266 156.950221
13.9208519 157.075578
14.4669548 157.120464
15.016563 157.075805
15.5531311 156.934687
16.0568164 156.693765
16.5053639 156.354738
16.8756896 155.925576
17.146088 155.421134
17.2987747 154.862824
17.3222733 154.277165
17.2130875 153.693343
16.976214 153.140212
16.6243552 152.643373
16.176048 152.222911
15.6531924 151.892193
15.078543 151.657758
14.4736144 151.520097
13.8572444 151.474964
13.2448468 151.514856
12.6482417 151.630396
12.0758873 151.811457
11.5333391 152.047997
11.0237969 152.330589
10.5486465 152.650731
10.1079425 153.000975
9.70081136 153.37494
9.32576924 153.767257
8.98096444 154.173469
8.66435447 154.589918
8.37383148 155.013637
8.10730772 155.442234
7.86277114 155.873801
7.63831927 156.306829
7.4321776 156.740133
7.24270744 157.172794
7.0684065 157.604106
6.90790491 158.033538
6.75995839 158.460696
6.62343992 158.885298
6.49733062 159.30715
6.38071052 159.726127
6.27274954 160.14216
6.17269896 160.555224
6.07988338 160.965327
5.99369337 161.372502
5.91357874 161.776804
5.83904244 162.178302
5.76963506 162.577074
5.70494988 162.973209
5.64461847 163.3668
5.58830671 163.757941
5.53571127 164.146732
5.48655647 164.53327
5.44059144 164.917653
5.39758766 165.299979
5.35733671 165.680342
5.31964826 166.058836
5.28434836 166.435551
5.25127777 166.810576
5.22029062 167.183995
5.19125311 167.555892
5.16404239 167.926347
5.13854554 168.295436
5.11465867 168.663233
5.09228609 169.029811
5.0713396 169.395238
5.05173784 169.75958
5.03340565 170.122901
5.01627358 170.485263
5.00027741 170.846725
4.98535768 171.207342
4.97145933 171.567172
4.95853135 171.926265
4.94652643 172.284672
4.93540067 172.642444
4.92511335 172.999627
4.91562665 173.356266
4.90690548 173.712406
4.89891723 174.068089
4.89163161 174.423357
4.8850205 174.77825
4.87905779 175.132805
4.87371922 175.487062
4.86898232 175.841055
4.86482622 176.194821
4.86123161 176.548394
4.85818058 176.901808
4.85565662 177.255094
4.85364446 177.608286
4.85213005 177.961415
4.85110048 178.31451
4.8505439 178.667602
4.85044952 179.02072
4.85080749 179.373893
4.85160894 179.72715
4.85284586 180.080518
4.85451111 180.434025
4.85659838 180.787698
4.85910218 181.141563
4.86201777 181.495648
4.86534119 181.84998
4.8690692 182.204583
4.8731993 182.559484
4.8777297 182.91471
4.8826593 183.270286
4.88798771 183.626238
4.89371523 183.982592
4.89984284 184.339374
4.90637224 184.69661
4.91330581 185.054326
4.92064661 185.412549
4.92839845 185.771304
4.93656585 186.130619
4.94515407 186.490521
4.95416911 186.851037
4.96361776 187.212194
4.97350762 187.574022
4.98384709 187.936548
4.99464546 188.299802
5.00591287 188.663813
5.01766042 189.028611
5.02990016 189.394228
5.04264515 189.760694
5.05590953 190.128042
5.06970853 190.496305
5.0840586 190.865516
5.09897739 191.235712
5.11448388 191.606926
5.13059845 191.979196
5.14734296 192.35256
5.16474082 192.727057
5.18281713 193.102727
5.20159877 193.479611
5.22111452 193.857753
5.24139521 194.237197
5.26247382 194.617989
5.2843857 195.000177
5.30716868 195.383809
5.33086329 195.768938
5.35551299 196.155615
5.38116431 196.543898
5.40786718 196.933842
5.43567518 197.325508
5.46464578 197.718957
5.49484074 198.114255
5.5263264 198.511469
5.55917414 198.910669
5.59346072 199.311927
5.62926884 199.715321
5.66668761 200.12093
5.70581313 200.528837
5.74674915 200.939128
5.78960776 201.351893
5.83451016 201.767227
5.88158753 202.185228
5.930982 202.605997
5.9828477 203.029642
6.03735194 203.456274
6.09467654 203.886008
6.15501928 204.318963
6.21859558 204.755265
6.28564024 205.195043
6.35640959 205.63843
6.43118369 206.085564
6.51026892 206.536586
6.59400083 206.991642
6.6827474 207.450879
6.77691255 207.914448
6.87694028 208.3825
6.98331913 208.855185
7.09658734 209.332651
7.21733849 209.815042
7.34622796 210.302494
7.48398008 210.795131
7.63139619 211.29306
7.78936355 211.796368
7.9588653 212.305111
8.14099155 212.819304
8.33695146 213.338914
8.54808653 213.863839
8.77588497 214.393896
9.02199694 214.928794
9.28825053 215.468107
9.5766679 216.01124
9.88948093 216.557387
10.2291451 217.105478
10.5983499 217.654111
11.0000237 218.20148
11.4373288 218.745276
11.9136421 219.282575
12.4325145 219.809702
12.9976004 220.322076
13.6125432 220.814034
14.2808043 221.278633
15.0054141 221.70745
15.7886244 222.090387
16.6314397 222.415519
17.5330078 222.669024
18.489861 222.835263
19.495023 222.8971
20.5370368 222.836557
21.5990259 222.635924
22.6579817 222.279388
23.6845461 221.755185
24.6436064 221.058136
25.495992 220.192223
26.2014043 219.172676
26.722413 218.026903
27.028962 216.793705
27.1024976 215.520504
26.9387297 214.258892
26.5482929 213.059293
25.9551233 211.965887
25.1929968 211.012802
24.3011158 210.222196
23.3197294 209.60427
22.286551 209.15877
21.234358 208.877363
20.1897974 208.746252
19.1731797 208.748572
18.1989463 208.866332
17.2765077 209.081808
16.4112158 209.378447
15.6053115 209.74137
14.8587647 210.157568
14.1699684 210.615918
13.5362859 211.107062
12.9544651 211.623238
12.4209403 212.158077
11.9320459 212.706404
11.4841606 213.264048
11.073801 213.827673
10.6976786 214.394635
10.3527299 214.962852
10.0361289 215.530702
9.74528721 216.096936
9.47784652 216.660601
9.23166653 217.220989
9.00481003 217.77758
8.79552692 218.330011
8.60223814 218.878039
8.42351988 219.421518
8.25808873 219.960375
8.1047878 220.494601
7.96257385 221.024228
7.83050574 221.549325
7.70773376 222.069988
7.59349019 222.586331
7.4870807 223.098483
7.38787674 223.606582
7.29530866 224.110773
7.20885965 224.611206
7.12806028 225.108028
7.05248367 225.60139
6.98174115 226.091441
6.91547842 226.578325
6.85337215 227.062185
6.79512686 227.543159
6.74047226 228.021383
6.68916077 228.496986
6.64096537 228.970094
6.5956776 229.440828
6.5531059 229.909304
6.51307397 230.375635
6.47541943 230.839927
6.4399925 231.302284
6.40665491 231.762804
6.3752789 232.221582
6.34574624 232.678707
6.31794745 233.134267
6.29178104 233.588344
6.26715284 234.041018
6.24397538 234.492365
6.22216734 234.942456
6.20165305 235.391361
6.18236202 235.839148
6.16422855 236.285878
6.14719135 236.731614
6.13119317 237.176413
6.11618051 237.620331
6.10210334 238.063422
6.08891482 238.505736
6.07657106 238.947323
6.06503093 239.388231
6.05425584 239.828503
6.04420953 240.268184
6.03485798 240.707315
6.02616916 241.145936
6.01811296 241.584085
6.01066102 242.0218
6.00378662 242.459115
5.99746457 242.896064
5.99167113 243.332682
5.98638387 243.768998
5.98158161 244.205043
5.97724433 244.640847
5.97335312 245.076438
5.96989007 245.511843
5.96683823 245.947089
5.96418156 246.3822
5.96190484 246.8172
5.95999365 247.252115
5.95843432 247.686966
5.95721386 248.121775
5.95631994 248.556564
5.95574087 248.991353
5.9554655 249.426162
5.95548326 249.861011
5.95578409 250.295918
5.95635839 250.730901
5.95719706 251.165979
5.95829141 251.601167
5.95963315 252.036482
5.96121441 252.471941
5.96302765 252.907559
5.9650657 253.34335
5.9673217 253.779331
5.96978913 254.215515
5.97246173 254.651916
5.97533354 255.088547
5.97839886 255.525422
5.98165224 255.962553
5.98508846 256.399953
5.98870253 256.837634
5.9924897 257.275608
5.99644538 257.713887
6.00056522 258.152482
6.00484501 258.591403
6.00928076 259.030662
6.01386861 259.470269
6.01860488 259.910234
6.02348604 260.350568
6.0285087 260.79128
6.03366962 261.232379
6.03896567 261.673876
6.04439386 262.115779
6.04995132 262.558098
6.0556353 263.000841
6.06144315 263.444017
6.06737233 263.887635
6.07342039 264.331702
6.07958499 264.776227
6.08586387 265.221218
6.09225486 265.666683
6.0987559 266.11263
6.10536496 266.559066
6.11208013 267.005999
6.11889956 267.453435
6.12582146 267.901383
6.13284412 268.34985
6.1399659 268.798842
6.14718521 269.248367
6.15450052 269.69843
6.16191037 270.14904
6.16941335 270.600202
6.17700809 271.051924
6.1846933 271.504211
6.1924677 271.957069
6.2003301 272.410506
6.20827932 272.864527
6.21631424 273.319139
6.22443379 273.774347
6.23263692 274.230158
6.24092263 274.686577
6.24928997 275.143611
6.257738 275.601264
6.26626583 276.059543
6.27487262 276.518454
6.28355752 276.978001
6.29231975 277.438191
6.30115854 277.899029
6.31007317 278.360521
6.31906292 278.822671
6.32812711 279.285486
6.3372651 279.74897
6.34647626 280.213129
6.35575998 280.677968
6.36511568 281.143492
6.37454282 281.609707
6.38404085 282.076617
6.39360927 282.544228
6.40324758 283.012544
6.41295532 283.481571
6.42273203 283.951314
6.43257728 284.421777
6.44249066 284.892965
6.45247177 285.364884
6.46252024 285.837538
6.47263569 286.310932
6.48281779 286.785071
6.49306621 287.25996
6.50338063 287.735603
6.51376075 288.212005
6.52420628 288.689172
6.53471696 289.167107
6.54529253 289.645815
6.55593274 290.125302
6.56663737 290.605571
6.57740618 291.086627
6.58823899 291.568476
6.59913558 292.051121
6.61009579 292.534567
6.62111943 293.018819
6.63220634 293.503882
6.64335638 293.98976
6.65456941 294.476457
6.66584529 294.963978
6.67718391 295.452329
6.68858515 295.941512
6.70004892 296.431533
6.71157512 296.922397
6.72316367 297.414107
6.7348145 297.906669
6.74652754 298.400086
6.75830274 298.894364
6.77014004 299.389507
6.7820394 299.88552
6.7940008 300.382406
6.80602421 300.880171
6.8181096 301.378819
6.83025698 301.878354
6.84246633 302.378781
6.85473767 302.880105
6.86707099 303.38233
6.87946633 303.88546
6.89192369 304.3895
6.90444313 304.894455
6.91702466 305.400329
6.92966834 305.907126
6.94237422 306.414852
6.95514234 306.92351
6.96797278 307.433105
6.9808656 307.943642
6.99382087 308.455125
7.00683867 308.967559
7.0199191 309.480948
7.03306223 309.995298
7.04626816 310.510611
7.059537 311.026894
7.07286884 311.544151
7.08626381 312.062385
7.09972202 312.581603
7.11324358 313.101808
7.12682863 313.623005
7.1404773 314.145199
7.15418972 314.668394
7.16796603 315.192595
7.18180638 315.717807
7.19571092 316.244035
7.20967981 316.771282
7.2237132 317.299554
7.23781125 317.828856
7.25197415 318.359191
7.26620205 318.890566
7.28049513 319.422984
7.29485359 319.956451
7.3092776 320.490971
7.32376735 321.026548
7.33832304 321.563189
7.35294486 322.100897
7.36763302 322.639678
7.38238773 323.179536
7.39720919 323.720476
7.41209763 324.262503
7.42705325 324.805622
7.44207629 325.349838
7.45716696 325.895155
7.47232551 326.44158
7.48755216 326.989116
7.50284715 327.537768
7.51821073 328.087542
7.53364314 328.638443
7.54914464 329.190476
END
