SIMP
NP=4096
SW=10000
TYPE=SPE
DATA
0.180060847 -20.1918974
0.190327251 -20.1791859
0.1798519 -20.0945303
0.19019057 -20.0819291
0.179644132 -19.9973317
0.190055113 -19.9848401
0.179437537 -19.9003006
0.189920871 -19.8879176
0.179232105 -19.8034358
0.189787835 -19.7911605
0.179027829 -19.706736
0.189655998 -19.6945677
0.178824702 -19.6102003
0.189525352 -19.5981381
0.178622715 -19.5138274
0.189395889 -19.5018704
0.178421862 -19.4176161
0.189267601 -19.4057636
0.178222134 -19.3215655
0.189140481 -19.3098165
0.178023524 -19.2256743
0.18901452 -19.2140281
0.177826024 -19.1299414
0.188889711 -19.1183972
0.177629628 -19.0343658
0.188766047 -19.0229227
0.177434328 -18.9389463
0.188643521 -18.9276036
0.177240116 -18.8436818
0.188522125 -18.8324387
0.177046987 -18.7485714
0.188401851 -18.7374269
0.176854932 -18.6536138
0.188282693 -18.6425673
0.176663945 -18.558808
0.188164644 -18.5478587
0.176474018 -18.464153
0.188047696 -18.4533001
0.176285146 -18.3696477
0.187931843 -18.3588905
0.176097322 -18.2752911
0.187817078 -18.2646287
0.175910537 -18.181082
0.187703394 -18.1705138
0.175724788 -18.0870196
0.187590784 -18.0765446
0.175540065 -17.9931027
0.187479242 -17.9827203
0.175356364 -17.8993304
0.187368761 -17.8890398
0.175173677 -17.8057015
0.187259335 -17.795502
0.174991999 -17.7122152
0.187150957 -17.702106
0.174811322 -17.6188703
0.187043621 -17.6088508
0.174631641 -17.525666
0.18693732 -17.5157353
0.174452951 -17.4326012
0.186832049 -17.4227587
0.174275243 -17.3396749
0.186727801 -17.3299198
0.174098513 -17.2468861
0.18662457 -17.2372177
0.173922755 -17.154234
0.18652235 -17.1446516
0.173747962 -17.0617174
0.186421135 -17.0522203
0.173574129 -16.9693355
0.186320919 -16.9599229
0.17340125 -16.8770873
0.186221696 -16.8677586
0.173229319 -16.7849718
0.186123461 -16.7757263
0.173058331 -16.6929881
0.186026208 -16.6838251
0.17288828 -16.6011353
0.18592993 -16.592054
0.17271916 -16.5094124
0.185834624 -16.5004122
0.172550966 -16.4178185
0.185740282 -16.4088987
0.172383692 -16.3263526
0.185646899 -16.3175127
0.172217334 -16.2350139
0.185554471 -16.2262531
0.172051884 -16.1438015
0.185462991 -16.135119
0.17188734 -16.0527144
0.185372455 -16.0441097
0.171723694 -15.9617518
0.185282856 -15.9532241
0.171560942 -15.8709126
0.185194191 -15.8624614
0.171399078 -15.7801962
0.185106453 -15.7718207
0.171238099 -15.6896015
0.185019637 -15.6813011
0.171077998 -15.5991276
0.18493374 -15.5909018
0.17091877 -15.5087738
0.184848754 -15.5006218
0.170760411 -15.4185391
0.184764677 -15.4104603
0.170602916 -15.3284227
0.184681502 -15.3204164
0.170446279 -15.2384237
0.184599224 -15.2304893
0.170290497 -15.1485413
0.18451784 -15.1406781
0.170135564 -15.0587745
0.184437344 -15.050982
0.169981475 -14.9691226
0.184357732 -14.9614001
0.169828227 -14.8795847
0.184278998 -14.8719316
0.169675813 -14.7901599
0.184201139 -14.7825757
0.16952423 -14.7008475
0.18412415 -14.6933315
0.169373474 -14.6116466
0.184048026 -14.6041982
0.169223539 -14.5225563
0.183972763 -14.5151749
0.169074421 -14.433576
0.183898356 -14.4262609
0.168926116 -14.3447046
0.183824801 -14.3374553
0.168778619 -14.2559415
0.183752094 -14.2487574
0.168631927 -14.1672858
0.18368023 -14.1601663
0.168486034 -14.0787367
0.183609206 -14.0716812
0.168340937 -13.9902935
0.183539016 -13.9833014
0.168196632 -13.9019552
0.183469658 -13.8950259
0.168053113 -13.8137212
0.183401126 -13.8068542
0.167910378 -13.7255906
0.183333417 -13.7187853
0.167768422 -13.6375627
0.183266527 -13.6308184
0.167627241 -13.5496367
0.183200451 -13.5429529
0.16748683 -13.4618117
0.183135186 -13.4551879
0.167347187 -13.3740871
0.183070728 -13.3675227
0.167208307 -13.2864621
0.183007074 -13.2799565
0.167070186 -13.1989358
0.182944218 -13.1924885
0.166932821 -13.1115076
0.182882158 -13.105118
0.166796207 -13.0241767
0.182820889 -13.0178442
0.166660341 -12.9369423
0.182760409 -12.9306664
0.166525219 -12.8498036
0.182700713 -12.8435838
0.166390837 -12.76276
0.182641797 -12.7565957
0.166257192 -12.6758107
0.182583659 -12.6697014
0.16612428 -12.588955
0.182526295 -12.5829
0.165992098 -12.502192
0.182469701 -12.4961909
0.165860641 -12.4155212
0.182413873 -12.4095734
0.165729907 -12.3289417
0.182358809 -12.3230467
0.165599891 -12.2424528
0.182304504 -12.2366101
0.165470591 -12.1560538
0.182250956 -12.1502629
0.165342003 -12.069744
0.182198161 -12.0640044
0.165214124 -11.9835227
0.182146116 -11.9778338
0.16508695 -11.8973892
0.182094817 -11.8917504
0.164960477 -11.8113427
0.182044262 -11.8057536
0.164834704 -11.7253826
0.181994448 -11.7198426
0.164709625 -11.6395081
0.18194537 -11.6340167
0.164585239 -11.5537186
0.181897026 -11.5482753
0.164461541 -11.4680133
0.181849413 -11.4626176
0.164338529 -11.3823916
0.181802528 -11.377043
0.1642162 -11.2968528
0.181756368 -11.2915507
0.16409455 -11.2113961
0.181710929 -11.2061402
0.163973577 -11.1260209
0.18166621 -11.1208106
0.163853277 -11.0407266
0.181622206 -11.0355613
0.163733647 -10.9555124
0.181578915 -10.9503917
0.163614684 -10.8703777
0.181536335 -10.8653011
0.163496386 -10.7853217
0.181494462 -10.7802887
0.163378749 -10.7003439
0.181453293 -10.695354
0.16326177 -10.6154436
0.181412827 -10.6104963
0.163145447 -10.53062
0.181373059 -10.5257149
0.163029777 -10.4458726
0.181333988 -10.4410091
0.162914757 -10.3612006
0.18129561 -10.3563783
0.162800384 -10.2766035
0.181257923 -10.2718219
0.162686655 -10.1920805
0.181220925 -10.1873391
0.162573567 -10.107631
0.181184613 -10.1029294
0.162461119 -10.0232545
0.181148984 -10.0185921
0.162349307 -9.9389501
0.181114035 -9.9343265
0.162238128 -9.85471732
0.181079765 -9.85013203
0.16212758 -9.77055547
0.181046171 -9.76600804
0.162017661 -9.68646393
0.18101325 -9.68195388
0.161908367 -9.60244206
0.180980999 -9.59796893
0.161799696 -9.51848922
0.180949417 -9.51405254
0.161691645 -9.43460478
0.180918502 -9.4302041
0.161584213 -9.35078812
0.18088825 -9.34642298
0.161477397 -9.26703861
0.180858659 -9.26270855
0.161371193 -9.18335563
0.180829728 -9.17906019
0.1612656 -9.09973855
0.180801454 -9.09547728
0.161160615 -9.01618677
0.180773834 -9.0119592
0.161056237 -8.93269965
0.180746867 -8.92850535
0.160952461 -8.84927659
0.18072055 -8.84511511
0.160849287 -8.76591698
0.180694881 -8.76178786
0.160746712 -8.6826202
0.180669859 -8.67852301
0.160644733 -8.59938565
0.18064548 -8.59531993
0.160543348 -8.51621272
0.180621743 -8.51217804
0.160442556 -8.43310081
0.180598645 -8.42909673
0.160342353 -8.35004932
0.180576186 -8.34607539
0.160242737 -8.26705765
0.180554362 -8.26311344
0.160143708 -8.1841252
0.180533172 -8.18021027
0.160045261 -8.10125138
0.180512614 -8.0973653
0.159947395 -8.01843559
0.180492685 -8.01457792
0.159850109 -7.93567724
0.180473384 -7.93184756
0.159753399 -7.85297575
0.18045471 -7.84917362
0.159657264 -7.77033053
0.180436659 -7.76655552
0.159561702 -7.68774099
0.180419231 -7.68399267
0.15946671 -7.60520655
0.180402424 -7.6014845
0.159372287 -7.52272662
0.180386235 -7.51903042
0.159278431 -7.44030063
0.180370663 -7.43662985
0.159185139 -7.35792801
0.180355706 -7.35428223
0.159092411 -7.27560816
0.180341363 -7.27198696
0.159000243 -7.19334053
0.180327631 -7.18974349
0.158908634 -7.11112453
0.180314509 -7.10755124
0.158817582 -7.02895961
0.180301996 -7.02540964
0.158727085 -6.94684518
0.180290089 -6.94331812
0.158637142 -6.86478068
0.180278788 -6.86127612
0.15854775 -6.78276555
0.18026809 -6.77928307
0.158458908 -6.70079922
0.180257994 -6.69733842
0.158370613 -6.61888113
0.180248498 -6.61544159
0.158282865 -6.53701072
0.180239602 -6.53359204
0.158195661 -6.45518743
0.180231302 -6.4517892
0.158109 -6.37341071
0.180223599 -6.37003251
0.158022879 -6.29167999
0.180216489 -6.28832143
0.157937298 -6.20999473
0.180209973 -6.2066554
0.157852255 -6.12835436
0.180204048 -6.12503387
0.157767747 -6.04675835
0.180198713 -6.04345628
0.157683773 -5.96520614
0.180193967 -5.9619221
0.157600333 -5.88369718
0.180189808 -5.88043077
0.157517423 -5.80223093
0.180186235 -5.79898175
0.157435042 -5.72080684
0.180183246 -5.71757449
0.15735319 -5.63942437
0.180180841 -5.63620845
0.157271863 -5.55808297
0.180179017 -5.55488309
0.157191062 -5.4767821
0.180177775 -5.47359788
0.157110783 -5.39552123
0.180177112 -5.39235226
0.157031027 -5.31429982
0.180177027 -5.31114571
0.156951791 -5.23311732
0.180177519 -5.22997768
0.156873073 -5.15197321
0.180178587 -5.14884765
0.156794873 -5.07086695
0.180180229 -5.06775508
0.156717189 -4.989798
0.180182445 -4.98669944
0.156640019 -4.90876584
0.180185233 -4.9056802
0.156563362 -4.82776993
0.180188592 -4.82469682
0.156487217 -4.74680975
0.180192521 -4.74374878
0.156411583 -4.66588476
0.18019702 -4.66283556
0.156336457 -4.58499445
0.180202086 -4.58195662
0.15626184 -4.50413828
0.180207719 -4.50111145
0.156187728 -4.42331573
0.180213918 -4.42029951
0.156114122 -4.34252627
0.180220681 -4.33952029
0.156041019 -4.26176939
0.180228008 -4.25877327
0.155968419 -4.18104456
0.180235899 -4.17805791
0.15589632 -4.10035127
0.18024435 -4.09737372
0.155824722 -4.01968899
0.180253363 -4.01672016
0.155753622 -3.9390572
0.180262936 -3.93609672
0.155683019 -3.8584554
0.180273068 -3.85550288
0.155612913 -3.77788306
0.180283758 -3.77493814
0.155543303 -3.69733967
0.180295005 -3.69440196
0.155474186 -3.61682471
0.180306809 -3.61389386
0.155405563 -3.53633767
0.180319168 -3.5334133
0.155337431 -3.45587805
0.180332082 -3.45295977
0.15526979 -3.37544533
0.18034555 -3.37253278
0.155202638 -3.29503899
0.180359571 -3.29213181
0.155135976 -3.21465854
0.180374144 -3.21175635
0.1550698 -3.13430346
0.180389269 -3.13140589
0.155004111 -3.05397324
0.180404945 -3.05107993
0.154938908 -2.97366738
0.180421171 -2.97077796
0.154874188 -2.89338538
0.180437946 -2.89049948
0.154809952 -2.81312673
0.180455271 -2.81024398
0.154746199 -2.73289092
0.180473143 -2.73001096
0.154682927 -2.65267745
0.180491562 -2.64979992
0.154620135 -2.57248582
0.180510528 -2.56961035
0.154557823 -2.49231553
0.180530041 -2.48944176
0.154495989 -2.41216608
0.180550099 -2.40929364
0.154434633 -2.33203697
0.180570701 -2.3291655
0.154373754 -2.25192769
0.180591848 -2.24905684
0.15431335 -2.17183776
0.180613539 -2.16896715
0.154253422 -2.09176667
0.180635773 -2.08889595
0.154193967 -2.01171392
0.18065855 -2.00884273
0.154134986 -1.93167902
0.180681869 -1.928807
0.154076477 -1.85166148
0.180705729 -1.84878827
0.15401844 -1.77166079
0.180730131 -1.76878603
0.153960873 -1.69167647
0.180755073 -1.6887998
0.153903777 -1.61170802
0.180780555 -1.60882909
0.153847149 -1.53175495
0.180806578 -1.52887339
0.15379099 -1.45181676
0.180833139 -1.44893223
0.153735299 -1.37189296
0.18086024 -1.3690051
0.153680074 -1.29198307
0.180887879 -1.28909151
0.153625316 -1.21208658
0.180916056 -1.20919098
0.153571023 -1.13220302
0.180944771 -1.12930302
0.153517195 -1.05233188
0.180974024 -1.04942713
0.153463832 -0.972472687
0.181003814 -0.969562831
0.153410931 -0.892624945
0.18103414 -0.889709629
0.153358493 -0.812788167
0.181065003 -0.809867038
0.153306518 -0.732961865
0.181096402 -0.73003457
0.153255004 -0.653145551
0.181128338 -0.650211738
0.15320395 -0.57333874
0.181160808 -0.570398057
0.153153357 -0.493540943
0.181193815 -0.490593039
0.153103224 -0.413751676
0.181227356 -0.410796199
0.15305355 -0.333970451
0.181261433 -0.331007051
0.153004334 -0.254196785
0.181296044 -0.251225111
0.152955576 -0.174430192
0.18133119 -0.171449895
0.152907276 -0.094670188
0.18136687 -0.0916809164
0.152859432 -0.0149162879
0.181403084 -0.0119176931
0.152812045 0.0648319918
0.181439833 0.0678402591
0.152765114 0.144575135
0.181477116 0.147593423
0.152718638 0.224313624
0.181514932 0.227342283
0.152672616 0.304047943
0.181553283 0.30708732
0.15262705 0.383778573
0.181592167 0.386829017
0.152581937 0.463505999
0.181631585 0.466567857
0.152537278 0.543230701
0.181671536 0.546304321
0.152493072 0.622953161
0.181712021 0.626038891
0.152449318 0.702673862
0.181753039 0.705772049
0.152406017 0.782393285
0.181794591 0.785504275
0.152363168 0.862111911
0.181836676 0.865236052
0.15232077 0.941830221
0.181879295 0.944967859
0.152278823 1.0215487
0.181922448 1.02470018
0.152237327 1.10126782
0.181966134 1.10443349
0.152196282 1.18098807
0.182010354 1.18416827
0.152155686 1.26070992
0.182055108 1.26390501
0.152115541 1.34043386
0.182100395 1.34364418
0.152075845 1.42016037
0.182146216 1.42338626
0.152036598 1.49988993
0.182192572 1.50313174
0.1519978 1.57962302
0.182239461 1.58288109
0.151959451 1.65936011
0.182286885 1.66263479
0.15192155 1.73910169
0.182334844 1.74239333
0.151884097 1.81884824
0.182383337 1.82215718
0.151847092 1.89860024
0.182432365 1.90192682
0.151810535 1.97835816
0.182481928 1.98170273
0.151774426 2.05812249
0.182532027 2.0614854
0.151738763 2.13789371
0.182582661 2.1412753
0.151703548 2.2176723
0.18263383 2.22107291
0.15166878 2.29745873
0.182685536 2.30087871
0.151634459 2.37725349
0.182737778 2.38069318
0.151600584 2.45705706
0.182790557 2.46051681
0.151567156 2.53686991
0.182843872 2.54035006
0.151534174 2.61669254
0.182897725 2.62019343
0.151501638 2.6965254
0.182952115 2.70004739
0.151469549 2.776369
0.183007043 2.77991243
0.151437906 2.85622381
0.18306251 2.85978902
0.151406708 2.9360903
0.183118515 2.93967764
0.151375957 3.01596896
0.183175059 3.01957877
0.151345652 3.09586028
0.183232142 3.0994929
0.151315793 3.17576473
0.183289766 3.17942051
0.151286379 3.25568279
0.183347929 3.25936208
0.151257411 3.33561494
0.183406634 3.33931808
0.15122889 3.41556167
0.183465879 3.41928901
0.151200814 3.49552346
0.183525666 3.49927534
0.151173184 3.57550079
0.183585995 3.57927756
0.151146 3.65549415
0.183646867 3.65929615
0.151119262 3.73550401
0.183708282 3.73933159
0.15109297 3.81553086
0.183770241 3.81938436
0.151067124 3.89557518
0.183832744 3.89945495
0.151041724 3.97563745
0.183895792 3.97954384
0.151016771 4.05571817
0.183959385 4.05965152
0.150992264 4.13581781
0.184023524 4.13977847
0.150968203 4.21593686
0.18408821 4.21992517
0.150944589 4.2960758
0.184153442 4.30009212
0.150921422 4.37623512
0.184219223 4.38027979
0.150898702 4.4564153
0.184285552 4.46048867
0.150876429 4.53661684
0.18435243 4.54071925
0.150854604 4.61684021
0.184419858 4.62097201
0.150833226 4.6970859
0.184487837 4.70124744
0.150812296 4.77735441
0.184556366 4.78154604
0.150791813 4.85764622
0.184625448 4.86186828
0.150771779 4.93796181
0.184695082 4.94221466
0.150752193 5.01830168
0.184765269 5.02258566
0.150733056 5.09866631
0.184836011 5.10298177
0.150714368 5.1790562
0.184907307 5.18340349
0.150696129 5.25947183
0.18497916 5.26385131
0.15067834 5.3399137
0.185051568 5.34432571
0.150661 5.4203823
0.185124535 5.42482719
0.150644111 5.50087811
0.185198059 5.50535623
0.150627672 5.58140164
0.185272142 5.58591334
0.150611683 5.66195337
0.185346785 5.66649901
0.150596146 5.7425338
0.185421989 5.74711372
0.150581061 5.82314342
0.185497755 5.82775798
0.150566427 5.90378273
0.185574083 5.90843228
0.150552246 5.98445221
0.185650975 5.98913711
0.150538518 6.06515238
0.185728431 6.06987298
0.150525242 6.14588372
0.185806453 6.15064037
0.15051242 6.22664674
0.18588504 6.23143979
0.150500052 6.30744192
0.185964196 6.31227173
0.150488139 6.38826978
0.186043919 6.3931367
0.15047668 6.4691308
0.186124212 6.47403519
0.150465677 6.55002549
0.186205076 6.55496771
0.15045513 6.63095435
0.186286511 6.63593475
0.150445039 6.71191788
0.186368518 6.71693682
0.150435405 6.79291659
0.186451099 6.79797442
0.150426229 6.87395097
0.186534254 6.87904805
0.15041751 6.95502154
0.186617986 6.96015823
0.15040925 7.03612879
0.186702294 7.04130545
0.150401449 7.11727323
0.186787181 7.12249022
0.150394108 7.19845538
0.186872646 7.20371305
0.150387227 7.27967572
0.186958692 7.28497444
0.150380807 7.36093478
0.18704532 7.36627491
0.150374848 7.44223307
0.18713253 7.44761497
0.150369352 7.52357109
0.187220324 7.52899512
0.150364319 7.60494935
0.187308704 7.61041587
0.150359748 7.68636836
0.18739767 7.69187774
0.150355642 7.76782865
0.187487224 7.77338125
0.150352001 7.84933072
0.187577366 7.8549269
0.150348826 7.93087508
0.187668099 7.93651521
0.150346116 8.01246226
0.187759424 8.0181467
0.150343874 8.09409277
0.187851342 8.09982189
0.150342099 8.17576712
0.187943854 8.18154129
0.150340793 8.25748584
0.188036961 8.26330542
0.150339955 8.33924944
0.188130666 8.34511481
0.150339588 8.42105846
0.188224969 8.42696997
0.150339692 8.50291339
0.188319872 8.50887143
0.150340267 8.58481478
0.188415377 8.5908197
0.150341315 8.66676315
0.188511484 8.67281533
0.150342836 8.74875901
0.188608195 8.75485882
0.150344831 8.8308029
0.188705512 8.83695071
0.150347301 8.91289535
0.188803436 8.91909153
0.150350247 8.99503687
0.188901969 9.00128181
0.150353669 9.07722801
0.189001112 9.08352206
0.150357569 9.15946929
0.189100867 9.16581284
0.150361948 9.24176124
0.189201235 9.24815467
0.150366806 9.32410441
0.189302219 9.33054808
0.150372145 9.40649931
0.189403818 9.41299361
0.150377965 9.48894649
0.189506036 9.4954918
0.150384267 9.57144649
0.189608874 9.57804318
0.150391053 9.65399985
0.189712333 9.6606483
0.150398323 9.73660709
0.189816415 9.74330769
0.150406079 9.81926877
0.189921122 9.82602189
0.150414321 9.90198543
0.190026456 9.90879146
0.15042305 9.98475761
0.190132417 9.99161692
0.150432268 10.0675858
0.190239009 10.0744988
0.150441976 10.1504707
0.190346233 10.1574377
0.150452174 10.2334127
0.19045409 10.2404342
0.150462864 10.3164124
0.190562582 10.3234888
0.150474047 10.3994704
0.190671711 10.4066019
0.150485724 10.4825872
0.19078148 10.4897743
0.150497896 10.5657634
0.190891889 10.5730065
0.150510565 10.6489994
0.191002941 10.6562989
0.150523731 10.732296
0.191114637 10.7396523
0.150537396 10.8156536
0.19122698 10.823067
0.150551561 10.8990727
0.191339972 10.9065438
0.150566227 10.982554
0.191453613 10.990083
0.150581396 11.0660981
0.191567908 11.0736854
0.150597068 11.1497054
0.191682856 11.1573515
0.150613245 11.2333766
0.191798461 11.2410818
0.150629929 11.3171122
0.191914724 11.3248769
0.15064712 11.4009127
0.192031647 11.4087374
0.15066482 11.4847788
0.192149233 11.4926639
0.15068303 11.5687111
0.192267484 11.5766569
0.150701752 11.65271
0.192386401 11.6607169
0.150720987 11.7367762
0.192505987 11.7448447
0.150740736 11.8209103
0.192626244 11.8290407
0.150761002 11.9051128
0.192747174 11.9133056
0.150781784 11.9893843
0.192868779 11.9976398
0.150803085 12.0737254
0.192991062 12.0820441
0.150824906 12.1581366
0.193114025 12.166519
0.150847248 12.2426187
0.193237669 12.251065
0.150870114 12.3271721
0.193361998 12.3356828
0.150893504 12.4117974
0.193487013 12.4203729
0.15091742 12.4964953
0.193612717 12.505136
0.150941864 12.5812663
0.193739112 12.5899726
0.150966837 12.666111
0.193866201 12.6748834
0.15099234 12.75103
0.193993985 12.7598689
0.151018376 12.8360239
0.194122468 12.8449298
0.151044946 12.9210934
0.194251652 12.9300665
0.151072052 13.006239
0.194381539 13.0152799
0.151099695 13.0914613
0.194512131 13.1005703
0.151127876 13.176761
0.194643432 13.1859386
0.151156598 13.2621386
0.194775443 13.2713852
0.151185863 13.3475947
0.194908167 13.3569108
0.151215671 13.43313
0.195041607 13.4425159
0.151246025 13.5187451
0.195175765 13.5282013
0.151276927 13.6044406
0.195310644 13.6139676
0.151308378 13.6902171
0.195446247 13.6998152
0.15134038 13.7760753
0.195582576 13.785745
0.151372935 13.8620157
0.195719633 13.8717574
0.151406044 13.9480391
0.195857422 13.9578532
0.15143971 14.0341459
0.195995945 14.0440329
0.151473934 14.1203369
0.196135206 14.1302973
0.151508719 14.2066127
0.196275206 14.2166468
0.151544066 14.2929739
0.196415948 14.3030822
0.151579977 14.3794211
0.196557436 14.3896041
0.151616454 14.4659551
0.196699672 14.4762132
0.151653499 14.5525763
0.196842659 14.56291
0.151691114 14.6392856
0.1969864 14.6496953
0.151729301 14.7260835
0.197130897 14.7365696
0.151768062 14.8129707
0.197276155 14.8235337
0.151807399 14.8999478
0.197422175 14.9105882
0.151847315 14.9870155
0.197568961 14.9977337
0.15188781 15.0741744
0.197716516 15.0849708
0.151928888 15.1614252
0.197864842 15.1723004
0.151970551 15.2487686
0.198013943 15.259723
0.1520128 15.3362052
0.198163823 15.3472392
0.152055638 15.4237358
0.198314483 15.4348498
0.152099067 15.5113608
0.198465927 15.5225554
0.152143089 15.5990811
0.198618159 15.6103568
0.152187707 15.6868973
0.198771181 15.6982545
0.152232922 15.7748101
0.198924998 15.7862492
0.152278738 15.8628202
0.199079611 15.8743417
0.152325155 15.9509282
0.199235024 15.9625326
0.152372178 16.0391348
0.199391242 16.0508226
0.152419807 16.1274408
0.199548266 16.1392124
0.152468046 16.2158467
0.1997061 16.2277027
0.152516896 16.3043534
0.199864749 16.3162942
0.152566361 16.3929615
0.200024214 16.4049876
0.152616442 16.4816717
0.2001845 16.4937835
0.152667142 16.5704846
0.20034561 16.5826828
0.152718464 16.6594011
0.200507548 16.671686
0.15277041 16.7484218
0.200670317 16.7607939
0.152822983 16.8375474
0.200833921 16.8500073
0.152876185 16.9267787
0.200998363 16.9393268
0.152930018 17.0161163
0.201163647 17.0287531
0.152984486 17.105561
0.201329776 17.118287
0.153039591 17.1951135
0.201496755 17.2079292
0.153095335 17.2847745
0.201664587 17.2976804
0.153151722 17.3745448
0.201833276 17.3875414
0.153208754 17.4644251
0.202002825 17.4775129
0.153266434 17.5544161
0.202173239 17.5675956
0.153324764 17.6445185
0.202344521 17.6577903
0.153383748 17.7347332
0.202516675 17.7480977
0.153443388 17.8250608
0.202689705 17.8385186
0.153503687 17.9155021
0.202863615 17.9290536
0.153564647 18.0060579
0.203038409 18.0197037
0.153626273 18.0967288
0.203214091 18.1104695
0.153688566 18.1875158
0.203390665 18.2013517
0.153751529 18.2784194
0.203568136 18.2923512
0.153815167 18.3694406
0.203746506 18.3834687
0.153879481 18.46058
0.203925781 18.474705
0.153944474 18.5518384
0.204105964 18.5660609
0.15401015 18.6432167
0.20428706 18.6575371
0.154076512 18.7347155
0.204469073 18.7491345
0.154143563 18.8263357
0.204652008 18.8408537
0.154211306 18.9180781
0.204835868 18.9326957
0.154279744 19.0099434
0.205020658 19.0246611
0.15434888 19.1019325
0.205206383 19.1167508
0.154418718 19.1940461
0.205393046 19.2089656
0.154489261 19.286285
0.205580653 19.3013063
0.154560512 19.3786501
0.205769207 19.3937737
0.154632475 19.4711421
0.205958714 19.4863686
0.154705153 19.563762
0.206149177 19.5790919
0.154778548 19.6565104
0.206340603 19.6719442
0.154852666 19.7493882
0.206532994 19.7649266
0.154927508 19.8423962
0.206726357 19.8580397
0.155003079 19.9355353
0.206920695 19.9512845
0.155079382 20.0288063
0.207116013 20.0446617
0.155156421 20.1222101
0.207312317 20.1381723
0.155234199 20.2157474
0.207509611 20.231817
0.155312719 20.3094191
0.2077079 20.3255966
0.155391986 20.4032261
0.207907188 20.4195121
0.155472003 20.4971692
0.208107482 20.5135644
0.155552774 20.5912492
0.208308786 20.6077541
0.155634303 20.6854672
0.208511104 20.7020823
0.155716593 20.7798238
0.208714443 20.7965498
0.155799648 20.87432
0.208918807 20.8911575
0.155883472 20.9689566
0.209124201 20.9859062
0.155968068 21.0637346
0.209330631 21.0807968
0.156053442 21.1586548
0.209538102 21.1758303
0.156139596 21.2537181
0.20974662 21.2710075
0.156226535 21.3489253
0.209956189 21.3663292
0.156314263 21.4442775
0.210166815 21.4617965
0.156402783 21.5397755
0.210378503 21.5574101
0.1564921 21.6354201
0.21059126 21.6531711
0.156582218 21.7312124
0.21080509 21.7490803
0.156673142 21.8271532
0.211019999 21.8451387
0.156764874 21.9232434
0.211235993 21.9413471
0.156857421 22.019484
0.211453077 22.0377065
0.156950785 22.115876
0.211671258 22.1342179
0.157044971 22.2124201
0.21189054 22.2308821
0.157139984 22.3091174
0.212110931 22.3277001
0.157235828 22.4059689
0.212332435 22.424673
0.157332508 22.5029754
0.212555059 22.5218015
0.157430027 22.600138
0.212778808 22.6190867
0.157528391 22.6974576
0.213003689 22.7165295
0.157627604 22.7949351
0.213229708 22.814131
0.15772767 22.8925715
0.213456871 22.911892
0.157828595 22.9903678
0.213685184 23.0098136
0.157930382 23.088325
0.213914653 23.1078968
0.158033037 23.1864441
0.214145284 23.2061425
0.158136565 23.2847261
0.214377085 23.3045517
0.15824097 23.3831719
0.21461006 23.4031254
0.158346257 23.4817826
0.214844218 23.5018647
0.158452431 23.5805591
0.215079564 23.6007706
0.158559497 23.6795026
0.215316105 23.699844
0.15866746 23.7786139
0.215553847 23.799086
0.158776325 23.8778942
0.215792797 23.8984976
0.158886097 23.9773444
0.216032962 23.9980799
0.158996782 24.0769656
0.216274349 24.0978339
0.159108384 24.1767589
0.216516964 24.1977607
0.159220908 24.2767253
0.216760815 24.2978612
0.159334361 24.3768658
0.217005908 24.3981366
0.159448747 24.4771815
0.217252251 24.4985879
0.159564071 24.5776735
0.217499849 24.5992162
0.15968034 24.6783429
0.217748712 24.7000226
0.159797558 24.7791906
0.217998845 24.8010081
0.159915731 24.8802179
0.218250257 24.9021738
0.160034865 24.9814258
0.218502953 25.0035209
0.160154966 25.0828153
0.218756943 25.1050505
0.160276038 25.1843877
0.219012233 25.2067635
0.160398088 25.286144
0.21926883 25.3086613
0.160521121 25.3880853
0.219526743 25.4107448
0.160645144 25.4902128
0.219785979 25.5130152
0.160770162 25.5925275
0.220046546 25.6154736
0.160896181 25.6950307
0.220308451 25.7181213
0.161023208 25.7977235
0.220571702 25.8209592
0.161151248 25.9006069
0.220836308 25.9239887
0.161280307 26.0036822
0.221102276 26.0272108
0.161410391 26.1069506
0.221369614 26.1306267
0.161541508 26.2104132
0.221638331 26.2342376
0.161673662 26.3140711
0.221908434 26.3380447
0.161806861 26.4179256
0.222179933 26.4420491
0.161941111 26.5219779
0.222452834 26.5462521
0.162076418 26.6262291
0.222727147 26.6506549
0.162212789 26.7306806
0.223002881 26.7552586
0.16235023 26.8353333
0.223280043 26.8600646
0.162488748 26.9401887
0.223558642 26.9650739
0.16262835 27.045248
0.223838687 27.0702879
0.162769043 27.1505122
0.224120188 27.1757078
0.162910832 27.2559828
0.224403152 27.2813348
0.163053726 27.361661
0.224687588 27.3871702
0.163197732 27.467548
0.224973506 27.4932153
0.163342855 27.5736451
0.225260915 27.5994714
0.163489104 27.6799535
0.225549824 27.7059396
0.163636486 27.7864746
0.225840243 27.8126213
0.163785007 27.8932096
0.22613218 27.9195179
0.163934675 28.0001599
0.226425644 28.0266305
0.164085498 28.1073267
0.226720647 28.1339606
0.164237482 28.2147114
0.227017196 28.2415094
0.164390636 28.3223153
0.227315302 28.3492782
0.164544967 28.4301396
0.227614975 28.4572685
0.164700482 28.5381859
0.227916225 28.5654815
0.16485719 28.6464553
0.22821906 28.6739186
0.165015098 28.7549493
0.228523492 28.7825812
0.165174213 28.8636693
0.228829531 28.8914707
0.165334545 28.9726165
0.229137187 29.0005883
0.165496101 29.0817925
0.229446469 29.1099356
0.165658888 29.1911985
0.229757389 29.2195138
0.165822916 29.3008361
0.230069957 29.3293245
0.165988193 29.4107065
0.230384184 29.4393691
0.166154726 29.5208113
0.23070008 29.5496489
0.166322525 29.6311518
0.231017656 29.6601654
0.166491597 29.7417295
0.231336923 29.77092
0.166661951 29.8525458
0.231657891 29.8819142
0.166833597 29.9636022
0.231980573 29.9931496
0.167006542 30.0749002
0.232304979 30.1046274
0.167180796 30.1864413
0.232631121 30.2163493
0.167356367 30.2982269
0.232959009 30.3283166
0.167533265 30.4102585
0.233288656 30.4405311
0.167711498 30.5225377
0.233620073 30.552994
0.167891076 30.6350659
0.233953271 30.665707
0.168072008 30.7478447
0.234288263 30.7786716
0.168254304 30.8608756
0.234625061 30.8918893
0.168437972 30.9741602
0.234963676 31.0053618
0.168623023 31.0877001
0.23530412 31.1190905
0.168809465 31.2014967
0.235646407 31.233077
0.168997309 31.3155517
0.235990547 31.3473229
0.169186565 31.4298667
0.236336555 31.4618299
0.169377242 31.5444433
0.236684442 31.5765995
0.169569351 31.6592831
0.237034221 31.6916334
0.169762901 31.7743877
0.237385904 31.8069331
0.169957903 31.8897587
0.237739506 31.9225004
0.170154368 32.0053978
0.238095039 32.0383368
0.170352304 32.1213067
0.238452516 32.1544441
0.170551724 32.2374871
0.23881195 32.270824
0.170752638 32.3539405
0.239173356 32.387478
0.170955056 32.4706687
0.239536746 32.504408
0.171158989 32.5876735
0.239902134 32.6216155
0.171364449 32.7049564
0.240269534 32.7391025
0.171571445 32.8225194
0.240638961 32.8568705
0.171779991 32.940364
0.241010428 32.9749214
0.171990095 33.0584921
0.241383949 33.0932568
0.172201772 33.1769053
0.241759539 33.2118787
0.17241503 33.2956056
0.242137213 33.3307887
0.172629883 33.4145947
0.242516984 33.4499886
0.172846342 33.5338744
0.242898869 33.5694804
0.173064419 33.6534465
0.243282881 33.6892657
0.173284126 33.7733128
0.243669036 33.8093465
0.173505475 33.8934752
0.244057349 33.9297245
0.173728478 34.0139356
0.244447836 34.0504018
0.173953147 34.1346958
0.244840512 34.1713801
0.174179495 34.2557577
0.245235393 34.2926613
0.174407536 34.3771232
0.245632494 34.4142473
0.17463728 34.4987942
0.246031831 34.5361401
0.174868742 34.6207726
0.246433422 34.6583416
0.175101934 34.7430604
0.246837281 34.7808537
0.175336869 34.8656596
0.247243426 34.9036785
0.175573561 34.9885721
0.247651873 35.0268178
0.175812023 35.1117998
0.248062638 35.1502738
0.176052268 35.2353449
0.24847574 35.2740483
0.176294311 35.3592092
0.248891194 35.3981434
0.176538164 35.4833949
0.249309019 35.5225612
0.176783843 35.6079039
0.249729232 35.6473036
0.177031361 35.7327384
0.25015185 35.7723729
0.177280733 35.8579004
0.250576891 35.897771
0.177531972 35.983392
0.251004373 36.0235001
0.177785093 36.1092153
0.251434314 36.1495622
0.178040112 36.2353724
0.251866734 36.2759596
0.178297043 36.3618655
0.252301649 36.4026943
0.1785559 36.4886968
0.252739079 36.5297685
0.1788167 36.6158683
0.253179044 36.6571844
0.179079457 36.7433823
0.253621561 36.7849442
0.179344188 36.871241
0.25406665 36.9130502
0.179610906 36.9994466
0.254514332 37.0415045
0.17987963 37.1280014
0.254964624 37.1703094
0.180150374 37.2569075
0.255417548 37.2994671
0.180423155 37.3861674
0.255873124 37.42898
0.180697988 37.5157832
0.256331371 37.5588504
0.180974892 37.6457573
0.256792311 37.6890805
0.181253881 37.776092
0.257255963 37.8196728
0.181534974 37.9067897
0.25772235 37.9506295
0.181818187 38.0378527
0.258191491 38.0819531
0.182103538 38.1692834
0.258663409 38.2136459
0.182391043 38.3010842
0.259138125 38.3457104
0.182680721 38.4332575
0.259615661 38.478149
0.182972589 38.5658058
0.260096039 38.6109641
0.183266665 38.6987316
0.260579281 38.7441582
0.183562968 38.8320372
0.26106541 38.8777338
0.183861516 38.9657253
0.261554448 39.0116935
0.184162328 39.0997983
0.262046418 39.1460397
0.184465422 39.2342588
0.262541344 39.280775
0.184770817 39.3691093
0.263039249 39.415902
0.185078533 39.5043524
0.263540157 39.5514233
0.185388589 39.6399908
0.264044091 39.6873415
0.185701004 39.776027
0.264551077 39.8236592
0.186015799 39.9124637
0.265061138 39.9603791
0.186332994 40.0493035
0.265574299 40.0975038
0.186652609 40.1865492
0.266090585 40.2350361
0.186974664 40.3242034
0.266610022 40.3729787
0.18729918 40.4622689
0.267132635 40.5113344
0.187626179 40.6007485
0.267658449 40.6501058
0.187955681 40.7396449
0.268187492 40.7892959
0.188287708 40.8789609
0.268719788 40.9289074
0.188622281 41.0186994
0.269255366 41.0689431
0.188959423 41.1588632
0.269794251 41.209406
0.189299156 41.2994552
0.270336472 41.3502989
0.189641503 41.4404782
0.270882055 41.4916247
0.189986485 41.5819352
0.271431028 41.6333864
0.190334126 41.7238292
0.27198342 41.7755869
0.19068445 41.8661631
0.27253926 41.9182292
0.191037479 42.0089399
0.273098575 42.0613163
0.191393238 42.1521626
0.273661394 42.2048513
0.19175175 42.2958343
0.274227749 42.3488373
0.19211304 42.4399581
0.274797667 42.4932772
0.192477133 42.5845371
0.275371179 42.6381743
0.192844053 42.7295743
0.275948316 42.7835316
0.193213825 42.875073
0.276529107 42.9293524
0.193586475 43.0210363
0.277113585 43.0756399
0.193962029 43.1674674
0.277701781 43.2223972
0.194340513 43.3143696
0.278293726 43.3696277
0.194721953 43.4617461
0.278889453 43.5173345
0.195106376 43.6096003
0.279488994 43.6655211
0.195493809 43.7579354
0.280092382 43.8141908
0.195884278 43.9067549
0.280699649 43.9633469
0.196277813 44.056062
0.281310831 44.1129928
0.19667444 44.2058602
0.28192596 44.2631321
0.197074188 44.356153
0.282545072 44.413768
0.197477086 44.5069438
0.2831682 44.5649042
0.197883162 44.6582362
0.28379538 44.7165441
0.198292446 44.8100336
0.284426648 44.8686913
0.198704968 44.9623396
0.28506204 45.0213494
0.199120757 45.1151579
0.285701591 45.174522
0.199539844 45.268492
0.28634534 45.3282128
0.19996226 45.4223457
0.286993322 45.4824254
0.200388036 45.5767225
0.287645576 45.6371635
0.200817203 45.7316264
0.28830214 45.792431
0.201249793 45.8870609
0.288963053 45.9482316
0.201685838 46.04303
0.289628352 46.1045691
0.202125371 46.1995375
0.290298079 46.2614474
0.202568426 46.3565872
0.290972273 46.4188704
0.203015035 46.514183
0.291650974 46.576842
0.203465232 46.6723289
0.292334223 46.7353661
0.203919052 46.8310289
0.293022061 46.8944468
0.204376529 46.9902869
0.293714531 47.0540881
0.204837699 47.1501071
0.294411675 47.2142941
0.205302596 47.3104935
0.295113535 47.3750689
0.205771258 47.4714503
0.295820156 47.5364166
0.206243721 47.6329816
0.29653158 47.6983415
0.20672002 47.7950916
0.297247853 47.8608477
0.207200195 47.9577846
0.297969019 48.0239396
0.207684282 48.1210648
0.298695123 48.1876215
0.20817232 48.2849367
0.299426213 48.3518977
0.208664348 48.4494045
0.300162335 48.5167725
0.209160404 48.6144727
0.300903535 48.6822506
0.20966053 48.7801458
0.301649861 48.8483362
0.210164765 48.9464282
0.302401363 49.015034
0.210673149 49.1133244
0.303158088 49.1823485
0.211185725 49.2808391
0.303920087 49.3502843
0.211702534 49.4489769
0.30468741 49.5188461
0.212223618 49.6177424
0.305460107 49.6880386
0.212749021 49.7871405
0.30623823 49.8578666
0.213278786 49.9571758
0.30702183 50.0283347
0.213812956 50.1278531
0.307810962 50.1994479
0.214351577 50.2991774
0.308605677 50.3712111
0.214894694 50.4711535
0.30940603 50.5436292
0.215442352 50.6437864
0.310212077 50.7167071
0.215994599 50.817081
0.311023871 50.8904499
0.21655148 50.9910426
0.31184147 51.0648628
0.217113044 51.165676
0.31266493 51.2399508
0.217679339 51.3409866
0.313494309 51.4157191
0.218250413 51.5169796
0.314329665 51.5921729
0.218826316 51.6936601
0.315171057 51.7693177
0.219407099 51.8710335
0.316018545 51.9471586
0.219992812 52.0491051
0.316872189 52.1257011
0.220583507 52.2278805
0.317732051 52.3049507
0.221179236 52.407365
0.318598194 52.4849128
0.221780052 52.5875642
0.319470679 52.6655931
0.222386008 52.7684838
0.320349571 52.8469972
0.222997159 52.9501292
0.321234935 53.0291307
0.22361356 53.1325064
0.322126835 53.2119994
0.224235267 53.3156209
0.323025338 53.3956091
0.224862336 53.4994787
0.323930512 53.5799656
0.225494825 53.6840856
0.324842425 53.7650749
0.226132791 53.8694476
0.325761144 53.9509429
0.226776295 54.0555707
0.326686741 54.1375758
0.227425395 54.2424609
0.327619286 54.3249795
0.228080152 54.4301244
0.328558851 54.5131604
0.228740628 54.6185675
0.329505509 54.7021246
0.229406885 54.8077963
0.330459333 54.8918784
0.230078985 54.9978172
0.331420398 55.0824282
0.230756994 55.1886366
0.33238878 55.2737805
0.231440975 55.380261
0.333364555 55.4659418
0.232130996 55.5726968
0.334347802 55.6589185
0.232827121 55.7659509
0.335338599 55.8527175
0.23352942 55.9600297
0.336337025 56.0473454
0.23423796 56.1549401
0.337343163 56.242809
0.234952812 56.3506888
0.338357095 56.4391151
0.235674046 56.5472828
0.339378902 56.6362708
0.236401733 56.7447291
0.340408671 56.8342831
0.237135947 56.9430347
0.341446486 57.033159
0.23787676 57.1422068
0.342492434 57.2329057
0.238624248 57.3422525
0.343546604 57.4335304
0.239378487 57.5431791
0.344609084 57.6350406
0.240139552 57.7449941
0.345679965 57.8374436
0.240907524 57.9477048
0.346759339 58.040747
0.241682479 58.1513188
0.347847299 58.2449582
0.2424645 58.3558437
0.348943938 58.450085
0.243253666 58.5612872
0.350049354 58.6561351
0.244050062 58.7676571
0.351163642 58.8631165
0.244853771 58.9749614
0.352286902 59.0710369
0.245664877 59.1832078
0.353419233 59.2799044
0.246483468 59.3924046
0.354560737 59.4897271
0.247309631 59.6025598
0.355711516 59.7005133
0.248143456 59.8136818
0.356871674 59.9122713
0.248985031 60.0257788
0.358041318 60.1250093
0.24983445 60.2388592
0.359220555 60.338736
0.250691805 60.4529317
0.360409493 60.5534599
0.251557191 60.6680048
0.361608243 60.7691897
0.252430703 60.8840873
0.362816918 60.9859342
0.253312439 61.101188
0.36403563 61.2037022
0.254202497 61.3193158
0.365264496 61.4225028
0.255100979 61.5384798
0.366503632 61.6423451
0.256007986 61.7586892
0.367753158 61.8632383
0.256923621 61.9799531
0.369013193 62.0851917
0.257847989 62.202281
0.370283862 62.3082148
0.258781197 62.4256823
0.371565287 62.532317
0.259723354 62.6501666
0.372857595 62.7575081
0.260674569 62.8757437
0.374160915 62.9837977
0.261634954 63.1024233
0.375475376 63.2111959
0.262604622 63.3302154
0.37680111 63.4397125
0.263583689 63.55913
0.378138252 63.6693579
0.264572272 63.7891774
0.379486938 63.900142
0.26557049 64.0203678
0.380847305 64.1320755
0.266578464 64.2527117
0.382219494 64.3651688
0.267596315 64.4862196
0.383603648 64.5994324
0.26862417 64.7209022
0.384999912 64.8348772
0.269662154 64.9567704
0.386408432 65.0715141
0.270710396 65.1938351
0.387829358 65.3093541
0.271769028 65.4321073
0.389262841 65.5484084
0.272838181 65.6715984
0.390709035 65.7886883
0.273917992 65.9123197
0.392168098 66.0302052
0.275008597 66.1542827
0.393640187 66.2729708
0.276110136 66.397499
0.395125465 66.5169968
0.27722275 66.6419805
0.396624095 66.762295
0.278346584 66.8877392
0.398136244 67.0088775
0.279481785 67.1347871
0.399662081 67.2567566
0.280628501 67.3831365
0.40120178 67.5059446
0.281786883 67.6327998
0.402755513 67.7564539
0.282957086 67.8837896
0.40432346 68.0082972
0.284139265 68.1361187
0.405905801 68.2614875
0.285333581 68.3897999
0.40750272 68.5160377
0.286540195 68.6448464
0.409114402 68.7719609
0.287759272 68.9012713
0.410741038 69.0292706
0.288990978 69.1590882
0.412382821 69.2879802
0.290235484 69.4183105
0.414039946 69.5481034
0.291492963 69.6789521
0.415712614 69.8096541
0.292763592 69.941027
0.417401025 70.0726464
0.294047548 70.2045492
0.419105388 70.3370946
0.295345015 70.4695331
0.42082591 70.603013
0.296656178 70.7359933
0.422562806 70.8704163
0.297981225 71.0039444
0.424316291 71.1393193
0.299320348 71.2734014
0.426086586 71.4097372
0.300673742 71.5443794
0.427873916 71.681685
0.302041607 71.8168937
0.429678507 71.9551783
0.303424143 72.0909599
0.431500592 72.2302327
0.304821557 72.3665937
0.433340408 72.5068641
0.306234058 72.643811
0.435198193 72.7850885
0.307661859 72.9226281
0.437074192 73.0649223
0.309105178 73.2030614
0.438968653 73.3463821
0.310564234 73.4851274
0.44088183 73.6294845
0.312039252 73.7688432
0.442813979 73.9142466
0.313530463 74.0542256
0.444765362 74.2006856
0.315038097 74.3412922
0.446736245 74.488819
0.316562394 74.6300606
0.4487269 74.7786646
0.318103593 74.9205484
0.450737603 75.0702402
0.319661942 75.2127739
0.452768634 75.3635642
0.32123769 75.5067554
0.454820279 75.6586551
0.322831094 75.8025115
0.456892831 75.9555316
0.324442412 76.100061
0.458986584 76.2542127
0.326071911 76.3994232
0.461101842 76.5547178
0.327719858 76.7006175
0.463238911 76.8570665
0.32938653 77.0036635
0.465398105 77.1612786
0.331072205 77.3085814
0.467579742 77.4673742
0.33277717 77.6153913
0.469784147 77.775374
0.334501715 77.9241139
0.472011651 78.0852985
0.336246137 78.2347701
0.47426259 78.397169
0.338010736 78.5473811
0.476537308 78.7110067
0.339795822 78.8619683
0.478836155 79.0268334
0.341601707 79.1785538
0.481159487 79.3446712
0.343428711 79.4971596
0.483507667 79.6645423
0.34527716 79.8178082
0.485881065 79.9864695
0.347147387 80.1405226
0.488280058 80.3104759
0.349039731 80.4653258
0.49070503 80.6365847
0.350954537 80.7922416
0.493156373 80.9648199
0.352892157 81.1212937
0.495634487 81.2952055
0.35485295 81.4525065
0.498139778 81.627766
0.356837285 81.7859046
0.500672662 81.9625263
0.358845533 82.121513
0.503233562 82.2995116
0.360878077 82.4593573
0.505822909 82.6387477
0.362935306 82.7994632
0.508441144 82.9802604
0.365017617 83.141857
0.511088715 83.3240765
0.367125416 83.4865654
0.513766081 83.6702226
0.369259115 83.8336153
0.516473708 84.0187262
0.371419136 84.1830344
0.519212072 84.3696149
0.373605912 84.5348506
0.521981661 84.7229171
0.37581988 84.8890922
0.524782971 85.0786613
0.378061492 85.2457882
0.527616507 85.4368767
0.380331204 85.6049678
0.530482787 85.7975928
0.382629486 85.9666609
0.533382338 86.1608398
0.384956815 86.3308978
0.5363157 86.5266482
0.387313681 86.6977092
0.539283421 86.8950491
0.389700582 87.0671265
0.542286065 87.266074
0.392118029 87.4391815
0.545324206 87.6397551
0.394566544 87.8139066
0.548398429 88.0161251
0.39704666 88.1913345
0.551509336 88.3952171
0.399558924 88.5714989
0.554657539 88.7770649
0.402103894 88.9544337
0.557843668 89.1617029
0.404682143 89.3401735
0.561068364 89.549166
0.40729426 89.7287536
0.564332288 89.9394898
0.409940846 90.1202097
0.567636118 90.3327103
0.412622524 90.5145783
0.570980552 90.7288644
0.415339937 90.9118965
0.574366311 91.1279896
0.418093752 91.3122021
0.577794148 91.530124
0.420884668 91.7155334
0.581264854 91.9353064
0.423713431 92.1219298
0.584779275 92.3435765
0.426580857 92.5314311
0.588338352 92.7549747
0.429487881 92.9440783
0.591943188 93.1695423
0.432435669 93.3599131
0.595595226 93.5873218
0.435425899 93.7789785
0.599296709 94.0083569
0.438461559 94.2013194
0.603052126 94.4326936
0.441549687 94.6269826
0.606873625 94.8603798
0.444712496 95.0560152
0.610802711 95.2914514
0.448014703 95.4884054
0.614855384 95.7257857
0.4512425 95.9240122
0.618659739 96.1635582
0.454332915 96.3633266
0.622558171 96.6050587
0.457575848 96.8062616
0.626585759 97.050143
0.460917363 97.2527885
0.63071264 97.4988483
0.464364364 97.7029581
0.634984572 97.9512065
0.467985391 98.156721
0.639350678 98.4070344
0.471423949 98.613986
0.643424018 98.8666995
0.474791544 99.0753259
0.647652266 99.3303794
0.478327264 99.540566
0.652014494 99.79794
0.481965357 100.009703
0.656479938 100.269432
0.485710083 100.482799
0.66108915 100.744904
0.489636103 100.959838
0.665850917 101.224198
0.493457636 101.440652
0.670298633 101.707557
0.49711839 101.925862
0.674871207 102.195327
0.500968502 102.415348
0.679600269 102.687328
0.504934413 102.909077
0.684439764 103.183609
0.509006082 103.407117
0.689412993 103.684239
0.513247183 103.909514
0.694613124 104.189162
0.517613727 104.416036
0.699607624 104.698235
0.521587713 104.927114
0.704490908 105.212198
0.525737048 105.443013
0.709593895 105.730838
0.530041845 105.963545
0.714821079 106.254134
0.534441661 106.488766
0.720141405 106.782163
0.538920764 107.018754
0.725546938 107.315001
0.543475092 107.553585
0.731035912 107.852726
0.548103989 108.093337
0.736608557 108.395412
0.552808024 108.638085
0.742265892 108.94314
0.557588287 109.187908
0.748009303 109.495986
0.562446134 109.742886
0.753840376 110.054033
0.567383072 110.3031
0.759760829 110.61736
0.572400719 110.868631
0.765772473 111.186053
0.577500769 111.439566
0.771877198 111.760195
0.582684991 112.015988
0.778076961 112.339875
0.587955212 112.597987
0.784373786 112.925181
0.593313324 113.185653
0.790769761 113.516203
0.598761276 113.779076
0.797267037 114.113036
0.604301077 114.378351
0.803867826 114.715773
0.609934797 114.983573
0.810574409 115.324511
0.615664566 115.594841
0.817389129 115.939351
0.621492579 116.212254
0.824314401 116.560392
0.627421093 116.835916
0.831352707 117.187739
0.633452435 117.46593
0.838506603 117.821498
0.639588998 118.102405
0.845778718 118.461778
0.645833247 118.745449
0.853171759 119.108688
0.652187722 119.395175
0.860688513 119.762344
0.658655037 120.051697
0.868331849 120.42286
0.665237885 120.715134
0.87610472 121.090357
0.671939042 121.385604
0.884010168 121.764955
0.678761367 122.063233
0.892051328 122.44678
0.685707807 122.748145
0.900231427 123.13596
0.692781399 123.440469
0.908553793 123.832624
0.699985275 124.140338
0.917021853 124.536907
0.707322665 124.847888
0.925639142 125.248946
0.714796898 125.563257
0.934409302 125.968882
0.722411411 126.286587
0.943336091 126.696858
0.730169748 127.018023
0.952423383 127.433023
0.738075566 127.757717
0.961675175 128.177528
0.74613264 128.505819
0.971095591 128.930528
0.754344869 129.262489
0.980688888 129.692182
0.762716276 130.027886
0.990459459 130.462654
0.771251018 130.802175
1.00041184 131.24211
0.779953388 131.585527
1.01055071 132.030723
0.788827822 132.378115
1.02088091 132.82867
0.797878904 133.180118
1.03140744 133.636129
0.807111373 133.991718
1.04213546 134.453289
0.816530127 134.813104
1.05307031 135.280338
0.826140234 135.644468
1.06421751 136.117474
0.835946933 136.48601
1.07558276 136.964897
0.845955646 137.337932
1.08717196 137.822813
0.856171985 138.200443
1.09899122 138.691436
0.866601756 139.07376
1.11104685 139.570982
0.877250972 139.958102
1.12334539 140.461676
0.888125861 140.853697
1.1358936 141.36375
0.899232872 141.760778
1.14869851 142.277438
0.910578688 142.679586
1.16176736 143.202986
0.922170235 143.610367
1.17510767 144.140645
0.934014694 144.553376
1.18872725 145.090671
0.946119509 145.508873
1.20263417 146.053331
0.958492402 146.477129
1.2168368 147.028897
0.971141384 147.458419
1.23134384 148.017651
0.98407477 148.45303
1.24616429 149.019884
0.99730119 149.461255
1.26130752 150.035892
1.0108296 150.483396
1.27678323 151.065984
1.02466932 151.519766
1.2926015 152.110477
1.03883001 152.570686
1.3087728 153.169696
1.05332172 153.636487
1.32530802 154.243979
1.0681549 154.717511
1.34221845 155.333673
1.08334041 155.81411
1.35951585 156.439135
1.09888955 156.926647
1.37721245 157.560736
1.11481409 158.055498
1.39532096 158.698857
1.13112626 159.201049
1.4138546 159.85389
1.1478388 160.3637
1.43282715 161.026244
1.164965 161.543864
1.45225296 162.216337
1.18251867 162.741968
1.47214695 163.424603
1.20051424 163.95845
1.49252468 164.65149
1.21896673 165.193768
1.51340239 165.897461
1.23789182 166.448391
1.53479699 167.162996
1.25730586 167.722807
1.55672611 168.44859
1.27722593 169.017517
1.57920819 169.754755
1.29766984 170.333045
1.60226242 171.082021
1.31865622 171.669928
1.62590889 172.430938
1.34020452 173.028725
1.65016856 173.802074
1.36233508 174.410014
1.67506334 175.196019
1.38506916 175.814394
1.70061615 176.613382
1.40842903 177.242487
1.72685094 178.054796
1.43243796 178.694935
1.75379279 179.520917
1.45712034 180.172405
1.78146796 181.012425
1.48250172 181.675592
1.80990392 182.530027
1.50860887 183.205212
1.83912948 184.074454
1.53546985 184.762013
1.86917484 185.646468
1.56311411 186.346768
1.90007165 187.246859
1.59157254 187.960283
1.93185314 188.876448
1.62087758 189.603394
1.96455417 190.536088
1.6510633 191.276971
1.99821138 192.226668
1.68216552 192.981919
2.03286323 193.949111
1.71422188 194.719179
2.06855018 195.704377
1.74727201 196.48973
2.10531478 197.493468
1.78135759 198.294594
2.14320181 199.317425
1.81652254 200.134833
2.18225841 201.177336
1.85281312 202.011555
2.22253426 203.074332
1.89027812 203.925916
2.26408172 205.009593
1.928969 205.879122
2.30695601 206.984354
1.96894006 207.872431
2.35121541 208.9999
2.01024869 209.907155
2.39692148 211.057574
2.05295549 211.984669
2.44413924 213.158782
2.09712457 214.106406
2.49293745 215.30499
2.14282378 216.273867
2.54338885 217.497736
2.19012492 218.488622
2.59557046 219.738625
2.23910409 220.752313
2.64956387 222.029342
2.28984198 223.066663
2.70545557 224.371649
2.34242418 225.433476
2.76333733 226.767395
2.39694159 227.854643
2.82330655 229.218518
2.45349077 230.332148
2.88546675 231.727055
2.51217441 232.868077
2.94992797 234.295142
2.57310178 235.464618
3.01680732 236.925025
2.63638927 238.124073
3.08622951 239.619066
2.70216092 240.848862
3.15832746 242.379749
2.77054905 243.641532
3.23324294 245.209691
2.84169495 246.504767
3.31112736 248.111648
2.9157496 249.441397
3.39214247 251.088527
2.99287447 252.454403
3.47646129 254.143395
3.07324245 255.546936
3.56426908 257.279491
3.1570388 258.722322
3.65576436 260.500235
3.24446224 261.984077
3.75116006 263.809249
3.33572617 265.335922
3.85068488 267.210362
3.43105995 268.781798
3.95458462 270.707633
3.53071039 272.325881
4.06312383 274.305365
3.63494336 275.972598
4.17658749 278.008124
3.74404559 279.726654
4.29528303 281.820761
3.8583267 283.593046
4.4195424 285.748431
3.9781214 287.57709
4.54972455 289.796624
4.10379198 291.684445
4.6862181 293.971185
4.23573113 295.921146
4.82944432 298.27835
4.37436505 300.293629
4.97986053 302.724775
4.52015692 304.808772
5.13796391 307.317574
4.67361089 309.473929
5.30429572 312.06436
4.8352765 314.296972
5.47944613 316.973287
5.00575371 319.286342
5.6640597 322.053104
5.18569857 324.451099
5.85884147 327.313205
5.37582967 329.800979
6.06456401 332.763695
5.57693548 335.346461
6.28207539 338.415457
5.78988273 341.098838
6.51230826 344.280226
6.01562592 347.0703
6.75629025 350.370681
6.25521837 353.274025
7.01515595 356.700536
6.50982472 359.724279
7.29016065 363.284654
6.78073556 366.436537
7.58269623 370.139168
7.0693842 373.42761
7.89430952 377.281621
7.37736618 380.715798
8.22672373 384.731125
7.70646202 388.321056
8.58186331 392.508544
8.05866375 396.265188
8.9618832 400.636698
8.43620609 404.572072
9.36920303 409.140602
8.84160312 413.26791
9.80654763 418.04774
9.2776917 422.381525
10.2769949 427.388378
9.74768297 431.944698
10.7840328 437.195932
10.2552239 441.992563
11.3316276 447.507391
10.8044709 452.564065
11.9243059 458.363815
11.4001791 463.702499
12.5672533 469.810919
12.0478097 475.456146
13.2664351 481.899757
12.7536614 487.879014
14.0287432 494.68754
13.5250319 501.031733
14.8621771 508.238607
14.3704168 514.982612
15.7760681 522.625583
15.2997572 529.808918
16.7813591 537.930786
16.3247502 545.598418
17.890957 554.247923
17.4592411 562.451257
19.120179 571.684169
18.7197242 580.48226
20.4873251 590.362724
20.1259864 599.82378
22.0144185 610.425988
21.701946 620.62925
23.7281735 632.039533
23.4767555 643.077643
25.6612772 655.397126
25.486272 667.379147
27.8541078 680.727153
27.7750433 693.782464
30.3570731 708.300914
30.3990326 722.584288
33.233842 738.443486
33.4294188 754.141813
36.5658925 771.54815
36.9579982 788.889472
40.4590383 808.095851
41.1050246 827.361694
45.0530071 848.681905
46.0308617 870.224475
50.5358556 894.053406
51.9537718 918.320043
57.1662964 945.162774
59.1779252 972.731629
65.3094389 1003.2464
68.1390904 1034.87993
75.4962369 1069.94357
79.4823193 1106.67134
88.5268959 1147.48228
94.2006167 1190.73401
105.660548 1238.98105
113.897254 1290.8094
128.986023 1348.96094
141.317993 1412.43295
162.20499 1484.25778
181.527961 1564.17883
212.452678 1655.7329
244.809203 1760.04987
295.074271 1881.60945
354.835779 2024.14007
448.232916 2193.69897
576.047984 2398.00407
786.656651 2641.6267
1123.21777 2922.35773
1718.6322 3170.11812
2674.0119 3119.96042
3651.77458 2192.05115
3514.84002 734.38585
2522.88208 98.0536899
1737.04615 234.318788
1320.20226 610.841982
1142.9519 1030.89271
1130.09528 1468.42093
1247.27506 1928.48389
1539.56153 2438.43463
2075.23755 2997.41927
3080.96848 3535.15267
4812.84127 3659.15727
7067.05466 2224.06137
7535.16784 -1040.72096
5526.57517 -3190.85885
3536.8361 -3379.44068
2340.0008 -2904.88462
1694.99434 -2322.49383
1346.8343 -1790.5598
1195.89127 -1299.72576
1185.15967 -840.79153
1338.01285 -391.145631
1719.14082 33.8507517
2471.72775 295.737923
3610.36582 -88.469709
4217.55037 -1583.43259
3385.39569 -2984.40685
2199.26871 -3285.96068
1415.04027 -3074.58841
963.386707 -2759.97869
693.983976 -2483.9447
527.596916 -2244.15017
414.000349 -2053.03066
337.956739 -1886.83809
279.355086 -1752.55369
238.653106 -1632.02498
203.840292 -1532.81416
179.600736 -1441.12578
156.773555 -1364.58818
141.237686 -1292.13085
125.162855 -1231.05819
114.675391 -1172.08461
102.736331 -1122.05612
95.3877807 -1072.93661
86.1499228 -1031.09614
80.8600535 -989.424096
73.4779585 -953.841523
69.5960787 -917.954243
63.5418456 -887.275085
60.6557455 -855.983511
55.5838435 -829.226673
53.42142 -801.655514
49.0966847 -778.091154
47.4720894 -753.580116
43.7291365 -732.652852
42.5117479 -710.693306
39.230978 -691.972215
38.3267325 -672.16525
35.4195567 -655.310303
34.7592906 -637.338115
32.1587091 -622.077034
31.6906432 -605.682948
29.34505 -591.794871
29.0298064 -576.769051
26.898807 -564.072758
26.7060238 -550.241807
24.7575426 -538.587076
24.663523 -525.806317
22.8717609 -515.067476
22.8578099 -503.215145
21.2017752 -493.286184
21.2530014 -482.258994
19.7154339 -473.049815
19.8198734 -462.759521
18.3864456 -454.193022
18.5344124 -444.563738
17.1931274 -436.573524
17.3767249 -427.539602
16.1174569 -420.068166
16.3302076 -411.572498
15.1443468 -404.569768
15.3809074 -396.562422
14.2610835 -389.984581
14.5170238 -382.421694
13.4568881 -376.230225
13.7285185 -369.073092
12.7225697 -363.233993
13.0068049 -356.448322
12.0502507 -350.931454
12.3445013 -344.486749
11.4331455 -339.265299
11.7352313 -333.134336
10.8653823 -328.184368
11.1734624 -322.342767
10.341858 -317.642839
10.6543745 -312.068695
9.85811999 -307.599542
10.1737512 -302.273114
9.41026806 -298.017376
9.72789108 -292.920825
8.99487374 -288.862814
9.31353316 -283.979973
8.608913 -280.105475
8.92779506 -275.421657
8.24971001 -271.717762
8.56812114 -267.219593
7.91488982 -263.674546
8.23223872 -259.349815
7.6023385 -255.95289
7.91812113 -251.790429
7.31016927 -248.531816
7.62395623 -244.521385
7.03669374 -241.392092
7.34811959 -237.524287
6.78039732 -234.516059
7.08915154 -230.782221
6.5399181 -227.887463
6.84573745 -224.27961
6.31402874 -221.49132
6.61669073 -218.002079
6.10162079 -215.313793
6.40093807 -211.93634
5.90169115 -209.342079
6.19750674 -206.070089
5.71333024 -203.564314
6.00551345 -200.391917
5.53571181 -197.969487
5.82415469 -194.891224
5.36808392 -192.547361
5.65269822 -189.558149
5.20976111 -187.288407
5.49047564 -184.383505
5.0601175 -182.183738
5.33687587 -179.358721
4.91858075 -177.22506
5.19133938 -174.475787
4.78462666 -172.404615
5.05335308 -169.727211
4.65777449 -167.715142
4.92244582 -165.105973
4.53758272 -163.149833
4.7981844 -160.605487
4.42364537 -158.702297
4.68017 -156.219567
4.31558864 -154.36653
4.56803499 -151.942397
4.213068 -150.136878
4.46144017 -147.768499
4.11576552 -146.008018
4.36007214 -143.692708
4.02338752 -141.974924
4.26364111 -139.710151
3.93566248 -138.032854
4.17187886 -135.816221
3.85233911 -134.17732
4.08453688 -132.006558
3.77318464 -130.404076
4.00138473 -128.277036
3.69798332 -126.709096
3.9222086 -124.623737
3.62653501 -123.088561
3.84680992 -121.042944
3.55865391 -119.53884
3.7750042 -117.531124
3.49416747 -116.056483
3.70661988 -114.084913
3.43291536 -112.638202
3.64149741 -110.701106
3.37474851 -109.280864
3.57948828 -107.376646
3.31952832 -105.981478
3.52045424 -104.108614
3.26712583 -102.737185
3.46426658 -100.894217
3.2174211 -99.5452509
3.41080542 -97.7307816
3.17030252 -96.4030549
3.3599591 -94.6157466
3.12566629 -93.3080842
3.31162364 -91.5466522
3.08341585 -90.2579253
3.26570222 -88.5211352
3.04346142 -87.2502575
3.22210473 -85.5369214
3.0057196 -84.2828461
3.18074732 -82.5918197
2.9701129 -81.3535367
3.14155203 -79.6837162
2.93656948 -78.4602493
3.10444646 -76.8105685
2.90502273 -75.6009729
3.06936343 -73.9704006
2.87541104 -72.7737608
3.03624066 -71.1612984
2.84767748 -69.9767252
3.00502056 -68.3814042
2.8217696 -67.2080336
2.97564998 -65.6289132
2.79763917 -64.4659036
2.94807994 -62.9020689
2.775242 -61.7485993
2.92226549 -60.1991591
2.75453776 -59.0544276
2.89816551 -57.5185122
2.73548979 -56.3817339
2.87574257 -54.8584938
2.71806499 -53.7288992
2.85496274 -52.2175029
2.70223367 -51.0943362
2.83579553 -49.5939685
2.68796946 -48.4764861
2.8182137 -46.9863467
2.67524916 -45.8738158
2.80219326 -44.3931173
2.66405271 -43.2848142
2.78771328 -41.8127808
2.6543631 -40.7079895
2.77475591 -39.2438555
2.6461663 -38.1418662
2.76330628 -36.6848745
2.63945121 -35.5849823
2.75335246 -34.1343826
2.63420966 -33.0358863
2.74488542 -31.5909341
2.63043635 -30.4931343
2.73789904 -29.0530893
2.62812886 -27.9552875
2.73239006 -26.5194118
2.62728764 -25.4209089
2.72835811 -23.9884663
2.62791604 -22.888561
2.72580575 -21.4588149
2.63002034 -20.3568026
2.72473842 -18.9290149
2.63360975 -17.8241862
2.72516456 -16.3976158
2.6386965 -15.2892548
2.72709563 -13.863156
2.64529589 -12.7505394
2.73054618 -11.3241604
2.65342638 -10.2065553
2.7355339 -8.77913682
2.66310967 -7.65579973
2.7420798 -6.22657322
2.67437079 -5.09674817
2.75020821 -3.66493423
2.68723828 -2.5278512
2.759947 -1.09265786
2.70174427 0.0524689723
2.77132766 1.491848
2.71792466 2.64582206
2.78438551 4.09020924
2.73581934 5.25385344
2.79915985 6.70408936
2.75547231 7.8782481
2.81569417 9.33519352
2.77693197 10.5207347
2.83403641 11.9852727
2.80025134 13.1830901
2.85423916 14.6561282
2.82548833 15.8671437
2.87635999 17.3496165
2.85270606 18.5747825
2.90046172 20.0676539
2.88197319 21.3079561
2.9266128 22.8122225
2.91336427 24.0686825
2.95488768 25.5853752
2.9469602 26.859054
2.98536721 28.3892424
2.98284862 29.6812429
3.01813914 31.2260381
3.02112447 32.5375092
3.05329862 34.0980671
3.06189052 35.4302073
3.09094877 37.0077328
3.10525797 38.3617937
3.13120131 39.9575447
3.15134714 41.3348362
3.17417728 42.950128
3.20028824 44.3520222
3.22000778 45.9882323
3.25222219 47.4161692
3.26883485 49.0747428
3.30730151 50.5302354
3.32081245 52.2126907
3.36569142 53.6973311
3.37610749 55.405266
3.42757092 56.9207321
3.43490101 58.6558304
3.4931341 60.203893
3.49738956 61.9679321
3.56259155 63.5504626
3.56378659 65.3453217
3.63617194 66.9643008
3.63432417 68.7919696
3.71412381 70.4494965
3.70925481 72.3120849
3.79671756 74.0103879
3.78885355 75.9101369
3.88424768 77.6515846
3.87342027 79.590878
3.9770353 81.377992
3.96328236 83.3593697
4.07543097 85.1948382
4.05879766 87.2210105
4.17981794 89.107704
4.16035784 91.1815679
4.29061575 93.1225562
4.26839221 95.2472131
4.40828435 97.2457843
4.38337203 99.42456
4.53332884 101.484242
4.50581552 103.720709
4.6663048 105.845292
4.63629342 108.143295
4.80782441 110.33686
4.77543551 112.700542
4.95856346 114.967489
4.92393802 117.401327
5.1192695 119.746409
5.08257223 122.255243
5.29077109 124.683605
5.25219429 127.272685
5.47398862 129.789905
5.43375678 132.464933
5.66994688 135.077071
5.62832203 137.844252
5.87978961 140.557908
5.83707771 143.424012
6.10479663 146.246385
6.06135514 149.218813
6.34640388 152.157777
6.30265081 155.24464
6.60622711 158.308827
6.5626518 161.519032
6.88608987 164.717927
6.84326606 168.061288
7.18805689 171.405339
7.14665836 174.89269
7.51447392 178.393443
7.47529358 182.036783
7.86801561 185.707027
7.83198879 189.519685
8.25174343 193.373635
8.21997633 197.370461
8.66917604 201.423964
8.64298094 205.621561
9.12437529 209.892348
9.1053142 214.309344
9.62205227 218.817324
9.61199147 223.4747
10.1676987 228.242315
10.1688774 233.163796
10.7677511 238.216453
10.7828688 243.428987
11.4297982 248.795576
11.4621257 254.329914
12.1628439 260.043447
12.2163678 265.934859
12.9776456 272.03326
13.0572561 278.322421
13.8871538 284.849504
13.9988927 291.58361
14.9070884 298.590312
15.0584803 305.824476
16.0567069 313.370428
16.2572077 321.169482
17.3598404 329.325015
17.6214541 337.76583
18.8463145 346.614602
19.1844545 355.789137
20.5539327 365.43159
20.9886492 375.450945
22.5312987 386.008948
23.0890637 397.008856
24.8419249 408.632044
25.5582919 420.780448
27.5703648 433.655055
28.4940416 447.162782
30.8316347 461.52424
32.0309197 476.660425
34.7861793 492.811784
36.3595125 509.926773
39.6645811 528.266504
41.7585953 547.826972
45.8102528 568.892342
48.6522623 591.537202
53.7572851 616.074745
57.717411 642.707981
64.3818948 671.793297
70.1009248 703.745797
79.2212589 738.997832
87.8987161 778.324662
101.213672 822.309309
115.334643 872.36236
136.641857 929.378618
162.093492 995.911632
201.097025 1073.39628
254.532919 1166.07406
341.539063 1274.5321
480.707185 1398.50305
724.659482 1506.16756
1109.64754 1485.64736
1473.65768 1114.07538
1385.2343 581.584077
1004.45796 391.574056
721.368043 485.221043
581.528291 666.42477
534.476393 867.789182
557.033028 1082.68613
639.831841 1316.48745
811.35106 1579.83152
1113.81322 1873.03704
1668.15742 2146.5326
2605.53343 2173.30422
3730.27356 1346.36842
3848.91832 -297.283526
2813.54994 -1281.67305
1839.21163 -1321.38092
1263.58387 -1035.90973
966.44194 -697.760306
827.296334 -372.060882
800.126525 -57.6470998
872.215247 259.831164
1072.05129 586.563208
1481.10321 904.790163
2228.0512 1064.06036
3296.78964 588.740869
3760.36938 -857.025403
2950.6776 -2074.17727
1913.67954 -2309.0956
1244.67732 -2111.05513
870.157362 -1827.27673
658.010459 -1568.93755
544.368008 -1336.61584
491.284933 -1132.53667
497.464852 -941.149469
569.111291 -766.268072
746.172693 -630.968992
1044.82228 -651.100719
1272.38402 -989.983943
1099.52378 -1406.03238
745.384933 -1523.6095
490.230639 -1456.10985
340.511136 -1345.19698
251.027835 -1244.30149
195.424493 -1154.62847
157.213349 -1081.59699
131.368762 -1016.59646
111.130848 -963.138508
96.9557365 -913.991803
84.5181465 -872.98041
75.8501701 -834.160901
67.3906592 -801.441045
61.6936784 -769.723539
55.514927 -742.831223
51.583397 -716.244737
46.8302453 -693.636023
44.0254009 -670.907175
40.2234406 -651.561794
38.1775006 -631.82643
35.0430937 -615.038978
33.5301161 -597.68611
30.8833216 -582.95029
29.7571631 -567.53307
27.4782348 -554.474084
26.6403503 -540.656424
24.6464169 -528.989594
24.0280499 -516.512728
22.2598618 -506.017105
21.8116589 -494.67782
20.2256778 -485.17874
19.9113576 -474.814737
18.474834 -466.171935
18.267177 -456.65169
16.9549762 -448.750976
16.833202 -439.966546
15.6256926 -432.713843
15.5736949 -424.575644
14.4553066 -417.892624
14.4604355 -410.325575
13.41865 -404.146409
13.4708539 -397.087026
12.4954841 -391.355923
12.5866937 -384.750105
11.6693587 -379.419427
11.7930362 -373.220736
10.9267734 -368.249524
11.0775781 -362.417843
10.2565514 -357.770662
10.4300885 -352.27113
9.64936621 -347.91715
9.84199503 -342.719304
9.09737856 -338.631562
9.30606523 -333.708656
8.5939556 -329.863455
8.81615802 -325.191891
8.13345076 -321.568312
8.36702844 -317.127187
7.7110299 -313.706688
7.95417245 -309.477407
7.32253273 -306.243489
7.57370272 -302.209452
6.96436139 -299.14738
7.22224842 -295.293715
6.63339028 -292.390286
6.89687374 -288.703627
6.32689257 -285.946973
6.59501123 -282.415271
6.04247976 -279.794692
6.31440693 -276.407051
5.77805196 -273.912874
6.05307489 -270.659418
5.53175646 -268.282874
5.80925936 -265.154625
5.30195323 -262.887744
5.58140304 -259.876524
5.08718592 -257.712048
5.3681205 -254.810386
4.88615749 -252.741689
5.16817559 -249.942748
4.69770948 -247.963766
4.98046235 -245.261277
4.52080445 -243.366452
4.80398873 -240.754653
4.354511 -238.938877
4.63786262 -236.412463
4.19799087 -234.671039
4.48127993 -232.225117
4.0504879 -230.553712
4.3335142 -228.183759
3.91131847 -226.578374
4.19390778 -224.280207
3.77986326 -222.737139
4.06186399 -220.506878
3.65556006 -219.022701
3.93684049 -216.856746
3.5378975 -215.428279
3.81834333 -213.323279
3.42640961 -211.947567
3.70592184 -209.900405
3.32067106 -208.574698
3.59916415 -206.582468
3.22029287 -205.304204
3.49769316 -203.364191
3.12491883 -202.130981
3.4011631 -200.240648
3.03422212 -199.050261
3.30925644 -197.207233
2.94790251 -196.05758
3.22168108 -194.259634
2.86568374 -193.148762
3.13816802 -191.393809
2.78731128 -190.319886
3.05846912 -188.605966
2.71255027 -187.567275
2.98235521 -185.892545
2.64118374 -184.887471
2.90961437 -183.250198
2.57301101 -182.277223
2.84005034 -180.675772
2.50784618 -179.733469
2.77348121 -178.166299
2.44551689 -177.253323
2.70973814 -175.71898
2.38586312 -174.834062
2.64866423 -173.331173
2.32873618 -172.473115
2.59011356 -171.00038
2.27399772 -170.168053
2.53395022 -168.724242
2.22151887 -167.916577
2.48004755 -166.500525
2.17117952 -165.71651
2.42828736 -164.327113
2.12286757 -163.565792
2.37855927 -162.202002
2.07647832 -161.462467
2.3307601 -160.123289
2.03191388 -159.404679
2.28479328 -158.089168
1.98908265 -157.390666
2.24056841 -156.097923
1.94789883 -155.418754
2.19800075 -154.147922
1.90828202 -153.487349
2.15701079 -152.237615
1.87015677 -151.594936
2.11752391 -150.365521
1.83345227 -149.74007
2.07946999 -148.530234
1.79810197 -147.921375
2.0427831 -146.730411
1.76404331 -146.137539
2.00740122 -144.96477
1.73121741 -144.387307
1.97326593 -143.23209
1.69956884 -142.669484
1.94032221 -141.5312
1.66904536 -140.982926
1.90851815 -139.860985
1.63959775 -139.32654
1.87780482 -138.220377
1.61117953 -137.69928
1.84813599 -136.608352
1.58374685 -136.100145
1.819468 -135.023932
1.55725828 -134.528174
1.79175959 -133.466178
1.53167466 -132.982448
1.76497174 -131.934191
1.50695897 -131.462085
1.73906753 -130.427108
1.48307618 -129.96624
1.714012 -128.944099
1.45999312 -128.494098
1.68977203 -127.484371
1.43767838 -127.044879
1.66631625 -126.047156
1.4161022 -125.617833
1.64361492 -124.631721
1.39523636 -124.212238
1.6216398 -123.237358
1.3750541 -122.827399
1.60036413 -121.863385
1.35553004 -121.462647
1.57976249 -120.509147
1.33664007 -120.117337
1.55981073 -119.174012
1.3183613 -118.790849
1.54048592 -117.85737
1.300672 -117.482583
1.52176626 -116.558634
1.28355152 -116.191961
1.50363104 -115.277235
1.26698021 -114.918425
1.48606054 -114.012626
1.25093941 -113.661436
1.46903602 -112.764277
1.23541136 -112.420472
1.45253965 -111.531675
1.22037918 -111.195029
1.43655446 -110.314326
1.20582679 -109.984621
1.42106428 -109.111751
1.19173891 -108.788774
1.40605373 -107.923484
1.17810096 -107.607031
1.39150817 -106.749076
1.1648991 -106.43895
1.37741365 -105.588091
1.15212012 -105.284099
1.36375687 -104.440105
1.13975147 -104.142062
1.3505252 -103.304709
1.12778118 -103.012435
1.33770657 -102.181502
1.11619785 -101.894823
1.3252895 -101.070099
1.10499065 -100.788845
1.31326307 -99.9701211
1.09414925 -99.6941279
1.30161685 -98.881203
1.08366381 -98.6103109
1.29034093 -97.8029875
1.07352498 -97.5370415
1.27942587 -96.7351273
1.06372385 -96.4739764
1.26886269 -95.6772837
1.05425195 -95.4207811
1.25864284 -94.6291264
1.04510123 -94.3771292
1.24875818 -93.5903332
1.03626402 -93.3427022
1.23920099 -92.5605895
1.02773304 -92.3171888
1.22996392 -91.5395877
1.01950139 -91.3002851
1.22104 -90.5270274
1.01156251 -90.2916936
1.21242261 -89.5226144
1.00391018 -89.2911233
1.20410546 -88.526061
0.996538495 -88.2982892
1.19608262 -87.537085
0.98944189 -87.3129119
1.18834846 -86.5554099
0.982615088 -86.3347177
1.18089766 -85.5807646
0.97605311 -85.3634375
1.17372519 -84.6128826
0.969751263 -84.3988076
1.16682634 -83.6515025
0.963705128 -83.4405683
1.16019666 -82.6963668
0.957910558 -82.4884646
1.15383196 -81.7472224
0.952363664 -81.5422452
1.14772834 -80.8038202
0.947060811 -80.6016627
1.14188215 -79.8659144
0.941998613 -79.6664732
1.13628999 -78.9332627
0.937173926 -78.7364359
1.13094871 -78.005626
0.932583842 -77.8113132
1.12585541 -77.0827679
0.928225685 -76.8908703
1.1210074 -76.164455
0.924097007 -75.9748748
1.11640227 -75.250456
0.920195584 -75.0630967
1.11203779 -74.3405419
0.916519412 -74.1553081
1.10791199 -73.4344858
0.913066706 -73.2512832
1.10402312 -72.5320625
0.909835896 -72.3507975
1.10036963 -71.6330484
0.906825624 -71.4536283
1.09695022 -70.7372212
0.904034747 -70.559554
1.09376379 -69.8443597
0.901462329 -69.668354
1.09080946 -68.9542437
0.899107647 -68.7798088
1.08808657 -68.0666539
0.896970188 -67.8936993
1.08559468 -67.1813711
0.895049648 -67.0098067
1.08333357 -66.2981768
0.893345933 -66.1279128
1.08130323 -65.4168524
0.891859165 -65.247799
1.07950387 -64.5371792
0.890589674 -64.3692469
1.07793593 -63.6589382
0.88953801 -63.4920372
1.07660007 -62.7819098
0.888704938 -62.6159504
1.07549719 -61.9058738
0.888091447 -61.740766
1.07462838 -61.0306089
0.887698747 -60.8662622
1.07399502 -60.1558926
0.887528279 -59.9922163
1.07359869 -59.2815009
0.887581716 -59.1184037
1.07344122 -58.4072084
0.887860968 -58.2445983
1.07352471 -57.5327875
0.888368189 -57.3705719
1.07385147 -56.6580087
0.889105784 -56.496094
1.07442412 -55.78264
0.890076411 -55.6209317
1.07524553 -54.9064467
0.891282996 -54.7448494
1.07631883 -54.0291914
0.892728735 -53.8676082
1.07764746 -53.1506333
0.894417103 -52.9889663
1.07923514 -52.2705283
0.896351869 -52.108678
1.08108591 -51.3886286
0.8985371 -51.2264939
1.08320411 -50.5046821
0.900977177 -50.3421604
1.08559441 -49.6184327
0.903676805 -49.4554193
1.08826184 -48.7296194
0.906641025 -48.5660079
1.09121175 -47.8379762
0.909875231 -47.673658
1.0944499 -46.9432319
0.913385184 -46.778096
1.09798241 -46.0451096
0.917177029 -45.8790425
1.10181582 -45.1433259
0.921257311 -44.9762117
1.10595708 -44.2375915
0.925632998 -44.0693114
1.11041359 -43.3276097
0.9303115 -43.1580418
1.11519322 -42.4130767
0.935300693 -42.2420961
1.12030433 -41.4936809
0.940608946 -41.3211591
1.12575581 -40.5691023
0.946245153 -40.3949072
1.13155709 -39.639012
0.952218768 -39.4630078
1.13771821 -38.7030719
0.958539858 -38.5251186
1.14424988 -37.7609339
0.96521918 -37.580887
1.15116356 -36.8122393
0.97226832 -36.6299496
1.15847168 -35.8566178
0.979700008 -35.671931
1.16618816 -34.8936871
0.987528998 -34.7064431
1.17432999 -33.9230511
0.995775149 -33.7330838
1.18292344 -32.9443002
1.004476 -32.7514416
1.19202568 -31.9570348
1.01369051 -31.7611764
1.20158424 -30.9609843
1.0231673 -30.7618923
1.21140766 -29.9554316
1.03306914 -29.7528191
1.22180189 -28.9398954
1.04352412 -28.7336454
1.23275195 -27.9139968
1.05450503 -27.7039079
1.24425115 -26.8772348
1.06601805 -26.6630911
1.25631341 -25.8290821
1.07808051 -25.6106593
1.26895911 -24.7689916
1.09071392 -24.5460561
1.28221187 -23.696394
1.10394268 -23.4687021
1.29609826 -22.6106964
1.1177946 -22.377993
1.31064949 -21.5112792
1.13230442 -21.2732972
1.32590848 -20.3974954
1.14752813 -20.1539584
1.34195555 -19.2686914
1.16356022 -19.0193739
1.35880823 -18.1243517
1.18019232 -17.8689962
1.37613234 -16.9636025
1.1973765 -16.7016361
1.39428796 -15.7853932
1.21547917 -15.5166115
1.41338641 -14.5891385
1.23447668 -14.3132148
1.43341053 -13.3740235
1.25437822 -13.0905863
1.45438762 -12.1391593
1.27521935 -11.8478179
1.47635994 -10.8836139
1.29704492 -10.5839578
1.49937645 -9.60640949
1.31990516 -9.29800638
1.52349102 -8.30651804
1.34385504 -7.98891216
1.54876256 -6.98285754
1.36895508 -6.6555675
1.57525687 -5.63428755
1.39527512 -5.29680478
1.60305422 -4.25960776
1.42290762 -3.91140546
1.63225498 -2.85759992
1.45189252 -2.49817151
1.66277812 -1.42696771
1.48216537 -1.05558032
1.69477847 0.033906593
1.51399107 0.417845238
1.72842471 1.52642166
1.54744266 1.92357157
1.76378318 3.05214354
1.58259997 3.46322567
1.80094808 4.61275699
1.6195632 5.03853862
1.84002828 6.21005054
1.65844433 6.6513482
1.88114341 7.84592401
1.69936556 8.30360781
1.92442361 9.52239796
1.74245969 9.99739619
1.97001014 11.2416239
1.78787091 11.7349282
2.01805635 13.0058956
1.83575587 13.5185662
2.06872894 14.817661
1.88628497 15.3508334
2.12220926 16.6795362
1.93964379 17.2344273
2.1786949 18.5943198
1.99603472 19.172236
2.23840147 20.5650101
2.05567881 21.167355
2.30156453 22.5948227
2.11881787 23.2231068
2.36844193 24.6872113
2.18571682 25.3430622
2.43931629 26.8458904
2.2566664 27.5310643
2.51449798 29.0748604
2.33198625 29.791255
2.59432841 31.3784361
2.41202837 32.1281052
2.67918382 33.7612785
2.4971812 34.546448
2.76947964 36.2284304
2.58787414 37.051517
2.8656755 38.7853564
2.68458293 39.648988
2.96828095 41.4379887
2.78783568 42.3450281
3.07786214 44.192778
2.89821998 45.1463493
3.19504952 47.056752
3.01639113 48.0602709
3.32054681 50.0375814
3.14308166 51.0947901
3.45514143 53.1436556
3.27911252 54.2586621
3.59971675 56.3841692
3.42540619 57.5614929
3.75526646 59.7692211
3.58300213 61.013845
3.92291154 63.3099288
3.75307498 64.6273603
4.1039203 67.0185606
3.93695621 68.4149013
4.29973226 70.9086883
4.13615993 72.3907162
4.51198666 74.9953655
4.35241374 76.5706301
4.7425566 79.2953359
4.5876959 80.9722704
4.99359031 83.827277
4.84428016 85.6153305
5.26756107 88.6120884
5.12479038 90.5218818
5.56732805 93.6732319
5.43226717 95.7167443
5.89621086 99.0371367
5.77024984 101.227928
6.25808155 104.733684
6.14287782 107.08716
6.65747858 110.796789
6.55501689 113.330527
7.09974943 117.265106
7.01241751 119.999247
7.59122993 124.182883
7.52191499 127.140611
8.1394718 131.601015
8.09168439 134.809149
8.75353377 139.578332
8.73156812 143.068066
9.44435721 148.183213
9.45350092 151.991034
10.2252558 157.495602
10.2720666 161.664451
11.1125603 167.609547
11.2052357 172.190304
12.1264775 178.636458
12.2753534 183.689847
13.2922478 190.70929
13.5104815 196.308358
14.641728 203.988007
14.9462447 210.221387
16.2155845 218.666774
16.628412 225.643043
18.0663849 234.983592
18.6165649 242.837152
20.2630299 253.233347
20.9894106 262.132514
22.8972367 273.785802
23.8526357 283.944107
26.0932284 297.110839
27.3507904 308.803126
30.0225793 323.814576
31.6857425 337.400429
34.9275952 354.692196
37.1461978 370.650864
41.1593201 390.807179
44.1565415 409.791071
49.2416003 433.613515
53.360872 456.532693
59.9837225 485.150325
65.7743258 513.310702
74.6885076 548.363249
83.0706901 583.701806
95.5601113 627.657545
108.165609 673.160975
126.562311 729.894859
146.496437 790.381828
175.390899 866.279656
209.120917 949.932308
258.535095 1056.08247
321.213241 1177.50129
416.224189 1333.91461
549.349048 1519.30839
765.00742 1759.09786
1106.80319 2039.43839
1714.27645 2347.49318
2757.73444 2474.56538
4305.77764 1787.49026
5066.90044 -353.35431
3924.22937 -2208.15573
2455.90314 -2598.22916
1534.42478 -2399.14096
1008.76668 -2084.86365
702.623048 -1817.5499
513.150754 -1588.47374
389.18494 -1413.47322
305.038213 -1263.99296
244.487093 -1148.63777
200.864206 -1046.64784
167.086695 -966.596973
141.889206 -893.327086
121.169828 -835.07837
105.437934 -780.114202
91.8015331 -736.056826
81.3935955 -693.366401
71.9207318 -658.98824
64.7218266 -624.88976
57.854455 -597.377353
52.697701 -569.513295
47.5444034 -547.032655
43.745101 -523.829814
39.7664205 -505.139092
36.9021927 -485.510043
33.7562428 -469.740626
31.5555258 -452.910796
29.0171007 -439.43802
27.2991194 -424.841254
25.2149298 -413.204997
23.8557336 -400.418127
22.1184604 -390.272336
21.0308699 -378.972846
19.5635175 -370.052468
18.6848448 -359.990305
17.4309753 -352.089039
16.7152613 -343.067373
15.6327133 -336.022332
15.0456818 -327.884121
14.1024228 -321.565051
13.6181191 -314.183474
12.7894406 -308.485011
12.3879418 -301.756532
11.6545231 -296.592562
11.3203486 -290.431817
10.6668935 -285.731293
10.3878809 -280.067266
9.80214232 -275.77107
9.56864034 -270.544197
9.04071073 -266.602751
8.8449906 -261.762698
8.36677902 -258.134123
8.20259997 -253.63806
7.76744094 -250.286747
7.62972528 -246.097997
7.23208323 -242.993481
7.11667065 -239.080451
6.75191384 -236.196522
6.6553737 -232.53185
6.3195996 -229.845837
6.2390862 -226.405701
5.92898524 -223.8979
5.86212512 -220.661467
5.57487358 -218.314672
5.51967714 -215.263636
5.25285206 -213.062759
5.20764366 -210.180972
4.95915486 -208.112729
4.92251713 -205.385888
4.69055245 -203.438538
4.66128166 -200.853931
4.44426252 -199.017059
4.42133256 -196.563344
4.21787773 -194.827684
4.20041088 -192.494713
4.00930668 -190.851991
3.99654972 -188.630653
3.81672546 -187.073459
3.80803009 -184.955552
3.63853763 -183.477233
3.63334432 -181.455353
3.47334102 -180.049918
3.47116563 -178.11736
3.31990008 -176.779401
3.32032272 -174.930083
3.17712265 -173.654706
3.17977837 -171.883095
3.04404047 -170.66586
3.04861143 -168.966911
2.9197927 -167.803782
2.9260016 -166.172886
2.80361193 -165.060187
2.81121645 -163.493125
2.69481226 -162.427499
2.70360034 -160.9204
2.59277916 -159.898777
2.60256499 -158.448082
2.49696074 -157.46765
2.5075813 -156.070082
2.40686023 -155.128259
2.41817239 -153.780797
2.3220295 -152.875208
2.33390748 -151.57506
2.24206351 -150.703519
2.2543967 -149.448101
2.16659535 -148.608589
2.17928645 -147.395506
2.09529209 -146.586161
2.10825549 -145.413191
2.02785103 -144.632287
2.04101139 -143.497363
1.96399648 -142.743304
1.97728752 -141.644503
1.90347693 -140.915806
1.91684036 -139.851334
1.84606254 -139.146622
1.8594471 -138.114808
1.79154292 -137.4328
1.80490362 -136.43208
1.73972522 -135.771584
1.75302259 -134.800495
1.6904324 -134.160398
1.70363186 -133.217571
1.64350168 -132.596834
1.65657302 -131.680985
1.59878319 -131.07864
1.61170005 -130.188563
1.55613878 -129.603701
1.56887825 -128.738263
1.51544092 -128.170035
1.52798313 -127.328171
1.47657174 -126.77578
1.48889957 -125.956487
1.43942216 -125.419186
1.4515209 -124.621519
1.40389114 -124.098606
1.41574823 -123.321673
1.36988493 -122.812488
1.38148976 -122.055446
1.3373165 -121.559369
1.34866017 -120.821424
1.30610495 -120.33787
1.31718009 -119.61827
1.27617498 -119.146688
1.2869756 -118.44472
1.24745647 -117.98459
1.25797778 -117.29958
1.21988401 -116.850413
1.23012234 -116.181721
1.19339658 -115.743053
1.20334922 -115.090074
1.16793716 -114.661465
1.17760226 -114.023623
1.14345244 -113.604661
1.15282891 -112.981407
1.11989252 -112.5717
1.12897998 -111.962515
1.09721066 -111.561691
1.10600934 -110.96608
1.07536305 -110.573786
1.08387371 -109.991278
1.05430857 -109.60718
1.06253245 -109.037326
1.03400863 -108.661107
1.04194741 -108.10348
1.01442694 -107.734838
1.02208267 -107.18903
0.995529398 -106.827679
1.00290445 -106.293299
0.97728388 -105.938968
0.98438093 -105.415645
0.959660146 -105.068073
0.966482126 -104.555453
0.942629692 -104.214394
0.949179756 -103.712136
0.926165633 -103.377355
0.932447129 -102.885135
0.910242596 -102.556408
0.91625904 -102.073914
0.894836615 -101.751027
0.900591669 -101.277962
0.879925043 -100.960712
0.885422493 -100.496791
0.865486463 -100.184983
0.870730198 -99.7299318
0.851500612 -99.4233801
0.856494607 -98.9769374
0.837948301 -98.6754644
0.842696604 -98.2373785
0.824811353 -97.9408145
0.829318069 -97.510844
0.812072539 -97.2190267
0.816341818 -96.7969398
0.799715516 -96.5097138
0.803751541 -96.0952879
0.787724776 -95.8125046
0.791531753 -95.4055256
0.776085594 -95.1270425
0.779667744 -94.7273048
0.76478398 -94.4529855
0.76814553 -94.060291
0.753806638 -93.7900047
0.756951814 -93.4041629
0.743140923 -93.1377842
0.746073943 -92.7586119
0.732774805 -92.4960205
0.735499872 -92.1233409
0.72269683 -91.8644214
0.72521813 -91.4980644
0.71289609 -91.242706
0.715217785 -90.8825076
0.703362193 -90.6306037
0.705488418 -90.2764058
0.694085231 -90.0278542
0.696020088 -89.6795043
0.685055753 -89.4342067
0.686803312 -89.0915576
0.676264745 -88.8494194
0.677829037 -88.5123291
0.6677036 -88.2732595
0.669088616 -87.9415908
0.659364099 -87.7055023
0.66057379 -87.3791228
0.651238389 -87.1459312
0.652276661 -86.8247128
0.643318965 -86.5943371
0.644189679 -86.2781562
0.635598652 -86.0505183
0.636305623 -85.7392553
0.628070584 -85.51428
0.628617578 -85.2078191
0.620728194 -84.9854339
0.621118929 -84.6836634
0.613565192 -84.4637984
0.613803337 -84.1666099
0.606575557 -83.9491977
0.606664729 -83.6564864
0.599753519 -83.4414621
0.599697286 -83.1531265
0.593093549 -82.9404273
0.592895428 -82.6563691
0.586590346 -82.4459345
0.586253802 -82.1660585
0.580238826 -81.9578299
0.579767272 -81.6820439
0.57403411 -81.4759649
0.57343091 -81.2041793
0.567971518 -81.0001955
0.567239984 -80.7323235
0.562046555 -80.5303821
0.561189947 -80.2663396
0.556254905 -80.0663897
0.555276432 -79.8060952
0.550592421 -79.6080875
0.549495242 -79.3514616
0.545055119 -79.1553485
0.543842343 -78.9023145
0.539639167 -78.7080499
0.538313851 -78.458533
0.534340881 -78.2660724
0.532906036 -78.0200002
0.529156719 -77.8293004
0.527615303 -77.5866024
0.52408327 -77.3976216
0.522438195 -77.1582296
0.519117252 -76.9709274
0.517371382 -76.7347747
0.514255507 -76.5491119
0.512411656 -76.316134
0.509494992 -76.1320727
0.507555929 -75.9022067
0.504832775 -75.7197101
0.502801222 -75.4928949
0.500266031 -75.3119274
0.498144664 -75.0881036
0.495792039 -74.9086307
0.493583489 -74.6877404
0.491408173 -74.5097285
0.489115027 -74.2917156
0.487111902 -74.1151322
0.484736701 -73.8999418
0.482900784 -73.7247555
0.480446028 -73.5123344
0.478772463 -73.3385144
0.476240608 -73.1288106
0.474724664 -72.9563275
0.472118125 -72.7492904
0.470755193 -72.5781152
0.468076341 -72.3736957
0.466861929 -72.2038005
0.464113097 -72.0019505
0.463042825 -71.8333081
0.460226305 -71.6339809
0.459295902 -71.466565
0.456413946 -71.269715
0.455619248 -71.1034998
0.45267407 -70.9090827
0.452011016 -70.7440434
0.449004791 -70.5520157
0.448469419 -70.3881281
0.445404284 -70.1984477
0.44499273 -70.0356883
0.441870786 -69.8483139
0.441579277 -69.6866598
0.438402589 -69.5015513
0.438227443 -69.3409801
0.434998041 -69.1580983
0.434935665 -68.9985885
0.431655541 -68.8178951
0.431702427 -68.6594257
0.428373542 -68.4808832
0.428526264 -68.3234337
0.425150542 -68.1470058
0.425405757 -67.9905562
0.421985091 -67.8162073
0.42233953 -67.6607382
0.418875779 -67.4884335
0.419326252 -67.3339261
0.415821243 -67.1636316
0.416364631 -67.0100675
0.412820161 -66.84175
0.413453418 -66.6891112
0.409871252 -66.5227384
0.410591399 -66.3710076
0.406973272 -66.2065477
0.407777401 -66.0557078
0.404125017 -65.89313
0.405010282 -65.7431645
0.401325316 -65.5824384
0.402288937 -65.4333312
0.398573037 -65.2744273
0.399612295 -65.1261626
0.395867079 -64.9690519
0.396979314 -64.8216145
0.393206373 -64.6662688
0.394388985 -64.5196437
0.390589882 -64.3660354
0.391840327 -64.220208
0.388016599 -64.0683099
0.38933239 -63.923266
0.385485548 -63.7730517
0.386864249 -63.6287775
0.382995777 -63.480221
0.384435006 -63.336703
0.380546365 -63.1897791
0.382043792 -63.047004
0.378136416 -62.9016879
0.379689758 -62.7596429
0.375765058 -62.6159102
0.377372083 -62.4745828
0.373431444 -62.3324098
0.375089966 -62.1917876
0.371134752 -62.0511511
0.372842631 -61.9112222
0.368874182 -61.7720992
0.370629322 -61.632852
0.366648955 -61.4952204
0.368449304 -61.3566434
0.364458315 -61.2204811
0.366301864 -61.0825632
0.362301525 -60.947849
0.364186305 -60.8105793
0.360177869 -60.6772921
0.362101953 -60.5406599
0.358086651 -60.4087792
0.36004815 -60.2727742
0.356027193 -60.1422798
0.358024256 -60.0068918
0.353998833 -59.877764
0.356029647 -59.7429831
0.352000929 -59.6152025
0.354063718 -59.481019
0.350032856 -59.3545666
0.352125879 -59.220971
0.348094005 -59.0958282
0.350215554 -58.9628113
0.34618378 -58.8389599
0.348332185 -58.7065126
0.344301606 -58.5839346
0.346475225 -58.452048
0.342446918 -58.330726
0.344644145 -58.1993915
0.340619168 -58.0793082
0.342838426 -57.9485172
0.33881782 -57.8296557
0.341057564 -57.6994001
0.337042354 -57.5817438
0.339301069 -57.4520153
0.335292262 -57.3355481
0.337568461 -57.2063388
0.333567048 -57.0910447
0.335859274 -56.9623468
0.331866229 -56.8482101
0.334173053 -56.7200161
0.330189335 -56.6070213
0.332509353 -56.4793237
0.328535905 -56.3674559
0.330867743 -56.2402474
0.326905492 -56.1294918
0.329247799 -56.0027652
0.325297659 -55.8931072
0.327649111 -55.7668556
0.32371198 -55.6582808
0.326071277 -55.5324975
0.322148037 -55.424992
0.324513905 -55.29967
0.320605425 -55.19322
0.322976611 -55.0683529
0.319083748 -54.962945
0.321459024 -54.8385263
0.317582618 -54.7341471
0.319960779 -54.6101705
0.316101658 -54.5068069
0.31848152 -54.3832663
0.314640499 -54.2809056
0.3170209 -54.1577949
0.313198779 -54.0564243
0.31557858 -53.9337376
0.311776149 -53.8333449
0.314154228 -53.7110763
0.310372263 -53.6116494
0.312747522 -53.4897932
0.308986787 -53.39132
0.311358145 -53.2698707
0.307619391 -53.1723394
0.309985789 -53.0512915
0.306269757 -52.9546906
0.308630152 -52.8340387
0.304937569 -52.7383569
0.30729094 -52.6180958
0.303622523 -52.5233218
0.305967864 -52.4034462
0.302324319 -52.3095692
0.304660644 -52.1900741
0.301042664 -52.0970832
0.303369004 -51.9779636
0.299777273 -51.8858481
0.302092676 -51.7670993
0.298527866 -51.6758488
0.300831396 -51.5574658
0.29729417 -51.46707
0.299584907 -51.3490482
0.296075916 -51.2594971
0.298352958 -51.1418318
0.294872845 -51.0531154
0.297135304 -50.9358022
0.293684698 -50.8479106
0.295931703 -50.730945
0.292511228 -50.6438688
0.294741921 -50.5272464
0.291352188 -50.4409759
0.293565727 -50.3246925
0.290207339 -50.2392185
0.292402896 -50.1232699
0.289076446 -50.0385832
0.291253207 -49.9229652
0.28795928 -49.8390567
0.290116446 -49.7237653
0.286855617 -49.6406263
0.288992401 -49.5256574
0.285765237 -49.443279
0.287880866 -49.3286289
0.284687923 -49.2470025
0.286781638 -49.1326672
0.283623467 -49.0517843
0.285694519 -48.9377601
0.28257166 -48.8576124
0.284619316 -48.7438956
0.281532301 -48.6644748
0.283555839 -48.5510618
0.280505193 -48.4723599
0.282503902 -48.359247
0.279490141 -48.2812559
0.281463322 -48.1684397
0.278486956 -48.0911517
0.280433923 -47.9786287
0.277495451 -47.9020359
0.279415528 -47.7898027
0.276515445 -47.7138976
0.278407967 -47.6019509
0.275546758 -47.5267259
0.277411072 -47.4150624
0.274589216 -47.3405102
0.276424679 -47.2291267
0.273642647 -47.1552399
0.275448627 -47.0441331
0.272706884 -46.9709046
0.274482758 -46.8600716
0.271781761 -46.7874943
0.273526918 -46.6769319
0.270867118 -46.6049987
0.272580955 -46.494704
0.269962795 -46.4234082
0.271644721 -46.313378
0.269068639 -46.2427128
0.27071807 -46.1329444
0.268184495 -46.0629031
0.269800858 -45.9533936
0.267310217 -45.8839696
0.268892947 -45.7747161
0.266445656 -45.7059029
0.267994199 -45.5969027
0.26559067 -45.5286939
0.267104478 -45.4199442
0.264745118 -45.3523336
0.266223654 -45.2438318
0.263908862 -45.176813
0.265351597 -45.0685564
0.263081766 -45.0021234
0.264488179 -44.8941094
0.262263698 -44.8282562
0.263633276 -44.7204822
0.261454527 -44.6552027
0.262786766 -44.5476663
0.260654125 -44.4829547
0.261948528 -44.3756533
0.259862368 -44.3115038
0.261118445 -44.204435
0.259079131 -44.1408418
0.260296402 -44.0340033
0.258304294 -43.9709608
0.259482284 -43.8643501
0.257537738 -43.8018528
0.258675982 -43.6954676
0.256779347 -43.6335099
0.257877384 -43.5273479
0.256029007 -43.4659245
0.257086385 -43.3599835
0.255286605 -43.299089
0.256302879 -43.1933667
0.254552031 -43.1329958
0.255526762 -43.02749
0.253825177 -42.9676376
0.254757934 -42.8623462
0.253105936 -42.803007
0.253996294 -42.6979279
0.252394205 -42.639097
0.253241745 -42.534228
0.25168988 -42.4759003
0.25249419 -42.3712394
0.250992862 -42.31341
0.251753535 -42.2089552
0.250303051 -42.1516192
0.251019688 -42.0473685
0.249620351 -41.990521
0.250292557 -41.8864724
0.248944665 -41.8301089
0.249572053 -41.7262604
0.248275901 -41.670376
0.248858087 -41.5667257
0.247613966 -41.5113159
0.248150575 -41.407862
0.246958769 -41.3529222
0.247449431 -41.2496627
0.246310223 -41.1951884
0.24675457 -41.0921216
0.245668238 -41.0381082
0.246065913 -40.9352323
0.245032731 -40.8816756
0.245383377 -40.7789887
0.244403615 -40.7258843
0.244706885 -40.6233847
0.243780809 -40.5707283
0.244036357 -40.4684143
0.243164231 -40.4162016
0.243371719 -40.3140715
0.2425538 -40.2622984
0.242712893 -40.1603504
0.241949439 -40.1090128
0.242059808 -40.0072453
0.241351068 -39.9563391
0.241412389 -39.8547505
0.240758613 -39.8042716
0.240770566 -39.7028603
0.240171999 -39.6528047
0.240134268 -39.5515691
0.239591151 -39.501933
0.239503427 -39.4008715
0.239015997 -39.3516509
0.238877974 -39.2507619
0.238446467 -39.2019531
0.238257843 -39.1012351
0.23788249 -39.0528342
0.237642967 -38.9522857
0.237323997 -38.904289
0.237033283 -38.8039086
0.236770921 -38.7563123
0.236428726 -38.6560984
0.236223194 -38.608899
0.235829235 -38.5088502
0.235680752 -38.462044
0.235234747 -38.3621589
0.23514353 -38.3157422
0.234645203 -38.2160194
0.234611464 -38.1699889
0.234060542 -38.070427
0.234084491 -38.024779
0.233480706 -37.9253766
0.233562552 -37.8801079
0.232905638 -37.7808636
0.233045584 -37.7359706
0.232335281 -37.6368831
0.232533529 -37.5923625
0.231769578 -37.4934304
0.232026327 -37.4492789
0.231208475 -37.3505011
0.231523922 -37.3067153
0.230651918 -37.2080903
0.231026257 -37.1646671
0.230099854 -37.0661938
0.230533275 -37.0231298
0.22955223 -36.9248068
0.230044922 -36.8820989
0.229008994 -36.7839251
0.229561144 -36.7415702
0.228470097 -36.6435443
0.229081887 -36.6015392
0.227935487 -36.50366
0.228607099 -36.4620017
0.227405116 -36.364268
0.228136728 -36.3229535
0.226878936 -36.2253641
0.227670724 -36.1843903
0.226356897 -36.086944
0.227209036 -36.046308
0.225838955 -35.9490038
0.226751616 -35.9087025
0.225325061 -35.8115392
0.226298414 -35.7715699
0.224815171 -35.6745463
0.225849383 -35.634906
0.22430924 -35.538021
0.225404475 -35.4987069
0.223807223 -35.4019595
0.224963645 -35.3629688
0.223309078 -35.2663579
0.224526847 -35.2276877
0.22281476 -35.1312122
0.224094035 -35.0928598
0.222324229 -34.9965187
0.223665166 -34.9584815
0.221837441 -34.8622736
0.223240195 -34.8245488
0.221354357 -34.7284732
0.22281908 -34.6910581
0.220874936 -34.5951138
0.222401779 -34.5580059
0.220399137 -34.4621918
0.221988248 -34.4253883
0.219926923 -34.3297035
0.221578449 -34.2932019
0.219458253 -34.1976454
0.221172339 -34.1614432
0.218993091 -34.066014
0.220769879 -34.0301086
0.218531398 -33.9348057
0.220371029 -33.8991947
0.218073138 -33.8040172
0.219975752 -33.768698
0.217618273 -33.673645
0.219584008 -33.6386151
0.217166769 -33.5436856
0.219195759 -33.5089428
0.216718589 -33.4141359
0.21881097 -33.3796776
0.2162737 -33.2849925
0.218429602 -33.2508164
0.215832065 -33.156252
0.21805162 -33.1223558
0.215393652 -33.0279113
0.217676989 -32.9942926
0.214958427 -32.8999672
0.217305674 -32.8666237
0.214526356 -32.7724165
0.216937638 -32.7393459
0.214097409 -32.645256
0.21657285 -32.6124561
0.213671551 -32.5184827
0.216211275 -32.4859512
0.213248752 -32.3920935
0.21585288 -32.3598282
0.212828981 -32.2660853
0.215497631 -32.234084
0.212412207 -32.1404551
0.215145498 -32.1087157
0.211998399 -32.0151999
0.214796449 -31.9837202
0.211587528 -31.8903169
0.214450451 -31.8590948
0.211179564 -31.765803
0.214107474 -31.7348364
0.210774478 -31.6416554
0.213767488 -31.6109422
0.210372242 -31.5178712
0.213430463 -31.4874094
0.209972826 -31.3944477
0.213096368 -31.3642351
0.209576204 -31.2713819
0.212765175 -31.2414165
0.209182347 -31.1486711
0.212436855 -31.118951
0.208791229 -31.0263125
0.212111379 -30.9968358
0.208402822 -30.9043036
0.211788719 -30.8750681
0.208017101 -30.7826414
0.211468848 -30.7536453
0.207634039 -30.6613234
0.211151739 -30.6325647
0.20725361 -30.540347
0.210837363 -30.5118238
0.206875789 -30.4197094
0.210525696 -30.3914199
0.206500551 -30.2994082
0.21021671 -30.2713504
0.206127871 -30.1794408
0.209910379 -30.1516129
0.205757725 -30.0598045
0.209606679 -30.0322047
0.205390089 -29.940497
0.209305584 -29.9131233
0.205024938 -29.8215156
0.209007069 -29.7943664
0.20466225 -29.702858
0.208711109 -29.6759314
0.204302001 -29.5845216
0.208417681 -29.5578159
0.203944169 -29.4665041
0.20812676 -29.4400175
0.203588731 -29.3488031
0.207838323 -29.3225338
0.203235664 -29.2314161
0.207552346 -29.2053625
0.202884947 -29.1143409
0.207268807 -29.0885012
0.202536558 -28.9975751
0.206987682 -28.9719476
0.202190476 -28.8811163
0.206708951 -28.8556994
0.201846679 -28.7649623
0.206432589 -28.7397543
0.201505146 -28.6491108
0.206158576 -28.6241101
0.201165857 -28.5335596
0.20588689 -28.5087645
0.200828792 -28.4183064
0.20561751 -28.3937153
0.20049393 -28.3033491
0.205350415 -28.2789603
0.200161252 -28.1886853
0.205085583 -28.1644974
0.199830738 -28.0743131
0.204822995 -28.0503244
0.199502368 -27.9602302
0.204562631 -27.9364391
0.199176124 -27.8464344
0.20430447 -27.8228395
0.198851987 -27.7329238
0.204048492 -27.7095234
0.198529937 -27.6196961
0.203794679 -27.5964888
0.198209958 -27.5067493
0.203543011 -27.4837335
0.197892029 -27.3940814
0.203293469 -27.3712557
0.197576134 -27.2816903
0.203046035 -27.2590532
0.197262255 -27.169574
0.202800689 -27.147124
0.196950374 -27.0577305
0.202557413 -27.0354661
0.196640474 -26.9461578
0.202316191 -26.9240776
0.196332538 -26.834854
0.202077003 -26.8129566
0.196026548 -26.723817
0.201839832 -26.702101
0.195722489 -26.613045
0.20160466 -26.5915089
0.195420344 -26.5025361
0.201371472 -26.4811785
0.195120096 -26.3922883
0.201140248 -26.3711079
0.194821729 -26.2822998
0.200910974 -26.2612951
0.194525228 -26.1725686
0.200683632 -26.1517384
0.194230577 -26.063093
0.200458206 -26.0424359
0.19393776 -25.9538711
0.200234679 -25.9333858
0.193646761 -25.8449011
0.200013037 -25.8245862
0.193357567 -25.7361812
0.199793262 -25.7160353
0.193070161 -25.6277095
0.19957534 -25.6077315
0.192784529 -25.5194844
0.199359254 -25.4996728
0.192500656 -25.411504
0.199144991 -25.3918576
0.192218529 -25.3037666
0.198932534 -25.2842842
0.191938132 -25.1962705
0.19872187 -25.1769507
0.191659451 -25.089014
0.198512983 -25.0698556
0.191382473 -24.9819953
0.198305858 -24.9629971
0.191107184 -24.8752127
0.198100482 -24.8563734
0.190833569 -24.7686647
0.19789684 -24.7499831
0.190561617 -24.6623494
0.197694918 -24.6438243
0.190291312 -24.5562653
0.197494703 -24.5378956
0.190022643 -24.4504108
0.197296181 -24.4321951
0.189755596 -24.3447842
0.197099338 -24.3267214
0.189490158 -24.2393838
0.196904161 -24.2214728
0.189226317 -24.1342082
0.196710637 -24.1164477
0.188964059 -24.0292557
0.196518752 -24.0116446
0.188703373 -23.9245247
0.196328495 -23.9070619
0.188444246 -23.8200137
0.196139851 -23.802698
0.188186667 -23.7157212
0.195952809 -23.6985515
0.187930622 -23.6116456
0.195767356 -23.5946207
0.187676101 -23.5077853
0.19558348 -23.4909042
0.187423091 -23.4041389
0.195401168 -23.3874004
0.18717158 -23.3007049
0.195220409 -23.2841079
0.186921558 -23.1974817
0.19504119 -23.1810252
0.186673013 -23.0944679
0.194863501 -23.0781509
0.186425934 -22.9916621
0.194687329 -22.9754833
0.186180309 -22.8890628
0.194512662 -22.8730212
0.185936128 -22.7866685
0.19433949 -22.7707631
0.18569338 -22.6844778
0.194167802 -22.6687075
0.185452054 -22.5824892
0.193997585 -22.5668531
0.185212139 -22.4807015
0.19382883 -22.4651984
0.184973625 -22.3791131
0.193661525 -22.363742
0.184736501 -22.2777226
0.19349566 -22.2624826
0.184500758 -22.1765288
0.193331223 -22.1614187
0.184266385 -22.0755302
0.193168205 -22.0605491
0.184033371 -21.9747254
0.193006596 -21.9598724
0.183801708 -21.8741132
0.192846384 -21.8593872
0.183571385 -21.7736921
0.192687559 -21.7590921
0.183342392 -21.6734609
0.192530113 -21.658986
0.18311472 -21.5734182
0.192374034 -21.5590674
0.18288836 -21.4735627
0.192219314 -21.459335
0.182663301 -21.3738932
0.192065941 -21.3597876
0.182439535 -21.2744082
0.191913908 -21.2604239
0.182217052 -21.1751066
0.191763203 -21.1612425
0.181995844 -21.075987
0.191613818 -21.0622423
0.1817759 -20.9770482
0.191465744 -20.9634219
0.181557213 -20.8782889
0.191318972 -20.8647802
0.181339774 -20.779708
0.191173491 -20.7663158
0.181123573 -20.6813041
0.191029294 -20.6680276
0.180908601 -20.583076
0.190886371 -20.5699142
0.180694852 -20.4850225
0.190744714 -20.4719746
0.180482315 -20.3871423
0.190604314 -20.3742075
0.180270983 -20.2894344
0.190465162 -20.2766117
END
