SIMP
NP=4096
SW=20000
TYPE=SPE
DATA
0.0821331184 -2.57862235
0.0819877571 -2.57461881
0.0818428802 -2.57062234
0.0816984856 -2.56663292
0.0815545712 -2.56265053
0.0814111351 -2.55867514
0.0812681751 -2.55470672
0.0811256892 -2.55074526
0.0809836755 -2.54679073
0.0808421319 -2.54284311
0.0807010565 -2.53890238
0.0805604472 -2.53496851
0.0804203021 -2.53104148
0.0802806192 -2.52712127
0.0801413966 -2.52320786
0.0800026323 -2.51930122
0.0798643244 -2.51540133
0.079726471 -2.51150817
0.0795890703 -2.50762172
0.0794521201 -2.50374195
0.0793156188 -2.49986885
0.0791795644 -2.49600238
0.0790439551 -2.49214254
0.0789087889 -2.4882893
0.0787740641 -2.48444263
0.0786397789 -2.48060251
0.0785059312 -2.47676893
0.0783725195 -2.47294187
0.0782395418 -2.46912129
0.0781069964 -2.46530718
0.0779748814 -2.46149953
0.0778431951 -2.4576983
0.0777119357 -2.45390348
0.0775811015 -2.45011504
0.0774506906 -2.44633298
0.0773207015 -2.44255725
0.0771911322 -2.43878786
0.0770619812 -2.43502476
0.0769332466 -2.43126796
0.0768049268 -2.42751741
0.07667702 -2.42377311
0.0765495247 -2.42003503
0.0764224391 -2.41630316
0.0762957615 -2.41257747
0.0761694902 -2.40885795
0.0760436237 -2.40514457
0.0759181602 -2.40143731
0.0757930982 -2.39773616
0.075668436 -2.3940411
0.075544172 -2.3903521
0.0754203045 -2.38666915
0.075296832 -2.38299223
0.0751737529 -2.37932131
0.0750510656 -2.37565639
0.0749287685 -2.37199743
0.07480686 -2.36834443
0.0746853386 -2.36469735
0.0745642027 -2.3610562
0.0744434507 -2.35742093
0.0743230813 -2.35379155
0.0742030927 -2.35016802
0.0740834834 -2.34655033
0.0739642521 -2.34293846
0.0738453971 -2.33933239
0.073726917 -2.33573211
0.0736088102 -2.33213759
0.0734910753 -2.32854882
0.0733737108 -2.32496578
0.0732567152 -2.32138845
0.0731400871 -2.31781682
0.073023825 -2.31425086
0.0729079275 -2.31069056
0.0727923931 -2.3071359
0.0726772204 -2.30358687
0.072562408 -2.30004343
0.0724479544 -2.29650559
0.0723338583 -2.29297331
0.0722201182 -2.28944659
0.0721067327 -2.28592541
0.0719937005 -2.28240974
0.0718810201 -2.27889957
0.0717686902 -2.27539489
0.0716567095 -2.27189568
0.0715450765 -2.26840191
0.0714337899 -2.26491358
0.0713228483 -2.26143066
0.0712122504 -2.25795315
0.071101995 -2.25448101
0.0709920805 -2.25101425
0.0708825058 -2.24755283
0.0707732695 -2.24409674
0.0706643703 -2.24064598
0.0705558069 -2.23720051
0.070447578 -2.23376032
0.0703396823 -2.23032541
0.0702321185 -2.22689574
0.0701248853 -2.22347131
0.0700179816 -2.2200521
0.0699114059 -2.2166381
0.0698051571 -2.21322928
0.0696992339 -2.20982563
0.0695936351 -2.20642714
0.0694883593 -2.20303379
0.0693834055 -2.19964556
0.0692787723 -2.19626244
0.0691744585 -2.19288441
0.069070463 -2.18951146
0.0689667844 -2.18614357
0.0688634217 -2.18278073
0.0687603735 -2.17942292
0.0686576388 -2.17607013
0.0685552163 -2.17272234
0.0684531049 -2.16937953
0.0683513033 -2.16604169
0.0682498104 -2.16270881
0.0681486251 -2.15938086
0.0680477461 -2.15605785
0.0679471724 -2.15273974
0.0678469027 -2.14942653
0.067746936 -2.1461182
0.0676472711 -2.14281474
0.0675479068 -2.13951612
0.0674488422 -2.13622235
0.0673500759 -2.1329334
0.067251607 -2.12964925
0.0671534342 -2.1263699
0.0670555566 -2.12309532
0.066957973 -2.11982551
0.0668606823 -2.11656046
0.0667636834 -2.11330013
0.0666669752 -2.11004453
0.0665705568 -2.10679364
0.0664744269 -2.10354744
0.0663785845 -2.10030592
0.0662830287 -2.09706906
0.0661877582 -2.09383686
0.0660927721 -2.09060929
0.0659980693 -2.08738635
0.0659036487 -2.08416802
0.0658095094 -2.08095429
0.0657156503 -2.07774513
0.0656220704 -2.07454055
0.0655287686 -2.07134052
0.065435744 -2.06814504
0.0653429955 -2.06495408
0.0652505221 -2.06176764
0.0651583228 -2.0585857
0.0650663966 -2.05540825
0.0649747426 -2.05223527
0.0648833596 -2.04906676
0.0647922469 -2.04590269
0.0647014033 -2.04274306
0.0646108278 -2.03958786
0.0645205196 -2.03643706
0.0644304777 -2.03329066
0.0643407011 -2.03014864
0.0642511888 -2.02701099
0.0641619399 -2.0238777
0.0640729534 -2.02074876
0.0639842284 -2.01762415
0.063895764 -2.01450385
0.0638075592 -2.01138787
0.0637196131 -2.00827618
0.0636319247 -2.00516877
0.0635444932 -2.00206562
0.0634573176 -1.99896674
0.0633703971 -1.9958721
0.0632837306 -1.99278169
0.0631973173 -1.9896955
0.0631111564 -1.98661352
0.0630252468 -1.98353573
0.0629395877 -1.98046213
0.0628541783 -1.9773927
0.0627690176 -1.97432742
0.0626841047 -1.97126629
0.0625994389 -1.96820929
0.0625150191 -1.96515642
0.0624308446 -1.96210766
0.0623469145 -1.95906299
0.0622632278 -1.95602241
0.0621797839 -1.95298591
0.0620965817 -1.94995347
0.0620136205 -1.94692508
0.0619308994 -1.94390073
0.0618484176 -1.9408804
0.0617661743 -1.9378641
0.0616841685 -1.93485179
0.0616023995 -1.93184348
0.0615208665 -1.92883915
0.0614395686 -1.92583879
0.061358505 -1.92284239
0.0612776748 -1.91984994
0.0611970774 -1.91686142
0.0611167119 -1.91387682
0.0610365774 -1.91089614
0.0609566732 -1.90791936
0.0608769985 -1.90494647
0.0607975525 -1.90197746
0.0607183344 -1.89901232
0.0606393434 -1.89605104
0.0605605787 -1.8930936
0.0604820396 -1.89013999
0.0604037253 -1.88719021
0.0603256349 -1.88424425
0.0602477678 -1.88130209
0.0601701232 -1.87836371
0.0600927003 -1.87542912
0.0600154984 -1.8724983
0.0599385166 -1.86957124
0.0598617544 -1.86664792
0.0597852108 -1.86372835
0.0597088852 -1.8608125
0.0596327768 -1.85790036
0.0595568848 -1.85499194
0.0594812087 -1.85208721
0.0594057475 -1.84918616
0.0593305007 -1.84628879
0.0592554674 -1.84339508
0.0591806469 -1.84050502
0.0591060386 -1.83761861
0.0590316417 -1.83473583
0.0589574555 -1.83185668
0.0588834793 -1.82898113
0.0588097123 -1.82610919
0.058736154 -1.82324084
0.0586628035 -1.82037608
0.0585896603 -1.81751488
0.0585167235 -1.81465725
0.0584439925 -1.81180317
0.0583714667 -1.80895263
0.0582991452 -1.80610562
0.0582270276 -1.80326213
0.058155113 -1.80042215
0.0580834008 -1.79758568
0.0580118903 -1.7947527
0.0579405809 -1.7919232
0.0578694719 -1.78909717
0.0577985627 -1.78627461
0.0577278524 -1.7834555
0.0576573407 -1.78063983
0.0575870266 -1.7778276
0.0575169097 -1.77501879
0.0574469892 -1.77221339
0.0573772646 -1.7694114
0.0573077351 -1.7666128
0.0572384001 -1.76381759
0.057169259 -1.76102576
0.0571003112 -1.7582373
0.057031556 -1.75545219
0.0569629928 -1.75267043
0.056894621 -1.74989201
0.0568264399 -1.74711691
0.0567584489 -1.74434514
0.0566906474 -1.74157668
0.0566230348 -1.73881152
0.0565556105 -1.73604966
0.0564883738 -1.73329107
0.0564213242 -1.73053577
0.0563544611 -1.72778372
0.0562877838 -1.72503494
0.0562212917 -1.7222894
0.0561549843 -1.7195471
0.056088861 -1.71680802
0.0560229211 -1.71407217
0.055957164 -1.71133953
0.0558915893 -1.70861009
0.0558261962 -1.70588384
0.0557609843 -1.70316078
0.0556959529 -1.7004409
0.0556311014 -1.69772418
0.0555664294 -1.69501062
0.0555019361 -1.69230021
0.0554376211 -1.68959294
0.0553734838 -1.6868888
0.0553095235 -1.68418779
0.0552457398 -1.68148989
0.0551821321 -1.6787951
0.0551186998 -1.67610341
0.0550554424 -1.6734148
0.0549923593 -1.67072928
0.05492945 -1.66804682
0.0548667138 -1.66536743
0.0548041504 -1.6626911
0.0547417591 -1.66001782
0.0546795393 -1.65734757
0.0546174906 -1.65468035
0.0545556124 -1.65201615
0.0544939041 -1.64935497
0.0544323654 -1.6466968
0.0543709955 -1.64404162
0.0543097939 -1.64138942
0.0542487603 -1.63874021
0.054187894 -1.63609398
0.0541271944 -1.6334507
0.0540666612 -1.63081039
0.0540062937 -1.62817302
0.0539460915 -1.62553859
0.053886054 -1.62290709
0.0538261808 -1.62027852
0.0537664712 -1.61765286
0.0537069249 -1.61503011
0.0536475413 -1.61241027
0.0535883199 -1.60979331
0.0535292602 -1.60717924
0.0534703618 -1.60456804
0.053411624 -1.60195971
0.0533530465 -1.59935425
0.0532946286 -1.59675163
0.05323637 -1.59415187
0.0531782702 -1.59155494
0.0531203286 -1.58896084
0.0530625448 -1.58636956
0.0530049183 -1.58378109
0.0529474486 -1.58119543
0.0528901353 -1.57861258
0.0528329778 -1.57603251
0.0527759757 -1.57345522
0.0527191285 -1.57088072
0.0526624358 -1.56830898
0.052605897 -1.56574
0.0525495118 -1.56317378
0.0524932795 -1.5606103
0.0524371999 -1.55804956
0.0523812724 -1.55549156
0.0523254966 -1.55293627
0.052269872 -1.55038371
0.0522143981 -1.54783385
0.0521590745 -1.5452867
0.0521039008 -1.54274224
0.0520488764 -1.54020046
0.0519940011 -1.53766137
0.0519392742 -1.53512495
0.0518846954 -1.53259119
0.0518302642 -1.5300601
0.0517759801 -1.52753165
0.0517218429 -1.52500585
0.0516678519 -1.52248269
0.0516140068 -1.51996215
0.0515603071 -1.51744424
0.0515067525 -1.51492894
0.0514533424 -1.51241626
0.0514000764 -1.50990617
0.0513469542 -1.50739868
0.0512939753 -1.50489377
0.0512411392 -1.50239145
0.0511884456 -1.4998917
0.051135894 -1.49739452
0.051083484 -1.49489989
0.0510312153 -1.49240782
0.0509790873 -1.4899183
0.0509270997 -1.48743131
0.0508752521 -1.48494686
0.050823544 -1.48246493
0.050771975 -1.47998552
0.0507205448 -1.47750862
0.0506692529 -1.47503423
0.050618099 -1.47256233
0.0505670825 -1.47009293
0.0505162033 -1.46762601
0.0504654607 -1.46516157
0.0504148545 -1.4626996
0.0503643842 -1.4602401
0.0503140495 -1.45778305
0.0502638499 -1.45532846
0.0502137851 -1.45287631
0.0501638546 -1.4504266
0.0501140582 -1.44797933
0.0500643953 -1.44553448
0.0500148657 -1.44309204
0.0499654689 -1.44065202
0.0499162046 -1.43821441
0.0498670724 -1.4357792
0.0498180718 -1.43334638
0.0497692026 -1.43091594
0.0497204644 -1.42848789
0.0496718567 -1.42606221
0.0496233792 -1.4236389
0.0495750315 -1.42121795
0.0495268134 -1.41879935
0.0494787243 -1.41638311
0.0494307639 -1.4139692
0.049382932 -1.41155763
0.049335228 -1.4091484
0.0492876517 -1.40674148
0.0492402026 -1.40433688
0.0491928805 -1.4019346
0.0491456849 -1.39953462
0.0490986156 -1.39713694
0.0490516721 -1.39474155
0.0490048541 -1.39234845
0.0489581613 -1.38995763
0.0489115933 -1.38756908
0.0488651497 -1.3851828
0.0488188302 -1.38279879
0.0487726345 -1.38041703
0.0487265622 -1.37803752
0.048680613 -1.37566025
0.0486347865 -1.37328522
0.0485890824 -1.37091243
0.0485435004 -1.36854186
0.04849804 -1.36617351
0.0484527011 -1.36380738
0.0484074831 -1.36144346
0.0483623859 -1.35908173
0.048317409 -1.35672221
0.0482725522 -1.35436487
0.0482278151 -1.35200973
0.0481831974 -1.34965676
0.0481386987 -1.34730596
0.0480943188 -1.34495733
0.0480500572 -1.34261086
0.0480059138 -1.34026655
0.0479618881 -1.33792439
0.0479179798 -1.33558438
0.0478741886 -1.3332465
0.0478305143 -1.33091076
0.0477869564 -1.32857714
0.0477435146 -1.32624565
0.0477001887 -1.32391627
0.0476569784 -1.321589
0.0476138833 -1.31926384
0.047570903 -1.31694077
0.0475280374 -1.3146198
0.047485286 -1.31230092
0.0474426487 -1.30998412
0.047400125 -1.3076694
0.0473577147 -1.30535675
0.0473154174 -1.30304617
0.0472732329 -1.30073764
0.0472311609 -1.29843118
0.047189201 -1.29612676
0.047147353 -1.29382438
0.0471056165 -1.29152404
0.0470639913 -1.28922574
0.0470224771 -1.28692946
0.0469810735 -1.28463521
0.0469397803 -1.28234297
0.0468985972 -1.28005275
0.0468575239 -1.27776453
0.0468165601 -1.27547831
0.0467757055 -1.27319409
0.0467349598 -1.27091186
0.0466943228 -1.26863161
0.0466537941 -1.26635335
0.0466133735 -1.26407705
0.0465730606 -1.26180273
0.0465328553 -1.25953037
0.0464927572 -1.25725997
0.046452766 -1.25499152
0.0464128815 -1.25272502
0.0463731033 -1.25046046
0.0463334313 -1.24819784
0.0462938651 -1.24593716
0.0462544044 -1.2436784
0.046215049 -1.24142156
0.0461757986 -1.23916664
0.0461366529 -1.23691363
0.0460976117 -1.23466253
0.0460586747 -1.23241333
0.0460198416 -1.23016603
0.0459811121 -1.22792062
0.0459424861 -1.2256771
0.0459039631 -1.22343546
0.045865543 -1.22119569
0.0458272255 -1.2189578
0.0457890104 -1.21672178
0.0457508973 -1.21448761
0.045712886 -1.2122553
0.0456749762 -1.21002485
0.0456371677 -1.20779624
0.0455994603 -1.20556947
0.0455618536 -1.20334454
0.0455243474 -1.20112144
0.0454869415 -1.19890017
0.0454496356 -1.19668072
0.0454124294 -1.19446309
0.0453753228 -1.19224727
0.0453383153 -1.19003326
0.0453014069 -1.18782105
0.0452645973 -1.18561064
0.0452278861 -1.18340202
0.0451912732 -1.1811952
0.0451547582 -1.17899015
0.0451183411 -1.17678689
0.0450820215 -1.17458539
0.0450457991 -1.17238567
0.0450096737 -1.17018771
0.0449736452 -1.16799152
0.0449377132 -1.16579707
0.0449018775 -1.16360438
0.0448661378 -1.16141343
0.044830494 -1.15922423
0.0447949458 -1.15703676
0.044759493 -1.15485102
0.0447241352 -1.15266701
0.0446888723 -1.15048473
0.0446537041 -1.14830416
0.0446186303 -1.1461253
0.0445836507 -1.14394815
0.0445487651 -1.14177271
0.0445139731 -1.13959897
0.0444792747 -1.13742692
0.0444446695 -1.13525656
0.0444101573 -1.13308789
0.044375738 -1.1309209
0.0443414113 -1.12875558
0.0443071769 -1.12659194
0.0442730346 -1.12442997
0.0442389843 -1.12226966
0.0442050256 -1.120111
0.0441711584 -1.11795401
0.0441373825 -1.11579866
0.0441036976 -1.11364496
0.0440701035 -1.1114929
0.0440365999 -1.10934247
0.0440031868 -1.10719368
0.0439698638 -1.10504651
0.0439366307 -1.10290097
0.0439034874 -1.10075705
0.0438704335 -1.09861474
0.043837469 -1.09647405
0.0438045935 -1.09433496
0.0437718069 -1.09219747
0.043739109 -1.09006158
0.0437064995 -1.08792728
0.0436739782 -1.08579457
0.043641545 -1.08366344
0.0436091996 -1.08153389
0.0435769418 -1.07940592
0.0435447714 -1.07727953
0.0435126882 -1.07515469
0.043480692 -1.07303143
0.0434487826 -1.07090972
0.0434169598 -1.06878956
0.0433852233 -1.06667096
0.0433535731 -1.0645539
0.0433220088 -1.06243838
0.0432905303 -1.06032441
0.0432591374 -1.05821196
0.0432278299 -1.05610104
0.0431966075 -1.05399165
0.0431654702 -1.05188379
0.0431344176 -1.04977743
0.0431034496 -1.04767259
0.043072566 -1.04556926
0.0430417666 -1.04346744
0.0430110513 -1.04136711
0.0429804197 -1.03926828
0.0429498718 -1.03717095
0.0429194073 -1.0350751
0.042889026 -1.03298073
0.0428587278 -1.03088785
0.0428285124 -1.02879644
0.0427983797 -1.0267065
0.0427683295 -1.02461804
0.0427383616 -1.02253103
0.0427084758 -1.02044549
0.042678672 -1.0183614
0.0426489498 -1.01627876
0.0426193092 -1.01419758
0.04258975 -1.01211783
0.042560272 -1.01003953
0.042530875 -1.00796266
0.0425015588 -1.00588722
0.0424723232 -1.00381322
0.0424431681 -1.00174063
0.0424140932 -0.999669471
0.0423850985 -0.997599725
0.0423561837 -0.995531392
0.0423273486 -0.993464467
0.0422985931 -0.991398947
0.042269917 -0.989334828
0.0422413201 -0.987272106
0.0422128022 -0.985210777
0.0421843632 -0.983150837
0.0421560029 -0.981092283
0.0421277211 -0.979035111
0.0420995176 -0.976979317
0.0420713923 -0.974924896
0.042043345 -0.972871846
0.0420153756 -0.970820162
0.0419874837 -0.968769841
0.0419596694 -0.966720879
0.0419319324 -0.964673272
0.0419042726 -0.962627016
0.0418766897 -0.960582108
0.0418491836 -0.958538544
0.0418217542 -0.956496319
0.0417944013 -0.954455431
0.0417671247 -0.952415876
0.0417399242 -0.950377649
0.0417127997 -0.948340748
0.0416857511 -0.946305168
0.0416587781 -0.944270906
0.0416318806 -0.942237958
0.0416050585 -0.94020632
0.0415783115 -0.938175989
0.0415516396 -0.936146961
0.0415250425 -0.934119233
0.0414985201 -0.9320928
0.0414720722 -0.93006766
0.0414456987 -0.928043808
0.0414193995 -0.92602124
0.0413931743 -0.923999955
0.041367023 -0.921979946
0.0413409455 -0.919961212
0.0413149416 -0.917943749
0.0412890111 -0.915927552
0.0412631539 -0.913912618
0.0412373699 -0.911898945
0.0412116588 -0.909886527
0.0411860206 -0.907875362
0.0411604551 -0.905865446
0.041134962 -0.903856776
0.0411095414 -0.901849347
0.041084193 -0.899843157
0.0410589167 -0.897838202
0.0410337123 -0.895834478
0.0410085797 -0.893831983
0.0409835187 -0.891830711
0.0409585292 -0.889830661
0.040933611 -0.887831828
0.0409087641 -0.885834209
0.0408839881 -0.883837801
0.0408592831 -0.881842599
0.0408346489 -0.879848602
0.0408100852 -0.877855804
0.0407855921 -0.875864203
0.0407611692 -0.873873795
0.0407368166 -0.871884577
0.040712534 -0.869896546
0.0406883213 -0.867909697
0.0406641783 -0.865924028
0.040640105 -0.863939536
0.0406161012 -0.861956216
0.0405921667 -0.859974065
0.0405683014 -0.857993081
0.0405445052 -0.856013259
0.0405207779 -0.854034597
0.0404971193 -0.85205709
0.0404735295 -0.850080737
0.0404500081 -0.848105532
0.0404265552 -0.846131473
0.0404031705 -0.844158557
0.0403798539 -0.84218678
0.0403566053 -0.840216139
0.0403334245 -0.838246631
0.0403103114 -0.836278252
0.0402872659 -0.834310999
0.0402642879 -0.832344868
0.0402413772 -0.830379857
0.0402185336 -0.828415963
0.0401957571 -0.826453181
0.0401730476 -0.824491509
0.0401504048 -0.822530943
0.0401278287 -0.82057148
0.0401053191 -0.818613117
0.0400828759 -0.816655851
0.040060499 -0.814699678
0.0400381883 -0.812744595
0.0400159436 -0.810790599
0.0399937647 -0.808837687
0.0399716517 -0.806885855
0.0399496043 -0.8049351
0.0399276224 -0.80298542
0.0399057059 -0.801036811
0.0398838547 -0.799089269
0.0398620687 -0.797142792
0.0398403476 -0.795197376
0.0398186915 -0.793253018
0.0397971001 -0.791309715
0.0397755735 -0.789367464
0.0397541113 -0.787426262
0.0397327136 -0.785486105
0.0397113802 -0.783546991
0.0396901109 -0.781608916
0.0396689057 -0.779671878
0.0396477644 -0.777735872
0.039626687 -0.775800896
0.0396056733 -0.773866947
0.0395847231 -0.771934022
0.0395638365 -0.770002117
0.0395430131 -0.76807123
0.0395222531 -0.766141357
0.0395015561 -0.764212496
0.0394809221 -0.762284643
0.039460351 -0.760357795
0.0394398427 -0.758431949
0.0394193971 -0.756507102
0.039399014 -0.754583252
0.0393786934 -0.752660394
0.039358435 -0.750738526
0.0393382389 -0.748817645
0.0393181049 -0.746897748
0.0392980328 -0.744978832
0.0392780226 -0.743060894
0.0392580742 -0.74114393
0.0392381875 -0.739227938
0.0392183622 -0.737312915
0.0391985985 -0.735398858
0.039178896 -0.733485764
0.0391592548 -0.731573629
0.0391396746 -0.729662451
0.0391201555 -0.727752227
0.0391006973 -0.725842954
0.0390812998 -0.723934629
0.0390619631 -0.722027249
0.0390426869 -0.72012081
0.0390234711 -0.718215311
0.0390043158 -0.716310748
0.0389852207 -0.714407118
0.0389661857 -0.712504418
0.0389472108 -0.710602645
0.0389282958 -0.708701797
0.0389094407 -0.70680187
0.0388906453 -0.704902862
0.0388719096 -0.703004769
0.0388532334 -0.701107589
0.0388346166 -0.699211318
0.0388160592 -0.697315955
0.038797561 -0.695421496
0.0387791219 -0.693527937
0.0387607418 -0.691635277
0.0387424207 -0.689743512
0.0387241584 -0.68785264
0.0387059549 -0.685962657
0.03868781 -0.684073561
0.0386697236 -0.682185349
0.0386516956 -0.680298018
0.038633726 -0.678411565
0.0386158147 -0.676525988
0.0385979615 -0.674641283
0.0385801663 -0.672757447
0.0385624291 -0.670874479
0.0385447498 -0.668992374
0.0385271282 -0.667111131
0.0385095643 -0.665230746
0.0384920579 -0.663351217
0.0384746091 -0.66147254
0.0384572176 -0.659594713
0.0384398834 -0.657717734
0.0384226064 -0.655841599
0.0384053866 -0.653966305
0.0383882237 -0.65209185
0.0383711178 -0.650218232
0.0383540687 -0.648345446
0.0383370764 -0.646473491
0.0383201407 -0.644602364
0.0383032615 -0.642732061
0.0382864389 -0.640862581
0.0382696726 -0.63899392
0.0382529626 -0.637126076
0.0382363088 -0.635259046
0.0382197111 -0.633392827
0.0382031695 -0.631527416
0.0381866838 -0.629662812
0.0381702539 -0.62779901
0.0381538798 -0.625936008
0.0381375614 -0.624073804
0.0381212986 -0.622212395
0.0381050912 -0.620351778
0.0380889393 -0.618491951
0.0380728428 -0.61663291
0.0380568015 -0.614774653
0.0380408153 -0.612917178
0.0380248842 -0.611060481
0.0380090081 -0.609204561
0.037993187 -0.607349413
0.0379774206 -0.605495036
0.037961709 -0.603641427
0.0379460521 -0.601788584
0.0379304497 -0.599936503
0.0379149019 -0.598085181
0.0378994084 -0.596234618
0.0378839693 -0.594384808
0.0378685845 -0.592535751
0.0378532538 -0.590687443
0.0378379772 -0.588839882
0.0378227546 -0.586993065
0.037807586 -0.585146989
0.0377924712 -0.583301653
0.0377774102 -0.581457052
0.0377624029 -0.579613185
0.0377474492 -0.577770049
0.037732549 -0.575927641
0.0377177023 -0.574085959
0.037702909 -0.572244999
0.037688169 -0.570404761
0.0376734822 -0.56856524
0.0376588486 -0.566726435
0.0376442681 -0.564888342
0.0376297405 -0.56305096
0.0376152659 -0.561214285
0.0376008442 -0.559378315
0.0375864752 -0.557543047
0.0375721589 -0.555708479
0.0375578953 -0.553874609
0.0375436842 -0.552041433
0.0375295255 -0.550208949
0.0375154193 -0.548377155
0.0375013655 -0.546546048
0.0374873638 -0.544715625
0.0374734144 -0.542885884
0.0374595171 -0.541056823
0.0374456719 -0.539228438
0.0374318786 -0.537400728
0.0374181372 -0.535573689
0.0374044476 -0.53374732
0.0373908099 -0.531921617
0.0373772238 -0.530096579
0.0373636893 -0.528272202
0.0373502064 -0.526448484
0.0373367749 -0.524625423
0.0373233949 -0.522803016
0.0373100662 -0.52098126
0.0372967888 -0.519160154
0.0372835626 -0.517339694
0.0372703876 -0.515519879
0.0372572636 -0.513700705
0.0372441906 -0.51188217
0.0372311686 -0.510064271
0.0372181975 -0.508247007
0.0372052771 -0.506430375
0.0371924075 -0.504614372
0.0371795886 -0.502798995
0.0371668202 -0.500984243
0.0371541025 -0.499170112
0.0371414352 -0.497356601
0.0371288183 -0.495543706
0.0371162517 -0.493731426
0.0371037355 -0.491919758
0.0370912695 -0.4901087
0.0370788536 -0.488298248
0.0370664878 -0.486488401
0.0370541721 -0.484679156
0.0370419063 -0.482870511
0.0370296905 -0.481062463
0.0370175245 -0.47925501
0.0370054082 -0.47744815
0.0369933417 -0.475641879
0.0369813249 -0.473836196
0.0369693577 -0.472031098
0.03695744 -0.470226583
0.0369455718 -0.468422648
0.036933753 -0.466619291
0.0369219836 -0.46481651
0.0369102634 -0.463014301
0.0368985925 -0.461212663
0.0368869708 -0.459411594
0.0368753983 -0.45761109
0.0368638748 -0.45581115
0.0368524003 -0.454011771
0.0368409747 -0.45221295
0.0368295981 -0.450414686
0.0368182702 -0.448616976
0.0368069912 -0.446819817
0.0367957609 -0.445023208
0.0367845792 -0.443227145
0.0367734462 -0.441431627
0.0367623617 -0.43963665
0.0367513257 -0.437842214
0.0367403382 -0.436048315
0.036729399 -0.43425495
0.0367185082 -0.432462118
0.0367076657 -0.430669817
0.0366968713 -0.428878043
0.0366861252 -0.427086795
0.0366754271 -0.42529607
0.0366647772 -0.423505866
0.0366541752 -0.42171618
0.0366436212 -0.419927011
0.0366331151 -0.418138355
0.0366226569 -0.416350211
0.0366122464 -0.414562575
0.0366018837 -0.412775447
0.0365915687 -0.410988823
0.0365813013 -0.409202702
0.0365710816 -0.40741708
0.0365609093 -0.405631955
0.0365507846 -0.403847326
0.0365407073 -0.40206319
0.0365306774 -0.400279544
0.0365206948 -0.398496387
0.0365107596 -0.396713715
0.0365008715 -0.394931527
0.0364910307 -0.39314982
0.036481237 -0.391368593
0.0364714904 -0.389587842
0.0364617909 -0.387807566
0.0364521383 -0.386027761
0.0364425327 -0.384248427
0.036432974 -0.38246956
0.0364234622 -0.380691158
0.0364139972 -0.37891322
0.0364045789 -0.377135742
0.0363952074 -0.375358722
0.0363858825 -0.373582159
0.0363766042 -0.371806049
0.0363673726 -0.370030391
0.0363581874 -0.368255183
0.0363490488 -0.366480421
0.0363399566 -0.364706104
0.0363309107 -0.36293223
0.0363219113 -0.361158796
0.0363129581 -0.3593858
0.0363040512 -0.35761324
0.0362951906 -0.355841113
0.0362863761 -0.354069417
0.0362776077 -0.352298151
0.0362688854 -0.350527311
0.0362602092 -0.348756895
0.036251579 -0.346986902
0.0362429947 -0.345217329
0.0362344564 -0.343448173
0.0362259639 -0.341679434
0.0362175173 -0.339911107
0.0362091165 -0.338143191
0.0362007614 -0.336375684
0.036192452 -0.334608584
0.0361841883 -0.332841888
0.0361759703 -0.331075594
0.0361677978 -0.3293097
0.0361596709 -0.327544204
0.0361515895 -0.325779103
0.0361435535 -0.324014396
0.036135563 -0.322250079
0.0361276179 -0.320486151
0.0361197181 -0.31872261
0.0361118637 -0.316959453
0.0361040545 -0.315196678
0.0360962906 -0.313434283
0.0360885719 -0.311672266
0.0360808983 -0.309910625
0.0360732699 -0.308149357
0.0360656865 -0.30638846
0.0360581483 -0.304627931
0.036050655 -0.30286777
0.0360432067 -0.301107973
0.0360358033 -0.299348539
0.0360284449 -0.297589464
0.0360211313 -0.295830748
0.0360138625 -0.294072387
0.0360066386 -0.29231438
0.0359994594 -0.290556724
0.035992325 -0.288799418
0.0359852352 -0.287042458
0.0359781901 -0.285285844
0.0359711896 -0.283529572
0.0359642338 -0.28177364
0.0359573224 -0.280018047
0.0359504556 -0.278262791
0.0359436333 -0.276507868
0.0359368555 -0.274753276
0.0359301221 -0.272999015
0.0359234331 -0.271245081
0.0359167884 -0.269491472
0.035910188 -0.267738187
0.035903632 -0.265985222
0.0358971202 -0.264232576
0.0358906527 -0.262480247
0.0358842293 -0.260728233
0.0358778502 -0.25897653
0.0358715151 -0.257225138
0.0358652242 -0.255474054
0.0358589774 -0.253723276
0.0358527746 -0.251972802
0.0358466158 -0.250222629
0.035840501 -0.248472756
0.0358344302 -0.24672318
0.0358284033 -0.244973899
0.0358224203 -0.243224911
0.0358164811 -0.241476214
0.0358105859 -0.239727806
0.0358047344 -0.237979684
0.0357989267 -0.236231847
0.0357931628 -0.234484292
0.0357874426 -0.232737017
0.0357817661 -0.230990021
0.0357761333 -0.2292433
0.0357705441 -0.227496853
0.0357649986 -0.225750678
0.0357594966 -0.224004772
0.0357540382 -0.222259133
0.0357486234 -0.22051376
0.0357432521 -0.21876865
0.0357379242 -0.217023802
0.0357326399 -0.215279212
0.0357273989 -0.213534878
0.0357222014 -0.2117908
0.0357170473 -0.210046974
0.0357119365 -0.208303398
0.0357068691 -0.206560071
0.035701845 -0.20481699
0.0356968642 -0.203074153
0.0356919266 -0.201331559
0.0356870323 -0.199589204
0.0356821813 -0.197847086
0.0356773734 -0.196105205
0.0356726087 -0.194363557
0.0356678871 -0.19262214
0.0356632087 -0.190880953
0.0356585733 -0.189139993
0.0356539811 -0.187399258
0.0356494319 -0.185658746
0.0356449258 -0.183918455
0.0356404627 -0.182178383
0.0356360425 -0.180438527
0.0356316654 -0.178698887
0.0356273312 -0.176959459
0.0356230399 -0.175220241
0.0356187916 -0.173481231
0.0356145861 -0.171742428
0.0356104236 -0.170003829
0.0356063038 -0.168265432
0.0356022269 -0.166527235
0.0355981929 -0.164789236
0.0355942016 -0.163051433
0.0355902531 -0.161313823
0.0355863473 -0.159576405
0.0355824843 -0.157839177
0.035578664 -0.156102136
0.0355748864 -0.154365281
0.0355711515 -0.152628608
0.0355674593 -0.150892117
0.0355638097 -0.149155805
0.0355602027 -0.14741967
0.0355566384 -0.14568371
0.0355531166 -0.143947923
0.0355496374 -0.142212307
0.0355462008 -0.14047686
0.0355428068 -0.138741579
0.0355394552 -0.137006462
0.0355361462 -0.135271509
0.0355328797 -0.133536715
0.0355296557 -0.13180208
0.0355264741 -0.130067602
0.035523335 -0.128333277
0.0355202383 -0.126599105
0.035517184 -0.124865082
0.0355141722 -0.123131208
0.0355112027 -0.12139748
0.0355082757 -0.119663895
0.0355053909 -0.117930452
0.0355025486 -0.116197149
0.0354997486 -0.114463984
0.0354969909 -0.112730954
0.0354942755 -0.110998058
0.0354916024 -0.109265293
0.0354889716 -0.107532658
0.0354863831 -0.10580015
0.0354838368 -0.104067767
0.0354813328 -0.102335508
0.0354788711 -0.10060337
0.0354764515 -0.0988713504
0.0354740742 -0.0971394482
0.0354717391 -0.0954076609
0.0354694461 -0.0936759866
0.0354671954 -0.0919444231
0.0354649868 -0.0902129685
0.0354628204 -0.0884816205
0.0354606961 -0.0867503773
0.035458614 -0.0850192367
0.0354565739 -0.0832881966
0.0354545761 -0.0815572551
0.0354526203 -0.07982641
0.0354507066 -0.0780956594
0.035448835 -0.0763650011
0.0354470055 -0.074634433
0.0354452181 -0.0729039533
0.0354434728 -0.0711735597
0.0354417695 -0.0694432503
0.0354401082 -0.0677130229
0.035438489 -0.0659828756
0.0354369118 -0.0642528063
0.0354353767 -0.0625228129
0.0354338836 -0.0607928934
0.0354324325 -0.0590630457
0.0354310234 -0.0573332678
0.0354296562 -0.0556035576
0.0354283311 -0.0538739132
0.035427048 -0.0521443323
0.0354258069 -0.0504148131
0.0354246077 -0.0486853533
0.0354234505 -0.0469559511
0.0354223352 -0.0452266043
0.0354212619 -0.0434973109
0.0354202306 -0.0417680689
0.0354192412 -0.0400388762
0.0354182938 -0.0383097307
0.0354173883 -0.0365806304
0.0354165247 -0.0348515733
0.0354157031 -0.0331225573
0.0354149234 -0.0313935804
0.0354141856 -0.0296646405
0.0354134897 -0.0279357356
0.0354128357 -0.0262068636
0.0354122237 -0.0244780225
0.0354116536 -0.0227492102
0.0354111254 -0.0210204247
0.035410639 -0.019291664
0.0354101946 -0.017562926
0.0354097921 -0.0158342087
0.0354094315 -0.01410551
0.0354091128 -0.0123768278
0.0354088359 -0.0106481602
0.035408601 -0.00891950506
0.035408408 -0.00719086037
0.0354082568 -0.00546222408
0.0354081476 -0.00373359414
0.0354080802 -0.00200496851
0.0354080547 -0.000276345151
0.0354080711 0.00145227799
0.0354081294 0.00318090296
0.0354082296 0.00490953179
0.0354083717 0.00663816653
0.0354085557 0.00836680923
0.0354087816 0.0100954619
0.0354090494 0.0118241267
0.035409359 0.0135528055
0.0354097106 0.0152815005
0.035410104 0.0170102136
0.0354105394 0.018738947
0.0354110166 0.0204677026
0.0354115358 0.0221964825
0.0354120969 0.0239252888
0.0354126999 0.0256541235
0.0354133448 0.0273829886
0.0354140316 0.0291118863
0.0354147603 0.0308408184
0.035415531 0.0325697872
0.0354163435 0.0342987946
0.035417198 0.0360278426
0.0354180945 0.0377569334
0.0354190329 0.0394860689
0.0354200132 0.0412152512
0.0354210355 0.0429444824
0.0354220997 0.0446737646
0.0354232059 0.0464030996
0.035424354 0.0481324897
0.0354255441 0.0498619368
0.0354267762 0.051591443
0.0354280503 0.0533210103
0.0354293663 0.0550506409
0.0354307244 0.0567803367
0.0354321244 0.0585100997
0.0354335664 0.0602399322
0.0354350505 0.061969836
0.0354365766 0.0636998132
0.0354381447 0.065429866
0.0354397548 0.0671599962
0.035441407 0.0688902061
0.0354431012 0.0706204976
0.0354448375 0.0723508729
0.0354466159 0.0740813338
0.0354484363 0.0758118826
0.0354502988 0.0775425212
0.0354522034 0.0792732518
0.0354541501 0.0810040762
0.0354561389 0.0827349968
0.0354581699 0.0844660154
0.0354602429 0.0861971341
0.0354623581 0.087928355
0.0354645155 0.0896596801
0.035466715 0.0913911115
0.0354689567 0.0931226513
0.0354712405 0.0948543016
0.0354735666 0.0965860642
0.0354759348 0.0983179414
0.0354783453 0.100049935
0.035480798 0.101782048
0.0354832929 0.103514281
0.0354858301 0.105246637
0.0354884095 0.106979118
0.0354910312 0.108711725
0.0354936952 0.110444462
0.0354964015 0.112177329
0.0354991501 0.11391033
0.0355019411 0.115643466
0.0355047743 0.117376739
0.03550765 0.119110152
0.035510568 0.120843705
0.0355135283 0.122577402
0.0355165311 0.124311245
0.0355195762 0.126045235
0.0355226638 0.127779375
0.0355257939 0.129513667
0.0355289663 0.131248112
0.0355321813 0.132982713
0.0355354387 0.134717472
0.0355387386 0.136452391
0.0355420811 0.138187472
0.035545466 0.139922717
0.0355488936 0.141658129
0.0355523636 0.143393709
0.0355558763 0.145129459
0.0355594315 0.146865381
0.0355630294 0.148601478
0.0355666699 0.150337752
0.035570353 0.152074204
0.0355740788 0.153810837
0.0355778473 0.155547653
0.0355816585 0.157284654
0.0355855124 0.159021842
0.035589409 0.160759219
0.0355933484 0.162496787
0.0355973306 0.164234548
0.0356013556 0.165972505
0.0356054234 0.167710659
0.035609534 0.169449013
0.0356136874 0.171187568
0.0356178838 0.172926327
0.035622123 0.174665292
0.0356264051 0.176404465
0.0356307302 0.178143848
0.0356350982 0.179883443
0.0356395092 0.181623252
0.0356439632 0.183363277
0.0356484603 0.185103521
0.0356530003 0.186843985
0.0356575834 0.188584672
0.0356622096 0.190325583
0.0356668789 0.192066722
0.0356715913 0.193808089
0.0356763469 0.195549687
0.0356811457 0.197291518
0.0356859876 0.199033585
0.0356908728 0.200775889
0.0356958012 0.202518432
0.0357007729 0.204261217
0.0357057878 0.206004245
0.0357108461 0.207747519
0.0357159477 0.209491041
0.0357210927 0.211234813
0.0357262811 0.212978837
0.0357315129 0.214723116
0.0357367881 0.21646765
0.0357421068 0.218212444
0.0357474689 0.219957497
0.0357528746 0.221702814
0.0357583238 0.223448395
0.0357638166 0.225194244
0.035769353 0.226940361
0.035774933 0.228686749
0.0357805567 0.230433411
0.035786224 0.232180349
0.0357919351 0.233927564
0.0357976898 0.235675059
0.0358034883 0.237422835
0.0358093306 0.239170896
0.0358152167 0.240919243
0.0358211467 0.242667878
0.0358271205 0.244416803
0.0358331383 0.246166021
0.0358391999 0.247915534
0.0358453055 0.249665343
0.0358514551 0.251415452
0.0358576487 0.253165862
0.0358638864 0.254916575
0.0358701681 0.256667593
0.035876494 0.258418919
0.035882864 0.260170555
0.0358892781 0.261922503
0.0358957365 0.263674765
0.0359022391 0.265427343
0.0359087859 0.267180239
0.0359153771 0.268933456
0.0359220125 0.270686995
0.0359286924 0.27244086
0.0359354166 0.274195051
0.0359421852 0.275949572
0.0359489983 0.277704424
0.0359558559 0.27945961
0.035962758 0.281215131
0.0359697047 0.28297099
0.035976696 0.284727189
0.0359837318 0.28648373
0.0359908124 0.288240616
0.0359979376 0.289997849
0.0360051076 0.29175543
0.0360123223 0.293513362
0.0360195818 0.295271647
0.0360268862 0.297030288
0.0360342354 0.298789286
0.0360416295 0.300548644
0.0360490686 0.302308363
0.0360565527 0.304068447
0.0360640817 0.305828897
0.0360716558 0.307589716
0.036079275 0.309350905
0.0360869394 0.311112467
0.0360946488 0.312874404
0.0361024035 0.314636718
0.0361102035 0.316399412
0.0361180486 0.318162488
0.0361259392 0.319925947
0.036133875 0.321689793
0.0361418563 0.323454027
0.036149883 0.325218652
0.0361579551 0.326983669
0.0361660728 0.328749081
0.036174236 0.330514891
0.0361824448 0.3322811
0.0361906992 0.33404771
0.0361989993 0.335814725
0.0362073451 0.337582145
0.0362157367 0.339349974
0.0362241741 0.341118214
0.0362326573 0.342886866
0.0362411863 0.344655934
0.0362497613 0.346425418
0.0362583822 0.348195322
0.0362670492 0.349965648
0.0362757622 0.351736398
0.0362845213 0.353507575
0.0362933265 0.35527918
0.0363021779 0.357051215
0.0363110755 0.358823684
0.0363200193 0.360596588
0.0363290095 0.362369929
0.036338046 0.36414371
0.0363471289 0.365917934
0.0363562583 0.367692601
0.0363654341 0.369467715
0.0363746565 0.371243279
0.0363839254 0.373019293
0.036393241 0.37479576
0.0364026032 0.376572684
0.0364120122 0.378350065
0.0364214679 0.380127906
0.0364309704 0.38190621
0.0364405198 0.383684979
0.0364501161 0.385464215
0.0364597593 0.387243921
0.0364694495 0.389024098
0.0364791868 0.390804749
0.0364889712 0.392585876
0.0364988027 0.394367482
0.0365086813 0.396149568
0.0365186073 0.397932138
0.0365285805 0.399715194
0.0365386011 0.401498737
0.036548669 0.40328277
0.0365587844 0.405067296
0.0365689473 0.406852316
0.0365791577 0.408637834
0.0365894157 0.410423851
0.0365997214 0.412210369
0.0366100747 0.413997392
0.0366204758 0.41578492
0.0366309247 0.417572958
0.0366414215 0.419361507
0.0366519661 0.421150568
0.0366625587 0.422940146
0.0366731993 0.424730242
0.036683888 0.426520858
0.0366946248 0.428311996
0.0367054097 0.43010366
0.0367162429 0.431895851
0.0367271243 0.433688572
0.0367380541 0.435481825
0.0367490323 0.437275613
0.0367600589 0.439069937
0.036771134 0.440864801
0.0367822576 0.442660206
0.0367934299 0.444456155
0.0368046508 0.446252651
0.0368159205 0.448049695
0.0368272389 0.44984729
0.0368386061 0.451645439
0.0368500223 0.453444144
0.0368614874 0.455243406
0.0368730015 0.45704323
0.0368845646 0.458843616
0.0368961769 0.460644568
0.0369078384 0.462446088
0.0369195491 0.464248178
0.0369313091 0.46605084
0.0369431185 0.467854077
0.0369549773 0.469657892
0.0369668856 0.471462287
0.0369788434 0.473267264
0.0369908508 0.475072826
0.0370029079 0.476878975
0.0370150147 0.478685713
0.0370271712 0.480493043
0.0370393777 0.482300968
0.037051634 0.484109489
0.0370639403 0.48591861
0.0370762966 0.487728332
0.037088703 0.489538659
0.0371011596 0.491349592
0.0371136664 0.493161134
0.0371262235 0.494973287
0.0371388309 0.496786055
0.0371514888 0.498599439
0.0371641971 0.500413441
0.037176956 0.502228065
0.0371897655 0.504043313
0.0372026256 0.505859187
0.0372155365 0.50767569
0.0372284982 0.509492824
0.0372415108 0.511310592
0.0372545743 0.513128996
0.0372676888 0.514948038
0.0372808543 0.516767722
0.0372940711 0.518588049
0.037307339 0.520409023
0.0373206582 0.522230645
0.0373340287 0.524052918
0.0373474507 0.525875845
0.0373609241 0.527699428
0.0373744491 0.529523669
0.0373880257 0.531348572
0.037401654 0.533174139
0.0374153341 0.535000371
0.0374290659 0.536827273
0.0374428497 0.538654846
0.0374566855 0.540483092
0.0374705733 0.542312015
0.0374845132 0.544141617
0.0374985053 0.5459719
0.0375125497 0.547802868
0.0375266464 0.549634522
0.0375407955 0.551466865
0.0375549971 0.553299899
0.0375692512 0.555133628
0.037583558 0.556968054
0.0375979174 0.558803178
0.0376123297 0.560639005
0.0376267948 0.562475537
0.0376413128 0.564312775
0.0376558838 0.566150723
0.0376705079 0.567989384
0.0376851852 0.569828759
0.0376999156 0.571668851
0.0377146994 0.573509664
0.0377295366 0.575351199
0.0377444272 0.57719346
0.0377593714 0.579036448
0.0377743691 0.580880167
0.0377894206 0.582724619
0.0378045259 0.584569807
0.0378196849 0.586415733
0.037834898 0.5882624
0.037850165 0.590109811
0.0378654862 0.591957967
0.0378808615 0.593806873
0.037896291 0.59565653
0.0379117749 0.597506942
0.0379273132 0.59935811
0.037942906 0.601210038
0.0379585534 0.603062727
0.0379742554 0.604916182
0.0379900122 0.606770404
0.0380058238 0.608625396
0.0380216903 0.610481161
0.0380376119 0.612337702
0.0380535884 0.614195021
0.0380696202 0.61605312
0.0380857072 0.617912004
0.0381018495 0.619771673
0.0381180473 0.621632131
0.0381343005 0.623493382
0.0381506094 0.625355426
0.0381669739 0.627218268
0.0381833942 0.629081909
0.0381998703 0.630946353
0.0382164024 0.632811602
0.0382329905 0.634677659
0.0382496347 0.636544527
0.0382663351 0.638412209
0.0382830918 0.640280706
0.0382999049 0.642150023
0.0383167744 0.644020161
0.0383337005 0.645891124
0.0383506833 0.647762914
0.0383677228 0.649635534
0.0383848191 0.651508987
0.0384019724 0.653383275
0.0384191827 0.655258402
0.03843645 0.657134369
0.0384537746 0.659011181
0.0384711565 0.660888839
0.0384885958 0.662767347
0.0385060925 0.664646707
0.0385236468 0.666526922
0.0385412588 0.668407996
0.0385589286 0.670289929
0.0385766562 0.672172727
0.0385944417 0.67405639
0.0386122853 0.675940923
0.0386301871 0.677826328
0.0386481471 0.679712608
0.0386661654 0.681599766
0.0386842422 0.683487804
0.0387023775 0.685376725
0.0387205715 0.687266533
0.0387388242 0.68915723
0.0387571357 0.691048819
0.0387755061 0.692941303
0.0387939356 0.694834684
0.0388124242 0.696728967
0.038830972 0.698624152
0.0388495792 0.700520244
0.0388682458 0.702417246
0.0388869719 0.70431516
0.0389057577 0.706213988
0.0389246032 0.708113735
0.0389435085 0.710014403
0.0389624738 0.711915995
0.0389814992 0.713818513
0.0390005847 0.715721961
0.0390197304 0.717626342
0.0390389365 0.719531658
0.0390582031 0.721437913
0.0390775303 0.72334511
0.0390969181 0.725253251
0.0391163667 0.727162339
0.0391358763 0.729072378
0.0391554468 0.73098337
0.0391750784 0.732895318
0.0391947713 0.734808226
0.0392145254 0.736722096
0.039234341 0.738636932
0.0392542182 0.740552736
0.039274157 0.742469511
0.0392941575 0.74438726
0.03931422 0.746305987
0.0393343444 0.748225694
0.0393545309 0.750146384
0.0393747797 0.752068061
0.0393950907 0.753990728
0.0394154642 0.755914386
0.0394359002 0.757839041
0.0394563989 0.759764694
0.0394769604 0.761691349
0.0394975848 0.763619008
0.0395182721 0.765547675
0.0395390226 0.767477353
0.0395598363 0.769408045
0.0395807134 0.771339754
0.039601654 0.773272484
0.0396226581 0.775206236
0.0396437259 0.777141015
0.0396648576 0.779076823
0.0396860532 0.781013664
0.0397073128 0.782951541
0.0397286367 0.784890456
0.0397500248 0.786830413
0.0397714774 0.788771416
0.0397929945 0.790713466
0.0398145762 0.792656568
0.0398362228 0.794600725
0.0398579342 0.796545939
0.0398797107 0.798492214
0.0399015523 0.800439554
0.0399234592 0.80238796
0.0399454315 0.804337437
0.0399674694 0.806287987
0.0399895729 0.808239615
0.0400117421 0.810192322
0.0400339773 0.812146112
0.0400562784 0.814100989
0.0400786458 0.816056956
0.0401010794 0.818014016
0.0401235794 0.819972171
0.0401461459 0.821931426
0.0401687792 0.823891784
0.0401914792 0.825853248
0.0402142461 0.82781582
0.0402370801 0.829779505
0.0402599813 0.831744306
0.0402829498 0.833710226
0.0403059857 0.835677268
0.0403290893 0.837645436
0.0403522605 0.839614732
0.0403754996 0.841585161
0.0403988067 0.843556725
0.0404221818 0.845529428
0.0404456253 0.847503272
0.0404691371 0.849478263
0.0404927174 0.851454402
0.0405163664 0.853431693
0.0405400842 0.85541014
0.0405638709 0.857389746
0.0405877267 0.859370514
0.0406116517 0.861352447
0.0406356461 0.863335549
0.0406597099 0.865319824
0.0406838434 0.867305274
0.0407080466 0.869291904
0.0407323197 0.871279716
0.0407566629 0.873268714
0.0407810762 0.875258902
0.0408055599 0.877250282
0.0408301141 0.879242858
0.0408547389 0.881236634
0.0408794344 0.883231614
0.0409042009 0.885227799
0.0409290384 0.887225195
0.0409539471 0.889223805
0.0409789272 0.891223631
0.0410039787 0.893224678
0.0410291019 0.895226949
0.0410542969 0.897230447
0.0410795638 0.899235176
0.0411049028 0.90124114
0.041130314 0.903248342
0.0411557976 0.905256785
0.0411813537 0.907266473
0.0412069826 0.90927741
0.0412326842 0.911289599
0.0412584589 0.913303044
0.0412843067 0.915317748
0.0413102278 0.917333714
0.0413362223 0.919350948
0.0413622905 0.921369451
0.0413884324 0.923389228
0.0414146482 0.925410282
0.0414409381 0.927432617
0.0414673023 0.929456236
0.0414937408 0.931481143
0.0415202539 0.933507342
0.0415468416 0.935534837
0.0415735043 0.93756363
0.0416002419 0.939593726
0.0416270548 0.941625128
0.041653943 0.94365784
0.0416809067 0.945691866
0.041707946 0.947727209
0.0417350612 0.949763873
0.0417622524 0.951801862
0.0417895198 0.953841179
0.0418168634 0.955881829
0.0418442836 0.957923814
0.0418717804 0.959967139
0.0418993541 0.962011807
0.0419270047 0.964057823
0.0419547325 0.966105189
0.0419825376 0.96815391
0.0420104202 0.970203989
0.0420383805 0.97225543
0.0420664186 0.974308238
0.0420945347 0.976362415
0.042122729 0.978417966
0.0421510017 0.980474894
0.0421793529 0.982533204
0.0422077827 0.984592898
0.0422362915 0.986653982
0.0422648793 0.988716458
0.0422935463 0.990780331
0.0423222927 0.992845604
0.0423511186 0.994912282
0.0423800244 0.996980367
0.04240901 0.999049866
0.0424380758 1.00112078
0.0424672219 1.00319311
0.0424964484 1.00526687
0.0425257556 1.00734206
0.0425551436 1.00941867
0.0425846126 1.01149673
0.0426141628 1.01357622
0.0426437944 1.01565716
0.0426735075 1.01773954
0.0427033024 1.01982338
0.0427331793 1.02190867
0.0427631382 1.02399542
0.0427931795 1.02608363
0.0428233032 1.02817332
0.0428535097 1.03026447
0.042883799 1.0323571
0.0429141714 1.03445121
0.042944627 1.0365468
0.042975166 1.03864388
0.0430057887 1.04074245
0.0430364953 1.04284252
0.0430672858 1.04494409
0.0430981606 1.04704716
0.0431291198 1.04915174
0.0431601636 1.05125784
0.0431912921 1.05336545
0.0432225057 1.05547458
0.0432538045 1.05758523
0.0432851887 1.05969742
0.0433166584 1.06181113
0.043348214 1.06392639
0.0433798556 1.06604318
0.0434115833 1.06816153
0.0434433975 1.07028142
0.0434752982 1.07240286
0.0435072858 1.07452587
0.0435393603 1.07665044
0.0435715221 1.07877657
0.0436037713 1.08090427
0.0436361081 1.08303355
0.0436685328 1.08516441
0.0437010455 1.08729686
0.0437336465 1.08943089
0.0437663359 1.09156652
0.043799114 1.09370374
0.043831981 1.09584256
0.043864937 1.09798299
0.0438979824 1.10012503
0.0439311173 1.10226868
0.043964342 1.10441395
0.0439976566 1.10656085
0.0440310613 1.10870937
0.0440645565 1.11085952
0.0440981422 1.11301131
0.0441318188 1.11516474
0.0441655865 1.11731982
0.0441994454 1.11947654
0.0442333957 1.12163492
0.0442674378 1.12379496
0.0443015718 1.12595666
0.044335798 1.12812003
0.0443701165 1.13028507
0.0444045277 1.13245178
0.0444390317 1.13462018
0.0444736287 1.13679026
0.044508319 1.13896204
0.0445431028 1.1411355
0.0445779804 1.14331067
0.044612952 1.14548754
0.0446480177 1.14766612
0.0446831779 1.14984641
0.0447184328 1.15202842
0.0447537826 1.15421215
0.0447892275 1.15639761
0.0448247677 1.1585848
0.0448604036 1.16077372
0.0448961354 1.16296439
0.0449319632 1.1651568
0.0449678874 1.16735096
0.0450039081 1.16954688
0.0450400256 1.17174455
0.0450762402 1.17394399
0.0451125521 1.1761452
0.0451489615 1.17834819
0.0451854688 1.18055295
0.045222074 1.18275949
0.0452587775 1.18496782
0.0452955795 1.18717795
0.0453324803 1.18938987
0.0453694802 1.1916036
0.0454065793 1.19381913
0.0454437779 1.19603648
0.0454810763 1.19825564
0.0455184748 1.20047663
0.0455559735 1.20269944
0.0455935727 1.20492408
0.0456312728 1.20715056
0.0456690739 1.20937888
0.0457069763 1.21160905
0.0457449803 1.21384107
0.0457830861 1.21607494
0.045821294 1.21831068
0.0458596043 1.22054828
0.0458980172 1.22278776
0.045936533 1.22502911
0.0459751519 1.22727234
0.0460138742 1.22951746
0.0460527002 1.23176447
0.0460916302 1.23401337
0.0461306644 1.23626418
0.0461698031 1.23851689
0.0462090465 1.24077152
0.046248395 1.24302806
0.0462878487 1.24528653
0.0463274081 1.24754692
0.0463670733 1.24980925
0.0464068446 1.25207351
0.0464467224 1.25433971
0.0464867068 1.25660787
0.0465267983 1.25887797
0.0465669969 1.26115004
0.0466073031 1.26342406
0.0466477172 1.26570006
0.0466882393 1.26797803
0.0467288698 1.27025798
0.046769609 1.27253991
0.0468104571 1.27482384
0.0468514145 1.27710976
0.0468924814 1.27939768
0.0469336582 1.2816876
0.046974945 1.28397954
0.0470163423 1.28627349
0.0470578503 1.28856947
0.0470994693 1.29086747
0.0471411996 1.29316751
0.0471830415 1.29546958
0.0472249953 1.2977737
0.0472670613 1.30007987
0.0473092398 1.30238809
0.0473515311 1.30469837
0.0473939355 1.30701072
0.0474364533 1.30932514
0.0474790848 1.31164164
0.0475218303 1.31396021
0.0475646902 1.31628088
0.0476076647 1.31860364
0.0476507542 1.3209285
0.0476939589 1.32325546
0.0477372792 1.32558453
0.0477807154 1.32791572
0.0478242678 1.33024903
0.0478679367 1.33258447
0.0479117224 1.33492204
0.0479556254 1.33726175
0.0479996457 1.33960361
0.0480437839 1.34194761
0.0480880402 1.34429377
0.048132415 1.34664209
0.0481769085 1.34899258
0.0482215212 1.35134525
0.0482662532 1.35370009
0.0483111051 1.35605711
0.048356077 1.35841633
0.0484011693 1.36077774
0.0484463824 1.36314136
0.0484917166 1.36550718
0.0485371722 1.36787522
0.0485827496 1.37024548
0.048628449 1.37261797
0.0486742709 1.37499268
0.0487202156 1.37736964
0.0487662834 1.37974884
0.0488124747 1.38213029
0.0488587898 1.38451399
0.048905229 1.38689996
0.0489517928 1.38928819
0.0489984814 1.3916787
0.0490452953 1.39407149
0.0490922346 1.39646657
0.0491392999 1.39886394
0.0491864915 1.40126361
0.0492338097 1.40366558
0.0492812549 1.40606986
0.0493288274 1.40847647
0.0493765276 1.41088539
0.0494243559 1.41329665
0.0494723126 1.41571024
0.0495203982 1.41812617
0.0495686128 1.42054445
0.049616957 1.42296509
0.0496654311 1.42538808
0.0497140355 1.42781345
0.0497627705 1.43024119
0.0498116365 1.43267131
0.0498606339 1.43510381
0.0499097631 1.43753871
0.0499590244 1.43997601
0.0500084183 1.44241572
0.050057945 1.44485783
0.0501076051 1.44730237
0.0501573988 1.44974933
0.0502073266 1.45219872
0.0502573888 1.45465056
0.0503075859 1.45710483
0.0503579181 1.45956156
0.050408386 1.46202075
0.05045899 1.4644824
0.0505097303 1.46694652
0.0505606074 1.46941312
0.0506116217 1.47188221
0.0506627737 1.47435379
0.0507140636 1.47682786
0.0507654919 1.47930445
0.0508170591 1.48178354
0.0508687655 1.48426515
0.0509206115 1.48674929
0.0509725975 1.48923596
0.051024724 1.49172516
0.0510769914 1.49421692
0.0511294 1.49671122
0.0511819503 1.49920809
0.0512346428 1.50170752
0.0512874778 1.50420953
0.0513404557 1.50671411
0.051393577 1.50922129
0.0514468421 1.51173106
0.0515002515 1.51424343
0.0515538055 1.51675841
0.0516075045 1.519276
0.0516613492 1.52179622
0.0517153397 1.52431906
0.0517694767 1.52684454
0.0518237605 1.52937267
0.0518781915 1.53190345
0.0519327703 1.53443689
0.0519874972 1.53697299
0.0520423727 1.53951176
0.0520973973 1.54205322
0.0521525713 1.54459736
0.0522078953 1.5471442
0.0522633697 1.54969374
0.0523189949 1.55224598
0.0523747715 1.55480095
0.0524306998 1.55735864
0.0524867803 1.55991906
0.0525430135 1.56248222
0.0525993998 1.56504812
0.0526559398 1.56761678
0.0527126338 1.5701882
0.0527694824 1.57276239
0.052826486 1.57533936
0.0528836451 1.57791911
0.0529409601 1.58050165
0.0529984316 1.58308699
0.05305606 1.58567514
0.0531138459 1.5882661
0.0531717896 1.59085988
0.0532298916 1.59345649
0.0532881526 1.59605594
0.0533465729 1.59865824
0.053405153 1.60126339
0.0534638934 1.6038714
0.0535227947 1.60648228
0.0535818573 1.60909604
0.0536410817 1.61171268
0.0537004685 1.61433221
0.053760018 1.61695464
0.0538197309 1.61957998
0.0538796077 1.62220824
0.0539396488 1.62483942
0.0539998547 1.62747353
0.054060226 1.63011059
0.0541207633 1.63275059
0.0541814669 1.63539355
0.0542423375 1.63803947
0.0543033755 1.64068837
0.0543645815 1.64334024
0.054425956 1.64599511
0.0544874995 1.64865297
0.0545492126 1.65131384
0.0546110958 1.65397772
0.0546731497 1.65664463
0.0547353747 1.65931456
0.0547977714 1.66198754
0.0548603404 1.66466356
0.0549230822 1.66734263
0.0549859974 1.67002477
0.0550490864 1.67270999
0.0551123499 1.67539828
0.0551757885 1.67808967
0.0552394026 1.68078415
0.0553031928 1.68348174
0.0553671597 1.68618244
0.0554313038 1.68888627
0.0554956258 1.69159323
0.0555601261 1.69430333
0.0556248055 1.69701658
0.0556896643 1.69973299
0.0557547033 1.70245257
0.0558199229 1.70517532
0.0558853238 1.70790126
0.0559509066 1.71063039
0.0560166718 1.71336272
0.05608262 1.71609827
0.0561487519 1.71883704
0.0562150679 1.72157903
0.0562815688 1.72432427
0.0563482551 1.72707275
0.0564151274 1.72982449
0.0564821863 1.7325795
0.0565494324 1.73533777
0.0566168664 1.73809934
0.0566844888 1.74086419
0.0567523003 1.74363235
0.0568203014 1.74640382
0.0568884928 1.74917862
0.0569568752 1.75195674
0.0570254491 1.7547382
0.0570942151 1.75752301
0.057163174 1.76031117
0.0572323263 1.76310271
0.0573016727 1.76589762
0.0573712138 1.76869592
0.0574409502 1.77149761
0.0575108826 1.77430271
0.0575810117 1.77711123
0.0576513381 1.77992317
0.0577218624 1.78273854
0.0577925854 1.78555736
0.0578635076 1.78837963
0.0579346297 1.79120536
0.0580059524 1.79403457
0.0580774764 1.79686726
0.0581492023 1.79970344
0.0582211308 1.80254313
0.0582932626 1.80538633
0.0583655984 1.80823305
0.0584381388 1.8110833
0.0585108845 1.8139371
0.0585838362 1.81679445
0.0586569947 1.81965536
0.0587303605 1.82251984
0.0588039345 1.8253879
0.0588777173 1.82825956
0.0589517095 1.83113482
0.059025912 1.8340137
0.0591003254 1.83689619
0.0591749505 1.83978232
0.0592497879 1.8426721
0.0593248383 1.84556553
0.0594001026 1.84846262
0.0594755814 1.85136339
0.0595512754 1.85426785
0.0596271855 1.857176
0.0597033122 1.86008786
0.0597796564 1.86300344
0.0598562188 1.86592274
0.0599330002 1.86884578
0.0600100013 1.87177258
0.0600872228 1.87470313
0.0601646655 1.87763745
0.0602423302 1.88057555
0.0603202176 1.88351745
0.0603983285 1.88646315
0.0604766637 1.88941267
0.060555224 1.89236601
0.06063401 1.89532318
0.0607130227 1.8982842
0.0607922627 1.90124909
0.0608717309 1.90421784
0.060951428 1.90719047
0.0610313549 1.91016699
0.0611115124 1.91314741
0.0611919012 1.91613175
0.0612725222 1.91912002
0.0613533761 1.92211222
0.0614344638 1.92510837
0.0615157862 1.92810848
0.0615973439 1.93111256
0.0616791379 1.93412062
0.0617611689 1.93713268
0.0618434379 1.94014874
0.0619259456 1.94316882
0.0620086928 1.94619293
0.0620916805 1.94922108
0.0621749095 1.95225328
0.0622583806 1.95528954
0.0623420946 1.95832988
0.0624260525 1.96137431
0.062510255 1.96442284
0.0625947032 1.96747548
0.0626793977 1.97053224
0.0627643396 1.97359314
0.0628495296 1.97665818
0.0629349688 1.97972739
0.0630206578 1.98280077
0.0631065977 1.98587833
0.0631927894 1.98896008
0.0632792337 1.99204605
0.0633659315 1.99513624
0.0634528838 1.99823066
0.0635400914 2.00132932
0.0636275553 2.00443225
0.0637152765 2.00753944
0.0638032557 2.01065092
0.063891494 2.0137667
0.0639799923 2.01688678
0.0640687515 2.02001118
0.0641577725 2.02313992
0.0642470564 2.026273
0.064336604 2.02941045
0.0644264164 2.03255226
0.0645164944 2.03569847
0.0646068391 2.03884907
0.0646974514 2.04200408
0.0647883323 2.04516351
0.0648794827 2.04832738
0.0649709037 2.05149571
0.0650625962 2.05466849
0.0651545612 2.05784576
0.0652467998 2.06102751
0.0653393129 2.06421377
0.0654321015 2.06740455
0.0655251667 2.07059985
0.0656185094 2.0737997
0.0657121307 2.07700411
0.0658060315 2.08021309
0.0659002131 2.08342665
0.0659946763 2.08664481
0.0660894222 2.08986758
0.0661844518 2.09309498
0.0662797663 2.09632702
0.0663753666 2.09956372
0.0664712539 2.10280508
0.0665674291 2.10605112
0.0666638934 2.10930186
0.0667606478 2.11255731
0.0668576934 2.11581748
0.0669550313 2.11908239
0.0670526627 2.12235206
0.0671505885 2.12562649
0.0672488099 2.1289057
0.067347328 2.1321897
0.0674461439 2.13547852
0.0675452587 2.13877216
0.0676446736 2.14207064
0.0677443896 2.14537398
0.067844408 2.14868218
0.0679447298 2.15199527
0.0680453563 2.15531325
0.0681462884 2.15863615
0.0682475275 2.16196398
0.0683490747 2.16529675
0.068450931 2.16863447
0.0685530978 2.17197717
0.0686555762 2.17532486
0.0687583674 2.17867755
0.0688614725 2.18203526
0.0689648928 2.185398
0.0690686294 2.1887658
0.0691726837 2.19213865
0.0692770567 2.19551659
0.0693817497 2.19889963
0.069486764 2.20228777
0.0695921007 2.20568104
0.0696977611 2.20907946
0.0698037465 2.21248303
0.0699100581 2.21589178
0.0700166971 2.21930572
0.0701236649 2.22272486
0.0702309626 2.22614923
0.0703385917 2.22957883
0.0704465532 2.23301369
0.0705548487 2.23645382
0.0706634792 2.23989924
0.0707724462 2.24334996
0.0708817509 2.24680601
0.0709913947 2.25026738
0.0711013789 2.25373412
0.0712117048 2.25720622
0.0713223737 2.2606837
0.071433387 2.26416659
0.071544746 2.2676549
0.0716564522 2.27114865
0.0717685067 2.27464785
0.0718809111 2.27815252
0.0719936667 2.28166268
0.0721067748 2.28517834
0.072220237 2.28869952
0.0723340544 2.29222625
0.0724482287 2.29575853
0.0725627611 2.29929638
0.0726776531 2.30283983
0.0727929061 2.30638888
0.0729085215 2.30994357
0.0730245009 2.31350389
0.0731408456 2.31706988
0.073257557 2.32064155
0.0733746368 2.32421891
0.0734920862 2.32780199
0.0736099068 2.33139081
0.0737281001 2.33498538
0.0738466676 2.33858571
0.0739656107 2.34219184
0.074084931 2.34580377
0.0742046301 2.34942153
0.0743247093 2.35304513
0.0744451702 2.35667459
0.0745660145 2.36030994
0.0746872435 2.36395118
0.074808859 2.36759834
0.0749308624 2.37125144
0.0750532553 2.37491049
0.0751760393 2.37857552
0.075299216 2.38224654
0.0754227869 2.38592358
0.0755467538 2.38960665
0.0756711181 2.39329577
0.0757958815 2.39699096
0.0759210457 2.40069224
0.0760466122 2.40439963
0.0761725827 2.40811316
0.076298959 2.41183283
0.0764257425 2.41555867
0.0765529351 2.4192907
0.0766805383 2.42302894
0.076808554 2.42677341
0.0769369837 2.43052412
0.0770658291 2.43428111
0.0771950921 2.43804439
0.0773247743 2.44181397
0.0774548774 2.44558989
0.0775854033 2.44937216
0.0777163536 2.4531608
0.0778477301 2.45695583
0.0779795345 2.46075727
0.0781117688 2.46456515
0.0782444346 2.46837949
0.0783775337 2.4722003
0.078511068 2.47602761
0.0786450393 2.47986143
0.0787794494 2.4837018
0.0789143001 2.48754872
0.0790495934 2.49140223
0.0791853309 2.49526235
0.0793215147 2.49912909
0.0794581466 2.50300248
0.0795952285 2.50688253
0.0797327622 2.51076928
0.0798707498 2.51466274
0.080009193 2.51856294
0.0801480939 2.5224699
0.0802874544 2.52638363
0.0804272764 2.53030417
0.0805675618 2.53423153
0.0807083128 2.53816574
0.0808495311 2.54210683
0.0809912189 2.5460548
0.0811333781 2.55000969
0.0812760108 2.55397152
0.0814191189 2.55794031
0.0815627046 2.56191609
0.0817067698 2.56589888
0.0818513166 2.5698887
0.0819963471 2.57388557
0.0821418634 2.57788952
0.0822878675 2.58190058
0.0824343615 2.58591876
0.0825813477 2.58994409
0.082728828 2.5939766
0.0828768047 2.59801631
0.0830252799 2.60206324
0.0831742557 2.60611741
0.0833237344 2.61017886
0.0834737181 2.61424761
0.083624209 2.61832367
0.0837752093 2.62240708
0.0839267212 2.62649786
0.0840787471 2.63059604
0.084231289 2.63470163
0.0843843494 2.63881467
0.0845379304 2.64293519
0.0846920344 2.64706319
0.0848466636 2.65119873
0.0850018204 2.6553418
0.085157507 2.65949245
0.0853137259 2.6636507
0.0854704793 2.66781658
0.0856277697 2.6719901
0.0857855993 2.6761713
0.0859439707 2.68036021
0.0861028862 2.68455684
0.0862623482 2.68876124
0.0864223591 2.69297341
0.0865829214 2.69719339
0.0867440376 2.70142122
0.0869057101 2.7056569
0.0870679415 2.70990048
0.0872307341 2.71415197
0.0873940906 2.71841141
0.0875580134 2.72267882
0.0877225051 2.72695423
0.0878875683 2.73123767
0.0880532055 2.73552917
0.0882194193 2.73982875
0.0883862124 2.74413644
0.0885535872 2.74845227
0.0887215466 2.75277628
0.088890093 2.75710847
0.0890592293 2.7614489
0.089228958 2.76579758
0.0893992818 2.77015454
0.0895702036 2.77451982
0.0897417258 2.77889344
0.0899138515 2.78327543
0.0900865832 2.78766582
0.0902599237 2.79206464
0.0904338759 2.79647191
0.0906084425 2.80088768
0.0907836264 2.80531197
0.0909594305 2.80974481
0.0911358574 2.81418623
0.0913129102 2.81863625
0.0914905917 2.82309492
0.0916689048 2.82756226
0.0918478525 2.8320383
0.0920274377 2.83652308
0.0922076633 2.84101662
0.0923885323 2.84551895
0.0925700476 2.85003011
0.0927522125 2.85455013
0.0929350297 2.85907904
0.0931185024 2.86361687
0.0933026337 2.86816366
0.0934874265 2.87271943
0.0936728841 2.87728422
0.0938590096 2.88185806
0.094045806 2.88644098
0.0942332765 2.89103302
0.0944214244 2.89563421
0.0946102527 2.90024457
0.0947997647 2.90486416
0.0949899637 2.90949299
0.0951808528 2.9141311
0.0953724354 2.91877853
0.0955647148 2.92343531
0.0957576941 2.92810147
0.0959513769 2.93277704
0.0961457664 2.93746207
0.096340866 2.94215659
0.0965366791 2.94686062
0.096733209 2.95157421
0.0969304593 2.95629739
0.0971284334 2.9610302
0.0973271347 2.96577267
0.0975265668 2.97052483
0.0977267331 2.97528672
0.0979276372 2.98005839
0.0981292827 2.98483985
0.0983316731 2.98963116
0.098534812 2.99443234
0.0987387031 2.99924343
0.09894335 3.00406447
0.0991487563 3.0088955
0.0993549259 3.01373655
0.0995618622 3.01858766
0.0997695692 3.02344887
0.0999780506 3.02832022
0.10018731 3.03320173
0.100397352 3.03809346
0.100608179 3.04299544
0.100819796 3.0479077
0.101032206 3.05283029
0.101245414 3.05776324
0.101459423 3.0627066
0.101674238 3.0676604
0.101889862 3.07262468
0.102106299 3.07759948
0.102323553 3.08258484
0.102541629 3.08758081
0.10276053 3.09258741
0.10298026 3.09760469
0.103200825 3.1026327
0.103422227 3.10767146
0.103644471 3.11272103
0.103867561 3.11778144
0.104091502 3.12285274
0.104316297 3.12793496
0.104541952 3.13302815
0.104768469 3.13813235
0.104995854 3.14324761
0.105224112 3.14837395
0.105453245 3.15351144
0.10568326 3.1586601
0.10591416 3.16381998
0.106145949 3.16899113
0.106378633 3.17417359
0.106612215 3.1793674
0.106846701 3.18457261
0.107082095 3.18978926
0.107318402 3.19501739
0.107555625 3.20025705
0.107793771 3.20550829
0.108032843 3.21077114
0.108272847 3.21604565
0.108513787 3.22133188
0.108755668 3.22662986
0.108998495 3.23193964
0.109242272 3.23726127
0.109487005 3.24259479
0.109732699 3.24794025
0.109979358 3.25329769
0.110226988 3.25866717
0.110475593 3.26404873
0.110725179 3.26944242
0.11097575 3.27484828
0.111227313 3.28026637
0.111479871 3.28569673
0.111733431 3.29113941
0.111987997 3.29659445
0.112243575 3.30206192
0.11250017 3.30754186
0.112757787 3.31303431
0.113016432 3.31853933
0.113276111 3.32405697
0.113536828 3.32958727
0.113798589 3.3351303
0.114061399 3.34068609
0.114325265 3.3462547
0.114590192 3.35183618
0.114856185 3.35743059
0.11512325 3.36303797
0.115391393 3.36865838
0.11566062 3.37429187
0.115930936 3.3799385
0.116202347 3.3855983
0.116474859 3.39127135
0.116748478 3.39695769
0.117023211 3.40265738
0.117299062 3.40837046
0.117576037 3.41409701
0.117854144 3.41983706
0.118133388 3.42559068
0.118413775 3.43135792
0.118695312 3.43713883
0.118978004 3.44293348
0.119261859 3.44874192
0.119546881 3.4545642
0.119833078 3.46040038
0.120120457 3.46625052
0.120409023 3.47211468
0.120698782 3.47799292
0.120989743 3.48388528
0.12128191 3.48979184
0.121575292 3.49571265
0.121869893 3.50164777
0.122165722 3.50759725
0.122462785 3.51356117
0.122761089 3.51953957
0.12306064 3.52553252
0.123361446 3.53154008
0.123663514 3.53756232
0.12396685 3.54359928
0.124271462 3.54965104
0.124577356 3.55571765
0.12488454 3.56179919
0.125193022 3.5678957
0.125502808 3.57400726
0.125813905 3.58013393
0.126126322 3.58627576
0.126440065 3.59243284
0.126755142 3.59860521
0.127071561 3.60479296
0.127389329 3.61099613
0.127708453 3.6172148
0.128028942 3.62344903
0.128350804 3.62969889
0.128674045 3.63596445
0.128998674 3.64224577
0.129324698 3.64854292
0.129652127 3.65485597
0.129980967 3.66118498
0.130311227 3.66753004
0.130642915 3.67389119
0.130976039 3.68026852
0.131310608 3.6866621
0.13164663 3.69307199
0.131984112 3.69949827
0.132323065 3.705941
0.132663495 3.71240026
0.133005412 3.71887612
0.133348825 3.72536865
0.133693742 3.73187793
0.134040171 3.73840403
0.134388122 3.74494701
0.134737604 3.75150697
0.135088625 3.75808396
0.135441195 3.76467807
0.135795322 3.77128938
0.136151016 3.77791794
0.136508286 3.78456385
0.136867142 3.79122719
0.137227592 3.79790801
0.137589646 3.80460641
0.137953314 3.81132247
0.138318605 3.81805625
0.138685529 3.82480785
0.139054095 3.83157733
0.139424314 3.83836479
0.139796195 3.84517029
0.140169749 3.85199393
0.140544984 3.85883578
0.140921912 3.86569592
0.141300542 3.87257443
0.141680885 3.87947141
0.142062952 3.88638693
0.142446751 3.89332108
0.142832295 3.90027393
0.143219593 3.90724558
0.143608656 3.91423612
0.143999495 3.92124562
0.144392121 3.92827417
0.144786545 3.93532186
0.145182777 3.94238878
0.145580829 3.94947502
0.145980712 3.95658066
0.146382437 3.9637058
0.146786015 3.97085051
0.147191458 3.9780149
0.147598777 3.98519906
0.148007984 3.99240307
0.148419091 3.99962702
0.148832109 4.00687102
0.149247051 4.01413514
0.149663927 4.0214195
0.150082751 4.02872417
0.150503535 4.03604926
0.15092629 4.04339486
0.151351029 4.05076106
0.151777764 4.05814797
0.152206509 4.06555567
0.152637275 4.07298428
0.153070075 4.08043387
0.153504923 4.08790457
0.15394183 4.09539645
0.154380811 4.10290964
0.154821879 4.11044421
0.155265046 4.11800029
0.155710326 4.12557796
0.156157732 4.13317733
0.156607279 4.14079851
0.157058979 4.1484416
0.157512847 4.1561067
0.157968896 4.16379392
0.158427141 4.17150337
0.158887596 4.17923514
0.159350274 4.18698936
0.159815191 4.19476612
0.16028236 4.20256555
0.160751797 4.21038773
0.161223516 4.21823279
0.161697532 4.22610084
0.16217386 4.23399199
0.162652515 4.24190635
0.163133512 4.24984404
0.163616867 4.25780516
0.164102595 4.26578983
0.164590712 4.27379818
0.165081233 4.28183031
0.165574175 4.28988634
0.166069553 4.29796638
0.166567383 4.30607057
0.167067682 4.31419901
0.167570467 4.32235183
0.168075753 4.33052914
0.168583558 4.33873108
0.169093897 4.34695775
0.169606789 4.35520929
0.170122251 4.36348582
0.170640298 4.37178746
0.17116095 4.38011435
0.171684224 4.38846659
0.172210137 4.39684433
0.172738706 4.40524769
0.173269951 4.41367681
0.17380389 4.4221318
0.17434054 4.4306128
0.17487992 4.43911995
0.175422049 4.44765337
0.175966945 4.4562132
0.176514628 4.46479958
0.177065117 4.47341264
0.17761843 4.48205251
0.178174588 4.49071933
0.17873361 4.49941325
0.179295516 4.50813439
0.179860326 4.51688291
0.18042806 4.52565893
0.180998738 4.53446261
0.181572381 4.54329409
0.18214901 4.5521535
0.182728645 4.56104101
0.183311307 4.56995674
0.183897019 4.57890085
0.1844858 4.58787349
0.185077674 4.59687481
0.185672661 4.60590495
0.186270784 4.61496406
0.186872064 4.62405231
0.187476525 4.63316984
0.188084189 4.64231681
0.188695079 4.65149337
0.189309218 4.66069968
0.189926629 4.66993589
0.190547335 4.67920217
0.19117136 4.68849868
0.191798729 4.69782558
0.192429465 4.70718302
0.193063592 4.71657118
0.193701135 4.72599022
0.19434212 4.7354403
0.194986569 4.74492159
0.195634511 4.75443426
0.196285968 4.76397848
0.196940968 4.77355441
0.197599536 4.78316224
0.198261698 4.79280213
0.198927481 4.80247426
0.199596912 4.81217881
0.200270017 4.82191594
0.200946823 4.83168585
0.201627358 4.8414887
0.20231165 4.85132469
0.202999727 4.86119399
0.203691616 4.87109678
0.204387347 4.88103326
0.205086948 4.8910036
0.205790448 4.901008
0.206497876 4.91104665
0.207209262 4.92111973
0.207924636 4.93122744
0.208644028 4.94136996
0.209367468 4.95154751
0.210094988 4.96176026
0.210826617 4.97200843
0.211562389 4.98229221
0.212302333 4.99261179
0.213046482 5.00296739
0.213794869 5.01335921
0.214547526 5.02378744
0.215304485 5.03425231
0.21606578 5.04475402
0.216831445 5.05529277
0.217601514 5.06586878
0.21837602 5.07648227
0.219154998 5.08713345
0.219938483 5.09782253
0.220726511 5.10854974
0.221519116 5.11931529
0.222316335 5.13011941
0.223118204 5.14096232
0.22392476 5.15184424
0.224736039 5.16276541
0.22555208 5.17372604
0.226372919 5.18472639
0.227198596 5.19576666
0.228029148 5.20684711
0.228864614 5.21796796
0.229705035 5.22912946
0.230550449 5.24033184
0.231400897 5.25157535
0.232256419 5.26286023
0.233117056 5.27418672
0.23398285 5.28555508
0.234853842 5.29696555
0.235730075 5.30841839
0.236611591 5.31991384
0.237498434 5.33145218
0.238390647 5.34303364
0.239288274 5.35465851
0.240191359 5.36632702
0.241099948 5.37803946
0.242014085 5.38979608
0.242933818 5.40159716
0.243859191 5.41344297
0.244790253 5.42533378
0.245727051 5.43726986
0.246669631 5.44925149
0.247618043 5.46127896
0.248572336 5.47335255
0.249532559 5.48547253
0.250498762 5.4976392
0.251470996 5.50985285
0.252449311 5.52211377
0.253433759 5.53442225
0.254424392 5.54677859
0.255421264 5.5591831
0.256424426 5.57163606
0.257433934 5.58413779
0.258449842 5.59668859
0.259472204 5.60928877
0.260501077 5.62193865
0.261536516 5.63463854
0.262578578 5.64738876
0.263627322 5.66018962
0.264682805 5.67304146
0.265745086 5.6859446
0.266814225 5.69889936
0.267890281 5.71190608
0.268973316 5.72496509
0.27006339 5.73807673
0.271160567 5.75124134
0.272264908 5.76445927
0.273376479 5.77773085
0.274495342 5.79105645
0.275621563 5.80443641
0.276755208 5.81787109
0.277896344 5.83136085
0.279045037 5.84490604
0.280201356 5.85850704
0.281365369 5.87216422
0.282537147 5.88587793
0.28371676 5.89964857
0.284904278 5.91347651
0.286099775 5.92736213
0.287303323 5.94130582
0.288514996 5.95530796
0.289734869 5.96936895
0.290963017 5.98348918
0.292199517 5.99766906
0.293444446 6.01190899
0.294697882 6.02620937
0.295959905 6.04057062
0.297230595 6.05499314
0.298510033 6.06947737
0.299798301 6.08402372
0.301095482 6.09863261
0.30240166 6.11330448
0.303716921 6.12803977
0.30504135 6.1428389
0.306375034 6.15770233
0.307718063 6.1726305
0.309070525 6.18762385
0.310432511 6.20268286
0.311804112 6.21780797
0.313185421 6.23299964
0.314576532 6.24825836
0.315977539 6.26358459
0.31738854 6.2789788
0.318809631 6.29444149
0.320240911 6.30997313
0.321682479 6.32557422
0.323134438 6.34124525
0.324596888 6.35698673
0.326069935 6.37279916
0.327553683 6.38868305
0.329048237 6.40463892
0.330553707 6.42066728
0.332070201 6.43676868
0.333597829 6.45294362
0.335136703 6.46919266
0.336686937 6.48551633
0.338248645 6.50191519
0.339821945 6.51838977
0.341406953 6.53494065
0.343003788 6.55156839
0.344612573 6.56827355
0.346233429 6.58505672
0.347866481 6.60191846
0.349511854 6.61885938
0.351169676 6.63588005
0.352840075 6.65298109
0.354523184 6.6701631
0.356219134 6.68742668
0.357928061 6.70477246
0.359650099 6.72220107
0.361385388 6.73971312
0.363134067 6.75730926
0.364896278 6.77499014
0.366672165 6.7927564
0.368461874 6.8106087
0.370265553 6.8285477
0.372083351 6.84657409
0.373915421 6.86468853
0.375761916 6.88289171
0.377622993 6.90118432
0.37949881 6.91956708
0.381389528 6.93804067
0.383295309 6.95660583
0.385216319 6.97526327
0.387152725 6.99401372
0.389104697 7.01285793
0.391072408 7.03179664
0.393056032 7.05083061
0.395055747 7.06996059
0.397071733 7.08918737
0.399104171 7.10851173
0.401153248 7.12793444
0.403219151 7.14745632
0.405302071 7.16707817
0.4074022 7.18680079
0.409519736 7.20662503
0.411654877 7.22655172
0.413807827 7.24658169
0.415978788 7.2667158
0.418167971 7.28695492
0.420375586 7.30729991
0.422601848 7.32775167
0.424846975 7.34831108
0.427111187 7.36897905
0.429394709 7.38975649
0.431697769 7.41064432
0.434020599 7.43164348
0.436363433 7.45275493
0.438726509 7.4739796
0.441110071 7.49531848
0.443514364 7.51677254
0.445939639 7.53834278
0.448386148 7.56003019
0.45085415 7.58183579
0.453343907 7.60376062
0.455855685 7.6258057
0.458389754 7.6479721
0.460946388 7.67026087
0.463525868 7.69267309
0.466128477 7.71520986
0.468754502 7.73787228
0.471404237 7.76066147
0.474077979 7.78357855
0.476776031 7.80662468
0.479498701 7.82980101
0.482246301 7.85310871
0.485019149 7.87654899
0.487817568 7.90012303
0.490641887 7.92383206
0.49349244 7.94767731
0.496369566 7.97166003
0.499273612 7.99578149
0.502204928 8.02004297
0.505163873 8.04444576
0.508150809 8.06899119
0.511166107 8.09368058
0.514210143 8.11851528
0.5172833 8.14349666
0.520385967 8.16862611
0.523518541 8.19390501
0.526681426 8.21933481
0.529875031 8.24491693
0.533099775 8.27065283
0.536356083 8.296544
0.539644389 8.32259193
0.542965132 8.34879814
0.546318763 8.37516416
0.549705738 8.40169157
0.553126523 8.42838192
0.556581592 8.45523684
0.560071427 8.48225794
0.563596521 8.50944687
0.567157375 8.5368053
0.570754498 8.56433492
0.574388412 8.59203744
0.578059646 8.61991462
0.58176874 8.6479682
0.585516245 8.67619998
0.589302721 8.70461177
0.593128742 8.73320542
0.596994889 8.76198278
0.600901757 8.79094576
0.604849952 8.82009627
0.608840093 8.84943627
0.61287281 8.87896772
0.616948745 8.90869264
0.621068556 8.93861305
0.625232911 8.96873103
0.629442492 8.99904867
0.633697997 9.02956809
0.638000137 9.06029146
0.642349637 9.09122096
0.646747239 9.12235881
0.651193698 9.15370729
0.655689787 9.18526867
0.660236293 9.21704528
0.664834024 9.24903949
0.669483799 9.2812537
0.674186461 9.31369033
0.678942867 9.34635187
0.683753894 9.37924083
0.688620438 9.41235976
0.693543415 9.44571126
0.698523761 9.47929794
0.703562434 9.51312251
0.70866041 9.54718766
0.713818692 9.58149616
0.719038302 9.61605083
0.724320286 9.65085451
0.729665716 9.68591011
0.735075687 9.72122056
0.740551319 9.75678888
0.74609376 9.79261809
0.751704183 9.82871131
0.757383792 9.86507168
0.763133816 9.90170239
0.768955517 9.93860672
0.774850185 9.97578796
0.780819143 10.0132495
0.786863745 10.0509947
0.79298538 10.0890272
0.799185471 10.1273504
0.805465477 10.1659679
0.811826893 10.2048835
0.818271252 10.2441009
0.824800129 10.2836238
0.831415135 10.3234562
0.838117927 10.3636019
0.844910203 10.4040651
0.851793707 10.4448497
0.858770229 10.48596
0.865841606 10.5274002
0.873009727 10.5691746
0.880276529 10.6112876
0.887644006 10.6537437
0.895114204 10.6965474
0.902689226 10.7397034
0.910371237 10.7832165
0.91816246 10.8270914
0.926065184 10.8713331
0.934081762 10.9159467
0.942214615 10.9609371
0.950466237 11.0063097
0.958839194 11.0520698
0.967336128 11.0982228
0.975959761 11.1447742
0.984712897 11.1917297
0.993598427 11.239095
1.00261933 11.286876
1.01177867 11.3350788
1.02107963 11.3837094
1.03052546 11.4327741
1.04011955 11.4822793
1.04986536 11.5322314
1.0597665 11.5826372
1.06982668 11.6335034
1.08004972 11.684837
1.09043961 11.736645
1.10100042 11.7889347
1.1117364 11.8417135
1.12265192 11.894989
1.13375153 11.9487689
1.14503992 12.003061
1.15652194 12.0578735
1.16820264 12.1132145
1.18008722 12.1690927
1.19218109 12.2255165
1.20448986 12.2824948
1.21701934 12.3400366
1.22977557 12.3981512
1.24276482 12.456848
1.25599358 12.5161367
1.26946862 12.5760272
1.28319695 12.6365297
1.2971859 12.6976544
1.31144304 12.759412
1.32597629 12.8218134
1.34079388 12.8848696
1.35590438 12.9485922
1.37131672 13.0129927
1.38704022 13.0780831
1.40308458 13.1438756
1.41945995 13.2103828
1.43617691 13.2776174
1.4532465 13.3455927
1.47068028 13.4143222
1.48849032 13.4838195
1.50668925 13.5540989
1.52529029 13.6251747
1.54430729 13.6970619
1.56375475 13.7697756
1.58364787 13.8433313
1.6040026 13.917745
1.62483569 13.9930329
1.6461647 14.0692117
1.66800811 14.1462984
1.69038532 14.2243106
1.71331676 14.303266
1.73682392 14.3831828
1.76092944 14.4640798
1.78565717 14.5459759
1.81103227 14.6288904
1.83708128 14.7128433
1.86383221 14.7978545
1.89131467 14.8839448
1.91955996 14.9711348
1.94860116 15.0594457
1.9784733 15.1488991
2.00921349 15.2395165
2.04086104 15.3313199
2.07345763 15.4243313
2.1070475 15.518573
2.14167759 15.6140671
2.17739779 15.7108358
2.21426111 15.8089009
2.25232391 15.9082841
2.29164617 16.0090068
2.33229175 16.1110894
2.37432862 16.214552
2.41782922 16.3194132
2.46287075 16.4256907
2.50953551 16.5334003
2.55791126 16.6425561
2.60809158 16.7531696
2.66017629 16.8652497
2.71427183 16.9788016
2.77049173 17.0938265
2.82895695 17.2103211
2.88979641 17.328276
2.95314732 17.4476754
3.01915565 17.5684956
3.08797644 17.6907039
3.15977414 17.814257
3.23472281 17.9390991
3.31300628 18.0651605
3.39481803 18.192355
3.48036103 18.3205775
3.56984716 18.4497013
3.66349638 18.5795752
3.76153545 18.7100199
3.86419611 18.8408243
3.97171255 18.971742
4.08431817 19.1024866
4.20224129 19.2327276
4.32569977 19.3620862
4.45489431 19.4901309
4.59000024 19.6163743
4.73115774 19.7402693
4.87846031 19.8612082
5.03194147 19.978522
5.1915599 20.091483
5.35718316 20.1993097
5.52857057 20.3011756
5.70535598 20.3962226
5.8870314 20.4835783
6.07293283 20.5623792
6.26222983 20.6317986
6.45392025 20.6910788
6.64683194 20.7395662
6.83963241 20.7767489
7.03084732 20.802293
7.2188877 20.8160753
7.40208515 20.8182122
7.57873338 20.8090794
7.74713389 20.7893238
7.90564351 20.7598659
8.05272147 20.7218925
8.18697431 20.6768425
8.30719767 20.6263839
8.41241433 20.5723867
8.50190844 20.5168881
8.57525553 20.4620532
8.63234731 20.410129
8.67340969 20.363392
8.69901139 20.3240904
8.71006063 20.294381
8.70778763 20.2762667
8.69371175 20.271536
8.66959421 20.2817114
8.63737879 20.3080101
8.59912494 20.3513211
8.5569385 20.4121998
8.51290549 20.4908795
8.46903364 20.5872981
8.42720512 20.7011356
8.38914233 20.8318593
8.35638694 20.9787711
8.33029138 21.1410538
8.3120207 21.317815
8.30256267 21.5081233
8.30274365 21.7110395
8.31324803 21.9256406
8.33463926 22.1510367
8.3673812 22.3863823
8.4118584 22.630883
8.46839489 22.8837976
8.53727077 23.1444364
8.61873659 23.4121583
8.71302531 23.6863647
8.82036195 23.9664929
8.94097095 24.2520082
9.07508147 24.5423962
9.22293059 24.8371543
9.38476467 25.1357833
9.56083887 25.4377803
9.751415 25.7426311
9.95675786 26.0498044
10.1771301 26.3587473
10.4127862 26.6688815
10.6639651 26.9796024
10.9308834 27.2902802
11.2137281 27.6002631
11.5126506 27.9088829
11.8277629 28.2154639
12.1591365 28.5193322
12.5068046 28.8198269
12.8707692 29.1163109
13.2510126 29.4081795
13.6475127 29.6948658
14.0602616 29.9758404
14.4892861 30.2506042
14.9346656 30.5186734
15.396548 30.7795575
15.875157 31.0327295
16.3707907 31.277593
16.8838095 31.513447
17.4146105 31.7394542
17.9635929 31.9546158
18.5311123 32.1577568
19.1174313 32.3475256
19.7226686 32.5224085
20.3467531 32.6807609
20.9893881 32.8208514
21.6500297 32.9409167
22.3278834 33.039221
23.0219192 33.1141143
23.7309043 33.1640831
24.4534501 33.1877867
25.1880679 33.1840775
25.9332273 33.1519997
26.6874108 33.0907693
27.4491574 32.9997368
28.2170913 32.8783353
28.9899308 32.7260217
29.7664765 32.5422144
30.5455774 32.3262354
31.3260764 32.0772629
32.1067375 31.7942986
32.8861584 31.4761585
33.6626732 31.1214885
34.4342538 30.7288129
35.1984161 30.2966152
35.9521445 29.8234549
36.6918434 29.3081155
37.4133307 28.7497789
38.1118818 28.1482137
38.782334 27.5039625
39.4192526 26.8185073
40.017155 26.0943917
40.5707777 25.3352791
41.0753678 24.54593
41.5269683 23.7320918
41.9226696 22.9003018
42.2607963 22.0576193
42.5410087 21.2113099
42.7643075 20.368514
42.9329411 19.5359327
43.0502305 18.7195624
43.1203335 17.9244992
43.1479781 17.1548268
43.138193 16.4135874
43.0960632 15.7028264
43.0265271 15.0236922
42.9342271 14.3765731
42.8234145 13.7612483
42.6979049 13.1770361
42.5610738 12.6229258
42.4158803 12.0976862
42.2649087 11.5999462
42.1104142 11.1282497
41.9543674 10.6810883
41.7984898 10.2569194
41.64428 9.85417409
41.4930293 9.47126163
41.3458307 9.10657448
41.2035819 8.7584958
41.0669868 8.42541012
40.9365562 8.10571673
40.8126088 7.79784547
40.6952732 7.50027431
40.5844906 7.21154929
40.4800191 6.93030725
40.3814418 6.65530177
40.2881794 6.38543216
40.1995109 6.11977414
40.1146037 5.85760964
40.0325538 5.59845217
39.9524362 5.34206332
39.873362 5.08845666
39.7945391 4.8378854
39.7153307 4.59081268
39.6353049 4.34786478
39.5542713 4.10977002
39.4722983 3.87728803
39.3897101 3.6511353
39.3070609 3.43191368
39.2250893 3.22004856
39.144655 3.01574293
39.066663 2.81895218
38.9919837 2.62938332
38.9213739 2.4465196
38.8554089 2.2696696
38.7944329 2.09803668
38.7385329 1.93080271
38.6875409 1.76721772
38.6410658 1.60668648
38.5985516 1.44884279
38.5593597 1.2936032
38.5228654 1.14119367
38.4885622 0.992145029
38.4561633 0.847255861
38.425689 0.707524484
38.3975335 0.574054898
38.372501 0.447944149
38.3518084 0.33016067
38.3370513 0.221424243
38.3301372 0.122098097
38.3331888 0.0321025658
38.3484256 -0.0491422784
38.3780329 -0.122740124
38.424028 -0.190305887
38.488133 -0.253917684
38.5716635 -0.316036391
38.6754417 -0.379398067
38.7997405 -0.446886421
38.9442618 -0.521393946
39.1081522 -0.605681281
39.2900565 -0.702244726
39.4882031 -0.813201583
39.7005195 -0.940202072
39.9247675 -1.08437503
40.1586889 -1.24631245
40.4001517 -1.42609527
40.6472836 -1.62335937
40.8985828 -1.83739775
41.1529941 -2.06729088
41.4099456 -2.31205454
41.6693388 -2.57079241
41.9314955 -2.84283962
42.1970632 -3.12788425
42.46689 -3.42605565
42.7418776 -3.73797145
43.0228277 -4.06473909
43.3102957 -4.40791164
43.6044634 -4.76940202
43.9050448 -5.15136374
44.2112322 -5.55604948
44.5216889 -5.98566151
44.8345883 -6.44220916
45.1476939 -6.92738825
45.4584729 -7.44249521
45.7642271 -7.98838478
46.062227 -8.5654749
46.3498306 -9.17379678
46.6245741 -9.81308204
46.8842211 -10.4828742
47.1267655 -11.1826487
47.3503873 -11.9119237
47.5533666 -12.6703459
47.7339678 -13.4577368
47.8903092 -14.2740914
48.020235 -15.1195259
48.1212081 -15.9941762
48.1902393 -16.8980585
48.2238643 -17.8309034
48.2181762 -18.7919817
48.1689131 -19.7799383
48.071597 -20.7926529
47.9217143 -21.8271413
47.7149241 -22.8795085
47.4472775 -23.9449604
47.1154313 -25.0178746
46.716838 -26.0919274
46.2498971 -27.160266
45.7140581 -28.2157142
45.1098659 -29.2509935
44.4389508 -30.2589451
43.7039661 -31.2327348
42.9084814 -32.166029
42.056846 -33.0531339
41.1540325 -33.8890906
40.2054764 -34.6697295
39.216921 -35.3916848
38.194279 -36.0523773
37.1435149 -36.6499735
36.0705524 -37.1833312
34.9812052 -37.6519396
33.8811279 -38.0558627
32.7757808 -38.3956894
31.6704024 -38.6724939
30.5699831 -38.8878034
29.479236 -39.0435713
28.402563 -39.1421499
27.3440171 -39.1862586
26.3072627 -39.178944
25.2955392 -39.1235302
24.3116318 -39.02356
23.3578524 -38.8827284
22.436034 -38.7048134
21.5475381 -38.4936058
20.693276 -38.2528445
19.8737408 -37.9861581
19.0890476 -37.6970165
18.3389795 -37.3886925
17.6230367 -37.0642354
16.9404848 -36.7264532
16.2904018 -36.3779055
15.6717211 -36.0209027
15.0832708 -35.6575125
14.5238079 -35.2895701
13.9920465 -34.918692
13.486683 -34.5462917
13.0064152 -34.1735967
12.5499581 -33.8016656
12.1160559 -33.4314048
11.7034913 -33.063585
11.311092 -32.698856
10.9377346 -32.3377612
10.5823479 -31.9807504
10.2439141 -31.6281916
9.92146876 -31.2803814
9.61410047 -30.9375546
9.32094967 -30.5998925
9.041207 -30.2675301
8.77411134 -29.9405631
8.51894771 -29.6190532
8.27504497 -29.303033
8.04177352 -28.9925109
7.818543 -28.6874744
7.60479994 -28.3878935
7.40002557 -28.0937238
7.20373364 -27.8049085
7.01546837 -27.5213812
6.83480244 -27.243067
6.66133517 -26.9698845
6.49469075 -26.7017473
6.33451657 -26.4385648
6.18048166 -26.1802434
6.03227526 -25.9266872
5.88960545 -25.6777992
5.75219788 -25.4334812
5.6197946 -25.1936348
5.49215296 -24.9581618
5.36904455 -24.7269644
5.25025431 -24.4999458
5.13557961 -24.27701
5.02482942 -24.0580626
4.91782359 -23.8430103
4.81439209 -23.6317617
4.71437439 -23.4242269
4.61761881 -23.2203179
4.52398202 -23.0199485
4.43332843 -22.8230345
4.34552974 -22.6294935
4.26046449 -22.4392452
4.17801763 -22.252211
4.0980801 -22.0683145
4.02054851 -21.8874811
3.94532474 -21.7096383
3.87231567 -21.5347154
3.80143285 -21.3626434
3.73259224 -21.1933554
3.66571395 -21.0267862
3.60072199 -20.8628723
3.53754404 -20.7015522
3.47611127 -20.5427659
3.4163581 -20.3864549
3.35822204 -20.2325626
3.30164352 -20.0810338
3.24656572 -19.931815
3.19293442 -19.784854
3.14069786 -19.6401001
3.08980662 -19.4975041
3.04021345 -19.3570181
2.99187321 -19.2185955
2.94474273 -19.082191
2.89878072 -18.9477607
2.85394764 -18.8152616
2.81020566 -18.6846522
2.76751854 -18.5558919
2.72585155 -18.4289414
2.68517142 -18.3037624
2.64544621 -18.1803175
2.60664533 -18.0585704
2.5687394 -17.938486
2.53170023 -17.8200299
2.49550074 -17.7031686
2.46011493 -17.5878695
2.42551781 -17.4741011
2.39168536 -17.3618324
2.35859449 -17.2510334
2.32622298 -17.141675
2.29454947 -17.0337285
2.2635534 -16.9271662
2.23321495 -16.8219612
2.20351506 -16.718087
2.17443536 -16.615518
2.14595815 -16.5142291
2.11806637 -16.414196
2.09074357 -16.3153949
2.06397389 -16.2178026
2.03774202 -16.1213965
2.0120332 -16.0261545
1.98683316 -15.9320552
1.96212816 -15.8390775
1.9379049 -15.747201
1.91415054 -15.6564057
1.89085268 -15.5666721
1.86799933 -15.4779812
1.84557889 -15.3903144
1.82358017 -15.3036535
1.80199232 -15.2179809
1.78080487 -15.1332792
1.76000765 -15.0495316
1.73959086 -14.9667216
1.71954498 -14.884833
1.69986081 -14.80385
1.68052944 -14.7237574
1.66154223 -14.6445401
1.6428908 -14.5661833
1.62456705 -14.4886726
1.60656312 -14.4119941
1.58887137 -14.336134
1.57148443 -14.2610788
1.55439512 -14.1868155
1.53759648 -14.113331
1.52108177 -14.040613
1.50484443 -13.968649
1.4888781 -13.8974271
1.47317661 -13.8269354
1.45773396 -13.7571624
1.44254433 -13.6880969
1.42760207 -13.6197277
1.41290167 -13.5520441
1.39843779 -13.4850354
1.38420524 -13.4186914
1.37019898 -13.3530018
1.35641409 -13.2879567
1.3428458 -13.2235463
1.32948948 -13.1597611
1.3163406 -13.0965918
1.30339477 -13.0340291
1.29064772 -12.9720641
1.27809529 -12.9106879
1.26573341 -12.8498921
1.25355816 -12.7896679
1.24156568 -12.7300073
1.22975225 -12.670902
1.21811421 -12.6123441
1.20664802 -12.5543258
1.19535022 -12.4968393
1.18421744 -12.4398772
1.17324639 -12.383432
1.16243388 -12.3274966
1.15177679 -12.2720638
1.14127207 -12.2171266
1.13091675 -12.1626783
1.12070795 -12.108712
1.11064283 -12.0552213
1.10071866 -12.0021996
1.09093272 -11.9496405
1.08128242 -11.897538
1.07176518 -11.8458857
1.06237852 -11.7946778
1.05311999 -11.7439082
1.04398721 -11.6935713
1.03497785 -11.6436613
1.02608966 -11.5941726
1.01732041 -11.5450998
1.00866794 -11.4964374
1.00013013 -11.4481801
0.99170491 -11.4003227
0.983390269 -11.3528601
0.97518423 -11.3057873
0.967084864 -11.2590992
0.959090286 -11.2127912
0.951198652 -11.1668583
0.943408162 -11.1212959
0.935717052 -11.0760993
0.9281236 -11.0312641
0.92062612 -10.9867857
0.913222964 -10.9426597
0.90591252 -10.8988819
0.89869321 -10.855448
0.891563491 -10.8123538
0.884521852 -10.7695952
0.877566815 -10.7271681
0.870696934 -10.6850687
0.863910793 -10.6432929
0.857207006 -10.601837
0.850584214 -10.5606971
0.844041091 -10.5198695
0.837576335 -10.4793505
0.831188671 -10.4391366
0.824876852 -10.3992242
0.818639655 -10.3596097
0.812475883 -10.3202898
0.806384363 -10.281261
0.800363946 -10.2425201
0.794413506 -10.2040637
0.788531939 -10.1658886
0.782718164 -10.1279916
0.77697112 -10.0903696
0.77128977 -10.0530194
0.765673094 -10.0159381
0.760120094 -9.9791227
0.754629791 -9.94257017
0.749201225 -9.90627763
0.743833456 -9.87024222
0.738525559 -9.83446112
0.73327663 -9.79893155
0.72808578 -9.76365077
0.722952139 -9.72861608
0.717874852 -9.69382483
0.712853081 -9.65927439
0.707886003 -9.62496219
0.702972811 -9.59088567
0.698112713 -9.55704233
0.693304932 -9.52342971
0.688548705 -9.49004535
0.683843282 -9.45688686
0.67918793 -9.42395187
0.674581926 -9.39123804
0.670024562 -9.35874308
0.665515143 -9.32646471
0.661052985 -9.2944007
0.656637417 -9.26254884
0.652267783 -9.23090696
0.647943433 -9.1994729
0.643663734 -9.16824455
0.639428061 -9.13721982
0.635235801 -9.10639666
0.631086352 -9.07577303
0.626979123 -9.04534693
0.622913531 -9.01511638
0.618889007 -8.98507944
0.614904989 -8.95523418
0.610960925 -8.9255787
0.607056273 -8.89611113
0.6031905 -8.86682963
0.599363084 -8.83773236
0.595573509 -8.80881754
0.591821269 -8.78008338
0.588105867 -8.75152813
0.584426813 -8.72315006
0.580783628 -8.69494747
0.577175839 -8.66691868
0.573602979 -8.63906201
0.570064593 -8.61137583
0.566560231 -8.58385852
0.56308945 -8.55650847
0.559651815 -8.52932412
0.5562469 -8.50230389
0.552874282 -8.47544625
0.549533549 -8.44874968
0.546224292 -8.42221268
0.542946111 -8.39583377
0.539698612 -8.36961148
0.536481406 -8.34354436
0.533294113 -8.317631
0.530136357 -8.29186997
0.527007767 -8.2662599
0.523907981 -8.2407994
0.520836639 -8.21548711
0.51779339 -8.19032169
0.514777886 -8.16530183
0.511789786 -8.1404262
0.508828755 -8.11569351
0.505894459 -8.09110249
0.502986575 -8.06665188
0.500104781 -8.04234042
0.497248761 -8.01816688
0.494418204 -7.99413006
0.491612803 -7.97022873
0.488832257 -7.94646172
0.486076269 -7.92282785
0.483344546 -7.89932595
0.4806368 -7.87595489
0.477952747 -7.85271352
0.475292107 -7.82960072
0.472654605 -7.8066154
0.470039969 -7.78375644
0.467447932 -7.76102278
0.464878231 -7.73841333
0.462330605 -7.71592704
0.4598048 -7.69356287
0.457300562 -7.67131979
0.454817645 -7.64919676
0.452355803 -7.62719278
0.449914794 -7.60530685
0.447494382 -7.58353799
0.445094332 -7.56188522
0.442714412 -7.54034756
0.440354397 -7.51892407
0.43801406 -7.49761381
0.435693181 -7.47641583
0.433391542 -7.45532922
0.431108929 -7.43435306
0.428845128 -7.41348645
0.426599931 -7.3927285
0.424373133 -7.37207831
0.422164529 -7.35153503
0.41997392 -7.33109778
0.417801109 -7.31076572
0.4156459 -7.29053798
0.413508101 -7.27041375
0.411387523 -7.25039219
0.40928398 -7.23047248
0.407197286 -7.21065381
0.40512726 -7.19093538
0.403073723 -7.1713164
0.401036498 -7.15179609
0.39901541 -7.13237366
0.397010288 -7.11304836
0.395020961 -7.09381941
0.393047262 -7.07468608
0.391089026 -7.05564761
0.38914609 -7.03670328
0.387218292 -7.01785234
0.385305475 -6.99909409
0.383407481 -6.9804278
0.381524156 -6.96185278
0.379655347 -6.94336832
0.377800903 -6.92497373
0.375960677 -6.90666833
0.374134521 -6.88845144
0.372322291 -6.87032239
0.370523844 -6.85228051
0.368739038 -6.83432516
0.366967735 -6.81645567
0.365209797 -6.79867141
0.363465089 -6.78097173
0.361733476 -6.76335602
0.360014827 -6.74582363
0.358309011 -6.72837397
0.356615898 -6.7110064
0.354935363 -6.69372033
0.353267279 -6.67651515
0.351611522 -6.65939028
0.349967969 -6.64234512
0.3483365 -6.62537909
0.346716996 -6.60849162
0.345109338 -6.59168213
0.34351341 -6.57495005
0.341929096 -6.55829484
0.340356284 -6.54171592
0.338794861 -6.52521276
0.337244716 -6.50878482
0.33570574 -6.49243154
0.334177824 -6.4761524
0.332660862 -6.45994686
0.331154748 -6.44381442
0.329659378 -6.42775454
0.328174649 -6.41176671
0.326700459 -6.39585043
0.325236708 -6.38000519
0.323783297 -6.36423049
0.322340126 -6.34852584
0.320907101 -6.33289075
0.319484124 -6.31732473
0.318071101 -6.30182731
0.316667938 -6.286398
0.315274544 -6.27103634
0.313890826 -6.25574185
0.312516695 -6.24051408
0.311152061 -6.22535256
0.309796836 -6.21025685
0.308450934 -6.19522648
0.307114268 -6.18026102
0.305786752 -6.16536003
0.304468303 -6.15052306
0.303158838 -6.13574968
0.301858275 -6.12103946
0.300566532 -6.10639197
0.299283529 -6.0918068
0.298009186 -6.07728352
0.296743426 -6.06282172
0.29548617 -6.04842099
0.294237343 -6.03408092
0.292996867 -6.01980111
0.291764669 -6.00558115
0.290540674 -5.99142065
0.289324809 -5.97731922
0.288117001 -5.96327647
0.286917179 -5.94929201
0.285725272 -5.93536546
0.28454121 -5.92149643
0.283364923 -5.90768456
0.282196344 -5.89392948
0.281035404 -5.8802308
0.279882036 -5.86658816
0.278736175 -5.85300121
0.277597754 -5.83946958
0.276466709 -5.82599292
0.275342977 -5.81257086
0.274226492 -5.79920307
0.273117194 -5.78588919
0.272015019 -5.77262887
0.270919907 -5.75942179
0.269831796 -5.74626759
0.268750627 -5.73316594
0.267676341 -5.72011651
0.266608878 -5.70711897
0.265548181 -5.69417299
0.264494192 -5.68127825
0.263446854 -5.66843442
0.262406112 -5.65564119
0.261371909 -5.64289823
0.26034419 -5.63020524
0.259322901 -5.6175619
0.258307988 -5.6049679
0.257299397 -5.59242295
0.256297076 -5.57992673
0.255300974 -5.56747894
0.254311037 -5.55507929
0.253327214 -5.54272747
0.252349457 -5.5304232
0.251377713 -5.51816619
0.250411934 -5.50595614
0.249452071 -5.49379276
0.248498074 -5.48167578
0.247549897 -5.46960492
0.246607491 -5.45757989
0.24567081 -5.44560041
0.244739807 -5.43366621
0.243814436 -5.42177702
0.242894651 -5.40993257
0.241980407 -5.39813258
0.241071659 -5.3863768
0.240168364 -5.37466495
0.239270477 -5.36299678
0.238377955 -5.35137203
0.237490755 -5.33979043
0.236608835 -5.32825173
0.235732153 -5.31675569
0.234860666 -5.30530203
0.233994335 -5.29389053
0.233133117 -5.28252092
0.232276973 -5.27119297
0.231425863 -5.25990642
0.230579747 -5.24866104
0.229738586 -5.23745659
0.22890234 -5.22629282
0.228070972 -5.2151695
0.227244444 -5.2040864
0.226422718 -5.19304329
0.225605756 -5.18203992
0.224793522 -5.17107609
0.223985978 -5.16015154
0.22318309 -5.14926607
0.22238482 -5.13841944
0.221591134 -5.12761144
0.220801996 -5.11684184
0.220017371 -5.10611042
0.219237226 -5.09541697
0.218461524 -5.08476127
0.217690234 -5.07414311
0.216923321 -5.06356228
0.216160752 -5.05301856
0.215402494 -5.04251174
0.214648515 -5.03204162
0.213898782 -5.021608
0.213153263 -5.01121066
0.212411928 -5.00084941
0.211674743 -4.99052403
0.210941679 -4.98023435
0.210212705 -4.96998014
0.209487789 -4.95976122
0.208766902 -4.9495774
0.208050015 -4.93942847
0.207337096 -4.92931425
0.206628118 -4.91923454
0.20592305 -4.90918916
0.205221865 -4.89917791
0.204524533 -4.88920062
0.203831026 -4.87925708
0.203141316 -4.86934712
0.202455376 -4.85947056
0.201773178 -4.84962722
0.201094695 -4.83981691
0.200419899 -4.83003945
0.199748764 -4.82029467
0.199081264 -4.81058239
0.198417371 -4.80090243
0.197757061 -4.79125463
0.197100307 -4.78163881
0.196447084 -4.77205479
0.195797366 -4.76250242
0.195151129 -4.75298151
0.194508346 -4.7434919
0.193868995 -4.73403342
0.19323305 -4.72460591
0.192600487 -4.71520921
0.191971282 -4.70584315
0.191345412 -4.69650757
0.190722852 -4.6872023
0.19010358 -4.6779272
0.189487572 -4.66868209
0.188874805 -4.65946683
0.188265257 -4.65028126
0.187658905 -4.64112521
0.187055726 -4.63199855
0.186455699 -4.62290111
0.185858802 -4.61383274
0.185265012 -4.60479329
0.184674309 -4.59578261
0.18408667 -4.58680055
0.183502075 -4.57784697
0.182920502 -4.56892172
0.182341932 -4.56002465
0.181766342 -4.55115561
0.181193713 -4.54231447
0.180624024 -4.53350108
0.180057256 -4.52471529
0.179493388 -4.51595698
0.1789324 -4.50722599
0.178374274 -4.49852219
0.177818988 -4.48984544
0.177266525 -4.4811956
0.176716865 -4.47257254
0.176169989 -4.46397613
0.175625879 -4.45540622
0.175084515 -4.44686268
0.17454588 -4.43834538
0.174009954 -4.4298542
0.17347672 -4.42138899
0.17294616 -4.41294963
0.172418256 -4.40453599
0.17189299 -4.39614795
0.171370345 -4.38778536
0.170850302 -4.37944812
0.170332846 -4.37113609
0.169817959 -4.36284914
0.169305624 -4.35458715
0.168795824 -4.34635001
0.168288542 -4.33813758
0.167783762 -4.32994975
0.167281467 -4.3217864
0.166781642 -4.3136474
0.166284269 -4.30553263
0.165789333 -4.29744198
0.165296819 -4.28937533
0.164806709 -4.28133256
0.16431899 -4.27331356
0.163833644 -4.26531821
0.163350658 -4.2573464
0.162870014 -4.24939801
0.1623917 -4.24147292
0.161915698 -4.23357104
0.161441996 -4.22569224
0.160970577 -4.21783641
0.160501427 -4.21000344
0.160034532 -4.20219323
0.159569877 -4.19440566
0.159107447 -4.18664063
0.15864723 -4.17889803
0.158189211 -4.17117775
0.157733375 -4.16347969
0.157279709 -4.15580374
0.156828199 -4.14814979
0.156378832 -4.14051774
0.155931593 -4.1329075
0.155486471 -4.12531894
0.155043451 -4.11775198
0.15460252 -4.11020651
0.154163665 -4.10268243
0.153726873 -4.09517964
0.153292131 -4.08769804
0.152859427 -4.08023753
0.152428747 -4.07279801
0.15200008 -4.06537938
0.151573412 -4.05798156
0.151148732 -4.05060443
0.150726026 -4.04324791
0.150305284 -4.0359119
0.149886492 -4.0285963
0.149469639 -4.02130102
0.149054712 -4.01402596
0.148641701 -4.00677104
0.148230593 -3.99953616
0.147821376 -3.99232123
0.14741404 -3.98512615
0.147008572 -3.97795084
0.146604961 -3.97079521
0.146203197 -3.96365916
0.145803267 -3.9565426
0.14540516 -3.94944546
0.145008866 -3.94236763
0.144614374 -3.93530904
0.144221673 -3.92826959
0.143830752 -3.9212492
0.143441599 -3.91424778
0.143054206 -3.90726524
0.142668561 -3.90030151
0.142284653 -3.89335649
0.141902473 -3.88643011
0.14152201 -3.87952227
0.141143254 -3.8726329
0.140766194 -3.86576192
0.140390821 -3.85890923
0.140017124 -3.85207477
0.139645094 -3.84525844
0.139274721 -3.83846018
0.138905995 -3.83167988
0.138538906 -3.82491749
0.138173445 -3.81817292
0.137809602 -3.81144609
0.137447368 -3.80473691
0.137086733 -3.79804533
0.136727688 -3.79137125
0.136370223 -3.78471459
0.13601433 -3.7780753
0.135659999 -3.77145328
0.135307221 -3.76484846
0.134955987 -3.75826076
0.134606289 -3.75169012
0.134258117 -3.74513646
0.133911462 -3.7385997
0.133566317 -3.73207977
0.133222671 -3.72557659
0.132880517 -3.7190901
0.132539845 -3.71262022
0.132200648 -3.70616689
0.131862917 -3.69973002
0.131526644 -3.69330955
0.13119182 -3.68690541
0.130858436 -3.68051752
0.130526486 -3.67414582
0.13019596 -3.66779025
0.129866851 -3.66145072
0.12953915 -3.65512717
0.12921285 -3.64881953
0.128887943 -3.64252774
0.12856442 -3.63625172
0.128242275 -3.62999142
0.127921498 -3.62374676
0.127602084 -3.61751767
0.127284023 -3.6113041
0.126967308 -3.60510597
0.126651933 -3.59892323
0.126337889 -3.5927558
0.126025168 -3.58660362
0.125713765 -3.58046662
0.12540367 -3.57434476
0.125094878 -3.56823795
0.12478738 -3.56214614
0.12448117 -3.55606926
0.12417624 -3.55000725
0.123872584 -3.54396006
0.123570194 -3.53792761
0.123269064 -3.53190985
0.122969186 -3.52590671
0.122670554 -3.51991814
0.12237316 -3.51394408
0.122076999 -3.50798446
0.121782063 -3.50203922
0.121488345 -3.49610832
0.12119584 -3.49019167
0.12090454 -3.48428924
0.120614439 -3.47840096
0.12032553 -3.47252676
0.120037807 -3.4666666
0.119751263 -3.46082042
0.119465893 -3.45498816
0.119181689 -3.44916976
0.118898646 -3.44336516
0.118616757 -3.43757432
0.118336016 -3.43179717
0.118056417 -3.42603366
0.117777954 -3.42028373
0.11750062 -3.41454732
0.11722441 -3.4088244
0.116949318 -3.40311488
0.116675337 -3.39741874
0.116402462 -3.3917359
0.116130687 -3.38606633
0.115860007 -3.38040995
0.115590414 -3.37476673
0.115321904 -3.3691366
0.115054471 -3.36351952
0.114788109 -3.35791544
0.114522812 -3.35232429
0.114258575 -3.34674604
0.113995393 -3.34118062
0.113733259 -3.33562799
0.113472169 -3.3300881
0.113212117 -3.32456089
0.112953097 -3.31904632
0.112695103 -3.31354433
0.112438132 -3.30805488
0.112182177 -3.30257792
0.111927233 -3.29711339
0.111673295 -3.29166126
0.111420357 -3.28622146
0.111168415 -3.28079395
0.110917463 -3.27537868
0.110667497 -3.26997561
0.11041851 -3.26458469
0.110170498 -3.25920586
0.109923457 -3.25383909
0.10967738 -3.24848432
0.109432264 -3.24314152
0.109188103 -3.23781062
0.108944892 -3.23249159
0.108702627 -3.22718437
0.108461302 -3.22188893
0.108220913 -3.21660522
0.107981455 -3.2113332
0.107742924 -3.2060728
0.107505314 -3.20082401
0.107268621 -3.19558676
0.107032841 -3.19036101
0.106797968 -3.18514672
0.106563998 -3.17994385
0.106330927 -3.17475234
0.106098751 -3.16957217
0.105867463 -3.16440328
0.105637061 -3.15924563
0.10540754 -3.15409918
0.105178894 -3.14896389
0.104951121 -3.14383971
0.104724215 -3.1387266
0.104498173 -3.13362451
0.104272989 -3.12853342
0.10404866 -3.12345327
0.103825182 -3.11838403
0.10360255 -3.11332564
0.103380759 -3.10827808
0.103159807 -3.1032413
0.102939688 -3.09821526
0.102720399 -3.09319992
0.102501935 -3.08819524
0.102284293 -3.08320118
0.102067468 -3.07821769
0.101851457 -3.07324475
0.101636254 -3.06828231
0.101421858 -3.06333033
0.101208263 -3.05838877
0.100995465 -3.0534576
0.100783461 -3.04853677
0.100572247 -3.04362624
0.100361819 -3.03872599
0.100152173 -3.03383596
0.0999433054 -3.02895612
0.0997352124 -3.02408644
0.0995278902 -3.01922688
0.0993213352 -3.01437739
0.0991155436 -3.00953795
0.0989105117 -3.00470851
0.0987062359 -2.99988904
0.0985027126 -2.9950795
0.098299938 -2.99027985
0.0980979088 -2.98549006
0.0978966211 -2.9807101
0.0976960716 -2.97593992
0.0974962567 -2.97117949
0.0972971728 -2.96642878
0.0970988166 -2.96168775
0.0969011845 -2.95695636
0.0967042731 -2.95223458
0.0965080789 -2.94752237
0.0963125986 -2.9428197
0.0961178288 -2.93812654
0.0959237662 -2.93344285
0.0957304073 -2.92876859
0.0955377488 -2.92410373
0.0953457875 -2.91944825
0.0951545201 -2.91480209
0.0949639434 -2.91016524
0.094774054 -2.90553765
0.0945848487 -2.9009193
0.0943963244 -2.89631014
0.0942084778 -2.89171015
0.0940213059 -2.8871193
0.0938348053 -2.88253755
0.0936489731 -2.87796487
0.0934638061 -2.87340122
0.0932793012 -2.86884658
0.0930954554 -2.86430091
0.0929122655 -2.85976418
0.0927297286 -2.85523636
0.0925478416 -2.85071741
0.0923666015 -2.84620731
0.0921860053 -2.84170602
0.0920060501 -2.83721352
0.0918267329 -2.83272976
0.0916480508 -2.82825473
0.0914700009 -2.82378839
0.0912925802 -2.8193307
0.0911157859 -2.81488164
0.0909396151 -2.81044118
0.090764065 -2.80600929
0.0905891327 -2.80158594
0.0904148155 -2.79717109
0.0902411104 -2.79276472
0.0900680148 -2.7883668
0.0898955258 -2.7839773
0.0897236408 -2.77959618
0.0895523569 -2.77522343
0.0893816715 -2.770859
0.0892115818 -2.76650288
0.0890420852 -2.76215503
0.0888731789 -2.75781542
0.0887048604 -2.75348403
0.088537127 -2.74916082
0.088369976 -2.74484577
0.0882034048 -2.74053885
0.0880374109 -2.73624003
0.0878719917 -2.73194929
0.0877071445 -2.72766659
0.0875428669 -2.72339191
0.0873791562 -2.71912522
0.08721601 -2.71486649
0.0870534258 -2.7106157
0.086891401 -2.70637282
0.0867299331 -2.70213781
0.0865690198 -2.69791066
0.0864086585 -2.69369134
0.0862488468 -2.68947982
0.0860895823 -2.68527607
0.0859308625 -2.68108007
0.0857726851 -2.67689178
0.0856150477 -2.6727112
0.0854579478 -2.66853828
0.0853013832 -2.664373
0.0851453515 -2.66021534
0.0849898503 -2.65606526
0.0848348773 -2.65192275
0.0846804303 -2.64778778
0.0845265069 -2.64366033
0.0843731048 -2.63954036
0.0842202217 -2.63542785
0.0840678555 -2.63132278
0.0839160038 -2.62722512
0.0837646645 -2.62313485
0.0836138352 -2.61905194
0.0834635139 -2.61497636
0.0833136982 -2.6109081
0.0831643861 -2.60684713
0.0830155753 -2.60279342
0.0828672637 -2.59874695
0.0827194491 -2.5947077
0.0825721294 -2.59067564
0.0824253024 -2.58665074
0.0822789661 -2.58263299
END
