SIMP
NP=4096
SW=20000
TYPE=SPE
DATA
0.0755565435 -2.3938329
0.0754328009 -2.39014934
0.0753094519 -2.38647179
0.075186495 -2.38280025
0.0750639285 -2.37913469
0.0749417509 -2.37547509
0.0748199606 -2.37182144
0.0746985561 -2.36817372
0.0745775358 -2.3645319
0.0744568982 -2.36089598
0.0743366417 -2.35726592
0.0742167649 -2.35364172
0.0740972662 -2.35002335
0.0739781441 -2.3464108
0.0738593971 -2.34280404
0.0737410238 -2.33920306
0.0736230226 -2.33560785
0.0735053921 -2.33201837
0.0733881308 -2.32843462
0.0732712372 -2.32485658
0.07315471 -2.32128423
0.0730385475 -2.31771755
0.0729227485 -2.31415652
0.0728073114 -2.31060112
0.0726922349 -2.30705135
0.0725775176 -2.30350717
0.0724631579 -2.29996858
0.0723491546 -2.29643555
0.0722355062 -2.29290807
0.0721222114 -2.28938613
0.0720092687 -2.2858697
0.0718966767 -2.28235876
0.0717844342 -2.2788533
0.0716725398 -2.27535331
0.071560992 -2.27185876
0.0714497896 -2.26836964
0.0713389312 -2.26488594
0.0712284155 -2.26140763
0.0711182411 -2.25793469
0.0710084068 -2.25446713
0.0708989111 -2.2510049
0.0707897529 -2.24754801
0.0706809308 -2.24409643
0.0705724435 -2.24065014
0.0704642897 -2.23720914
0.0703564681 -2.2337734
0.0702489775 -2.2303429
0.0701418166 -2.22691764
0.0700349841 -2.2234976
0.0699284788 -2.22008275
0.0698222994 -2.21667309
0.0697164447 -2.2132686
0.0696109134 -2.20986926
0.0695057044 -2.20647505
0.0694008163 -2.20308597
0.0692962479 -2.19970199
0.0691919981 -2.19632311
0.0690880657 -2.19294929
0.0689844493 -2.18958054
0.0688811479 -2.18621683
0.0687781602 -2.18285814
0.0686754851 -2.17950447
0.0685731214 -2.1761558
0.0684710679 -2.17281211
0.0683693234 -2.16947339
0.0682678867 -2.16613962
0.0681667568 -2.16281079
0.0680659325 -2.15948688
0.0679654125 -2.15616788
0.0678651959 -2.15285377
0.0677652813 -2.14954454
0.0676656678 -2.14624017
0.0675663542 -2.14294066
0.0674673393 -2.13964597
0.0673686221 -2.13635611
0.0672702015 -2.13307105
0.0671720763 -2.12979079
0.0670742454 -2.1265153
0.0669767078 -2.12324457
0.0668794623 -2.11997859
0.066782508 -2.11671734
0.0666858436 -2.11346082
0.0665894682 -2.110209
0.0664933807 -2.10696187
0.06639758 -2.10371941
0.066302065 -2.10048163
0.0662068347 -2.09724849
0.0661118881 -2.09401998
0.0660172241 -2.0907961
0.0659228417 -2.08757683
0.0658287398 -2.08436215
0.0657349175 -2.08115206
0.0656413736 -2.07794653
0.0655481073 -2.07474555
0.0654551174 -2.07154912
0.0653624029 -2.06835721
0.065269963 -2.06516982
0.0651777964 -2.06198692
0.0650859024 -2.05880851
0.0649942798 -2.05563458
0.0649029278 -2.05246511
0.0648118452 -2.04930008
0.0647210312 -2.04613949
0.0646304848 -2.04298332
0.064540205 -2.03983156
0.0644501908 -2.03668419
0.0643604413 -2.0335412
0.0642709556 -2.03040259
0.0641817326 -2.02726833
0.0640927715 -2.02413841
0.0640040713 -2.02101283
0.063915631 -2.01789156
0.0638274498 -2.0147746
0.0637395268 -2.01166193
0.0636518609 -2.00855355
0.0635644513 -2.00544943
0.063477297 -2.00234957
0.0633903972 -1.99925395
0.063303751 -1.99616256
0.0632173574 -1.99307539
0.0631312156 -1.98999242
0.0630453246 -1.98691365
0.0629596836 -1.98383906
0.0628742917 -1.98076864
0.062789148 -1.97770238
0.0627042516 -1.97464026
0.0626196017 -1.97158228
0.0625351974 -1.96852842
0.0624510378 -1.96547867
0.062367122 -1.96243301
0.0622834493 -1.95939144
0.0622000188 -1.95635395
0.0621168295 -1.95332051
0.0620338807 -1.95029113
0.0619511716 -1.94726579
0.0618687012 -1.94424447
0.0617864688 -1.94122717
0.0617044735 -1.93821387
0.0616227146 -1.93520457
0.061541191 -1.93219924
0.0614599022 -1.92919788
0.0613788472 -1.92620049
0.0612980253 -1.92320704
0.0612174355 -1.92021752
0.0611370772 -1.91723193
0.0610569495 -1.91425025
0.0609770517 -1.91127247
0.0608973829 -1.90829858
0.0608179423 -1.90532858
0.0607387292 -1.90236243
0.0606597428 -1.89940015
0.0605809823 -1.89644171
0.0605024469 -1.89348711
0.0604241358 -1.89053633
0.0603460484 -1.88758937
0.0602681837 -1.8846462
0.0601905412 -1.88170683
0.0601131199 -1.87877124
0.0600359192 -1.87583942
0.0599589383 -1.87291136
0.0598821764 -1.86998704
0.0598056329 -1.86706647
0.0597293069 -1.86414962
0.0596531977 -1.86123648
0.0595773047 -1.85832706
0.0595016269 -1.85542133
0.0594261639 -1.85251928
0.0593509147 -1.84962091
0.0592758787 -1.8467262
0.0592010552 -1.84383515
0.0591264435 -1.84094774
0.0590520428 -1.83806396
0.0589778524 -1.8351838
0.0589038717 -1.83230726
0.0588300998 -1.82943432
0.0587565362 -1.82656498
0.0586831802 -1.82369921
0.0586100309 -1.82083702
0.0585370879 -1.81797839
0.0584643502 -1.81512331
0.0583918174 -1.81227177
0.0583194886 -1.80942377
0.0582473633 -1.80657929
0.0581754407 -1.80373831
0.0581037201 -1.80090085
0.058032201 -1.79806687
0.0579608825 -1.79523638
0.0578897642 -1.79240936
0.0578188452 -1.7895858
0.057748125 -1.7867657
0.0576776029 -1.78394904
0.0576072783 -1.78113581
0.0575371504 -1.77832601
0.0574672187 -1.77551963
0.0573974824 -1.77271665
0.0573279411 -1.76991706
0.0572585939 -1.76712086
0.0571894404 -1.76432804
0.0571204798 -1.76153859
0.0570517115 -1.7587525
0.0569831349 -1.75596975
0.0569147494 -1.75319034
0.0568465543 -1.75041427
0.0567785491 -1.74764151
0.056710733 -1.74487207
0.0566431056 -1.74210593
0.0565756662 -1.73934308
0.0565084141 -1.73658352
0.0564413489 -1.73382723
0.0563744698 -1.73107421
0.0563077762 -1.72832444
0.0562412677 -1.72557792
0.0561749435 -1.72283464
0.0561088031 -1.7200946
0.0560428459 -1.71735777
0.0559770713 -1.71462415
0.0559114787 -1.71189374
0.0558460675 -1.70916652
0.0557808372 -1.70644249
0.0557157872 -1.70372163
0.0556509169 -1.70100395
0.0555862257 -1.69828942
0.0555217131 -1.69557804
0.0554573785 -1.6928698
0.0553932213 -1.6901647
0.0553292409 -1.68746272
0.0552654369 -1.68476386
0.0552018086 -1.6820681
0.0551383554 -1.67937545
0.0550750769 -1.67668588
0.0550119725 -1.6739994
0.0549490416 -1.67131599
0.0548862837 -1.66863564
0.0548236982 -1.66595835
0.0547612847 -1.66328411
0.0546990424 -1.66061291
0.054636971 -1.65794473
0.0545750699 -1.65527959
0.0545133385 -1.65261745
0.0544517764 -1.64995833
0.0543903829 -1.6473022
0.0543291576 -1.64464906
0.0542680999 -1.6419989
0.0542072093 -1.63935172
0.0541464854 -1.6367075
0.0540859275 -1.63406624
0.0540255351 -1.63142793
0.0539653078 -1.62879256
0.0539052451 -1.62616013
0.0538453464 -1.62353062
0.0537856111 -1.62090402
0.0537260389 -1.61828034
0.0536666293 -1.61565956
0.0536073816 -1.61304167
0.0535482954 -1.61042667
0.0534893702 -1.60781454
0.0534306056 -1.60520528
0.053372001 -1.60259889
0.0533135559 -1.59999535
0.0532552699 -1.59739466
0.0531971424 -1.5947968
0.053139173 -1.59220178
0.0530813612 -1.58960958
0.0530237065 -1.5870202
0.0529662084 -1.58443362
0.0529088665 -1.58184985
0.0528516803 -1.57926886
0.0527946492 -1.57669067
0.0527377729 -1.57411525
0.0526810509 -1.5715426
0.0526244827 -1.56897271
0.0525680678 -1.56640558
0.0525118058 -1.5638412
0.0524556962 -1.56127955
0.0523997386 -1.55872064
0.0523439325 -1.55616446
0.0522882774 -1.55361099
0.0522327728 -1.55106024
0.0521774185 -1.54851218
0.0521222138 -1.54596683
0.0520671583 -1.54342416
0.0520122516 -1.54088417
0.0519574933 -1.53834686
0.0519028829 -1.53581222
0.0518484199 -1.53328023
0.051794104 -1.5307509
0.0517399346 -1.52822421
0.0516859114 -1.52570017
0.0516320339 -1.52317875
0.0515783017 -1.52065996
0.0515247144 -1.51814378
0.0514712714 -1.51563022
0.0514179725 -1.51311925
0.0513648171 -1.51061089
0.0513118049 -1.50810511
0.0512589354 -1.50560192
0.0512062083 -1.5031013
0.051153623 -1.50060325
0.0511011792 -1.49810776
0.0510488764 -1.49561482
0.0509967143 -1.49312443
0.0509446924 -1.49063659
0.0508928103 -1.48815127
0.0508410677 -1.48566849
0.0507894641 -1.48318822
0.050737999 -1.48071047
0.0506866722 -1.47823522
0.0506354832 -1.47576248
0.0505844315 -1.47329223
0.0505335169 -1.47082446
0.0504827388 -1.46835918
0.050432097 -1.46589637
0.050381591 -1.46343602
0.0503312204 -1.46097814
0.0502809848 -1.4585227
0.0502308839 -1.45606972
0.0501809172 -1.45361918
0.0501310844 -1.45117107
0.0500813851 -1.44872538
0.0500318189 -1.44628212
0.0499823854 -1.44384127
0.0499330842 -1.44140283
0.049883915 -1.4389668
0.0498348774 -1.43653315
0.049785971 -1.4341019
0.0497371954 -1.43167303
0.0496885503 -1.42924653
0.0496400353 -1.4268224
0.04959165 -1.42440064
0.049543394 -1.42198123
0.049495267 -1.41956418
0.0494472687 -1.41714947
0.0493993986 -1.41473709
0.0493516564 -1.41232705
0.0493040418 -1.40991933
0.0492565543 -1.40751394
0.0492091936 -1.40511085
0.0491619594 -1.40271008
0.0491148513 -1.4003116
0.049067869 -1.39791542
0.0490210121 -1.39552153
0.0489742802 -1.39312992
0.048927673 -1.39074058
0.0488811901 -1.38835352
0.0488348313 -1.38596872
0.0487885961 -1.38358618
0.0487424843 -1.38120589
0.0486964954 -1.37882785
0.0486506291 -1.37645205
0.0486048852 -1.37407848
0.0485592631 -1.37170714
0.0485137627 -1.36933802
0.0484683836 -1.36697112
0.0484231254 -1.36460643
0.0483779879 -1.36224395
0.0483329706 -1.35988366
0.0482880732 -1.35752557
0.0482432955 -1.35516966
0.0481986371 -1.35281594
0.0481540976 -1.35046439
0.0481096768 -1.34811501
0.0480653742 -1.34576779
0.0480211897 -1.34342273
0.0479771228 -1.34107982
0.0479331733 -1.33873907
0.0478893408 -1.33640045
0.047845625 -1.33406396
0.0478020256 -1.33172961
0.0477585423 -1.32939738
0.0477151747 -1.32706727
0.0476719226 -1.32473927
0.0476287856 -1.32241338
0.0475857635 -1.32008959
0.0475428558 -1.31776789
0.0475000624 -1.31544829
0.0474573829 -1.31313077
0.0474148169 -1.31081533
0.0473723643 -1.30850196
0.0473300246 -1.30619066
0.0472877976 -1.30388143
0.047245683 -1.30157425
0.0472036805 -1.29926912
0.0471617897 -1.29696604
0.0471200105 -1.294665
0.0470783424 -1.29236599
0.0470367852 -1.29006901
0.0469953386 -1.28777406
0.0469540023 -1.28548113
0.0469127761 -1.28319021
0.0468716595 -1.2809013
0.0468306524 -1.27861439
0.0467897544 -1.27632948
0.0467489652 -1.27404657
0.0467082847 -1.27176564
0.0466677124 -1.26948669
0.0466272481 -1.26720972
0.0465868915 -1.26493472
0.0465466423 -1.26266168
0.0465065003 -1.26039061
0.0464664652 -1.25812149
0.0464265366 -1.25585432
0.0463867144 -1.2535891
0.0463469982 -1.25132581
0.0463073877 -1.24906446
0.0462678828 -1.24680505
0.046228483 -1.24454755
0.0461891882 -1.24229198
0.046149998 -1.24003832
0.0461109123 -1.23778657
0.0460719306 -1.23553672
0.0460330528 -1.23328877
0.0459942787 -1.23104272
0.0459556078 -1.22879855
0.04591704 -1.22655627
0.0458785749 -1.22431587
0.0458402124 -1.22207734
0.0458019522 -1.21984068
0.045763794 -1.21760588
0.0457257375 -1.21537295
0.0456877825 -1.21314186
0.0456499287 -1.21091263
0.0456121759 -1.20868524
0.0455745238 -1.20645969
0.0455369721 -1.20423597
0.0454995207 -1.20201409
0.0454621692 -1.19979402
0.0454249174 -1.19757578
0.045387765 -1.19535935
0.0453507118 -1.19314474
0.0453137576 -1.19093192
0.0452769021 -1.18872091
0.0452401449 -1.18651169
0.045203486 -1.18430427
0.0451669251 -1.18209863
0.0451304618 -1.17989477
0.045094096 -1.17769268
0.0450578275 -1.17549237
0.0450216559 -1.17329383
0.044985581 -1.17109705
0.0449496026 -1.16890202
0.0449137205 -1.16670875
0.0448779344 -1.16451723
0.0448422441 -1.16232744
0.0448066493 -1.1601394
0.0447711498 -1.1579531
0.0447357453 -1.15576852
0.0447004357 -1.15358566
0.0446652208 -1.15140453
0.0446301001 -1.14922511
0.0445950736 -1.14704741
0.044560141 -1.14487141
0.0445253021 -1.14269711
0.0444905566 -1.14052451
0.0444559044 -1.1383536
0.0444213451 -1.13618438
0.0443868786 -1.13401684
0.0443525046 -1.13185098
0.044318223 -1.1296868
0.0442840334 -1.12752429
0.0442499357 -1.12536344
0.0442159296 -1.12320426
0.044182015 -1.12104673
0.0441481915 -1.11889085
0.0441144591 -1.11673662
0.0440808173 -1.11458404
0.0440472662 -1.11243309
0.0440138053 -1.11028378
0.0439804346 -1.1081361
0.0439471537 -1.10599004
0.0439139626 -1.1038456
0.0438808609 -1.10170279
0.0438478484 -1.09956158
0.043814925 -1.09742198
0.0437820904 -1.09528399
0.0437493444 -1.0931476
0.0437166868 -1.0910128
0.0436841174 -1.08887959
0.043651636 -1.08674797
0.0436192424 -1.08461794
0.0435869363 -1.08248948
0.0435547176 -1.08036259
0.0435225861 -1.07823727
0.0434905415 -1.07611352
0.0434585837 -1.07399133
0.0434267124 -1.0718707
0.0433949274 -1.06975162
0.0433632286 -1.06763409
0.0433316158 -1.0655181
0.0433000886 -1.06340366
0.0432686471 -1.06129075
0.0432372908 -1.05917937
0.0432060197 -1.05706952
0.0431748335 -1.05496119
0.0431437321 -1.05285438
0.0431127153 -1.05074909
0.0430817828 -1.04864531
0.0430509344 -1.04654303
0.0430201701 -1.04444226
0.0429894895 -1.04234298
0.0429588925 -1.04024521
0.0429283789 -1.03814892
0.0428979485 -1.03605412
0.0428676011 -1.0339608
0.0428373365 -1.03186896
0.0428071545 -1.02977859
0.042777055 -1.02768969
0.0427470378 -1.02560227
0.0427171026 -1.0235163
0.0426872493 -1.02143179
0.0426574778 -1.01934874
0.0426277877 -1.01726713
0.042598179 -1.01518698
0.0425686514 -1.01310826
0.0425392047 -1.01103099
0.0425098389 -1.00895514
0.0424805537 -1.00688073
0.0424513488 -1.00480775
0.0424222243 -1.00273619
0.0423931798 -1.00066605
0.0423642151 -0.998597319
0.0423353302 -0.996530003
0.0423065248 -0.994464095
0.0422777988 -0.992399589
0.0422491519 -0.990336483
0.0422205841 -0.988274773
0.042192095 -0.986214455
0.0421636847 -0.984155524
0.0421353528 -0.982097978
0.0421070992 -0.980041812
0.0420789237 -0.977987022
0.0420508262 -0.975933605
0.0420228065 -0.973881557
0.0419948644 -0.971830874
0.0419669998 -0.969781553
0.0419392125 -0.967733589
0.0419115022 -0.965686978
0.041883869 -0.963641718
0.0418563125 -0.961597804
0.0418288326 -0.959555233
0.0418014291 -0.957514
0.041774102 -0.955474102
0.041746851 -0.953435536
0.0417196759 -0.951398297
0.0416925766 -0.949362383
0.041665553 -0.947327788
0.0416386048 -0.94529451
0.0416117319 -0.943262546
0.0415849341 -0.94123189
0.0415582114 -0.93920254
0.0415315635 -0.937174491
0.0415049902 -0.935147741
0.0414784914 -0.933122286
0.041452067 -0.931098121
0.0414257168 -0.929075244
0.0413994406 -0.927053651
0.0413732383 -0.925033338
0.0413471098 -0.923014301
0.0413210547 -0.920996538
0.0412950731 -0.918980044
0.0412691648 -0.916964815
0.0412433296 -0.914950849
0.0412175673 -0.912938141
0.0411918778 -0.910926689
0.041166261 -0.908916488
0.0411407166 -0.906907535
0.0411152446 -0.904899827
0.0410898449 -0.902893359
0.0410645171 -0.900888129
0.0410392613 -0.898884133
0.0410140772 -0.896881367
0.0409889647 -0.894879829
0.0409639236 -0.892879514
0.0409389539 -0.890880418
0.0409140554 -0.888882539
0.0408892278 -0.886885874
0.0408644711 -0.884890417
0.0408397852 -0.882896167
0.0408151698 -0.88090312
0.0407906249 -0.878911272
0.0407661503 -0.876920619
0.0407417458 -0.874931159
0.0407174113 -0.872942888
0.0406931467 -0.870955803
0.0406689519 -0.868969899
0.0406448266 -0.866985175
0.0406207708 -0.865001625
0.0405967843 -0.863019248
0.040572867 -0.861038039
0.0405490187 -0.859057995
0.0405252393 -0.857079114
0.0405015286 -0.85510139
0.0404778866 -0.853124822
0.0404543131 -0.851149406
0.0404308079 -0.849175138
0.0404073709 -0.847202015
0.040384002 -0.845230034
0.0403607011 -0.843259192
0.040337468 -0.841289485
0.0403143025 -0.839320909
0.0402912046 -0.837353462
0.0402681742 -0.835387141
0.040245211 -0.833421941
0.0402223149 -0.83145786
0.0401994859 -0.829494895
0.0401767238 -0.827533042
0.0401540284 -0.825572297
0.0401313997 -0.823612659
0.0401088374 -0.821654122
0.0400863416 -0.819696685
0.040063912 -0.817740344
0.0400415485 -0.815785096
0.040019251 -0.813830937
0.0399970193 -0.811877864
0.0399748535 -0.809925875
0.0399527532 -0.807974965
0.0399307184 -0.806025132
0.039908749 -0.804076372
0.0398868448 -0.802128683
0.0398650058 -0.800182061
0.0398432317 -0.798236503
0.0398215225 -0.796292005
0.0397998781 -0.794348565
0.0397782983 -0.79240618
0.039756783 -0.790464846
0.0397353321 -0.78852456
0.0397139454 -0.786585319
0.0396926229 -0.78464712
0.0396713645 -0.782709959
0.0396501699 -0.780773835
0.0396290392 -0.778838742
0.0396079721 -0.77690468
0.0395869685 -0.774971643
0.0395660284 -0.77303963
0.0395451516 -0.771108637
0.0395243381 -0.769178661
0.0395035876 -0.767249699
0.0394829 -0.765321748
0.0394622754 -0.763394804
0.0394417135 -0.761468866
0.0394212142 -0.759543929
0.0394007774 -0.75761999
0.039380403 -0.755697048
0.039360091 -0.753775098
0.0393398411 -0.751854137
0.0393196532 -0.749934163
0.0392995273 -0.748015172
0.0392794633 -0.746097162
0.039259461 -0.744180129
0.0392395203 -0.742264071
0.0392196411 -0.740348984
0.0391998233 -0.738434865
0.0391800668 -0.736521712
0.0391603716 -0.734609521
0.0391407373 -0.73269829
0.0391211641 -0.730788015
0.0391016517 -0.728878694
0.0390822 -0.726970323
0.0390628091 -0.7250629
0.0390434786 -0.723156421
0.0390242086 -0.721250885
0.0390049989 -0.719346286
0.0389858494 -0.717442624
0.0389667601 -0.715539895
0.0389477308 -0.713638095
0.0389287614 -0.711737222
0.0389098518 -0.709837274
0.0388910019 -0.707938247
0.0388722116 -0.706040137
0.0388534808 -0.704142944
0.0388348094 -0.702246662
0.0388161973 -0.700351291
0.0387976445 -0.698456826
0.0387791507 -0.696563264
0.0387607159 -0.694670604
0.03874234 -0.692778841
0.0387240229 -0.690887974
0.0387057645 -0.688997999
0.0386875647 -0.687108914
0.0386694234 -0.685220715
0.0386513405 -0.683333399
0.0386333159 -0.681446965
0.0386153495 -0.679561409
0.0385974413 -0.677676727
0.038579591 -0.675792919
0.0385617987 -0.673909979
0.0385440642 -0.672027907
0.0385263874 -0.670146698
0.0385087683 -0.66826635
0.0384912067 -0.666386861
0.0384737026 -0.664508227
0.0384562558 -0.662630446
0.0384388662 -0.660753514
0.0384215339 -0.65887743
0.0384042586 -0.65700219
0.0383870403 -0.655127791
0.0383698788 -0.653254231
0.0383527742 -0.651381507
0.0383357263 -0.649509617
0.038318735 -0.647638556
0.0383018002 -0.645768324
0.0382849219 -0.643898916
0.0382680999 -0.64203033
0.0382513342 -0.640162564
0.0382346246 -0.638295614
0.0382179711 -0.636429479
0.0382013736 -0.634564154
0.038184832 -0.632699638
0.0381683462 -0.630835928
0.0381519162 -0.628973021
0.0381355418 -0.627110914
0.0381192229 -0.625249605
0.0381029595 -0.62338909
0.0380867515 -0.621529368
0.0380705988 -0.619670435
0.0380545013 -0.617812289
0.0380384589 -0.615954927
0.0380224716 -0.614098347
0.0380065392 -0.612242545
0.0379906617 -0.610387519
0.037974839 -0.608533266
0.037959071 -0.606679785
0.0379433576 -0.604827071
0.0379276988 -0.602975123
0.0379120944 -0.601123937
0.0378965444 -0.599273511
0.0378810487 -0.597423843
0.0378656072 -0.59557493
0.0378502199 -0.593726768
0.0378348866 -0.591879356
0.0378196072 -0.590032691
0.0378043818 -0.58818677
0.0377892102 -0.586341591
0.0377740923 -0.584497151
0.0377590281 -0.582653447
0.0377440175 -0.580810477
0.0377290603 -0.578968237
0.0377141566 -0.577126727
0.0376993062 -0.575285942
0.0376845091 -0.57344588
0.0376697652 -0.571606539
0.0376550744 -0.569767917
0.0376404367 -0.56793001
0.0376258519 -0.566092815
0.03761132 -0.564256331
0.0375968409 -0.562420555
0.0375824145 -0.560585484
0.0375680408 -0.558751116
0.0375537197 -0.556917447
0.0375394511 -0.555084476
0.0375252349 -0.553252201
0.0375110712 -0.551420617
0.0374969597 -0.549589723
0.0374829004 -0.547759517
0.0374688932 -0.545929995
0.0374549382 -0.544101155
0.0374410351 -0.542272996
0.037427184 -0.540445513
0.0374133848 -0.538618704
0.0373996373 -0.536792568
0.0373859415 -0.534967102
0.0373722975 -0.533142302
0.0373587049 -0.531318167
0.0373451639 -0.529494693
0.0373316744 -0.52767188
0.0373182362 -0.525849723
0.0373048493 -0.52402822
0.0372915136 -0.52220737
0.0372782291 -0.520387169
0.0372649957 -0.518567615
0.0372518133 -0.516748705
0.0372386819 -0.514930437
0.0372256014 -0.513112809
0.0372125717 -0.511295818
0.0371995928 -0.509479461
0.0371866646 -0.507663737
0.037173787 -0.505848642
0.03716096 -0.504034174
0.0371481835 -0.50222033
0.0371354574 -0.500407109
0.0371227816 -0.498594508
0.0371101562 -0.496782524
0.037097581 -0.494971155
0.037085056 -0.493160398
0.0370725812 -0.491350251
0.0370601563 -0.489540711
0.0370477815 -0.487731776
0.0370354566 -0.485923444
0.0370231815 -0.484115713
0.0370109562 -0.482308579
0.0369987807 -0.48050204
0.0369866549 -0.478696094
0.0369745786 -0.476890739
0.036962552 -0.475085971
0.0369505748 -0.473281789
0.036938647 -0.471478191
0.0369267687 -0.469675173
0.0369149396 -0.467872734
0.0369031598 -0.46607087
0.0368914292 -0.464269581
0.0368797477 -0.462468862
0.0368681153 -0.460668712
0.0368565319 -0.458869129
0.0368449975 -0.457070109
0.036833512 -0.455271651
0.0368220753 -0.453473753
0.0368106874 -0.451676411
0.0367993483 -0.449879624
0.0367880578 -0.448083388
0.0367768159 -0.446287703
0.0367656226 -0.444492565
0.0367544778 -0.442697972
0.0367433814 -0.440903921
0.0367323335 -0.439110411
0.0367213338 -0.437317438
0.0367103825 -0.435525002
0.0366994794 -0.433733098
0.0366886244 -0.431941725
0.0366778176 -0.430150881
0.0366670588 -0.428360562
0.0366563481 -0.426570768
0.0366456853 -0.424781495
0.0366350704 -0.422992741
0.0366245034 -0.421204504
0.0366139841 -0.419416782
0.0366035126 -0.417629571
0.0365930888 -0.41584287
0.0365827127 -0.414056677
0.0365723841 -0.412270989
0.0365621031 -0.410485803
0.0365518695 -0.408701119
0.0365416834 -0.406916932
0.0365315447 -0.405133241
0.0365214534 -0.403350044
0.0365114093 -0.401567338
0.0365014124 -0.399785121
0.0364914627 -0.398003391
0.0364815602 -0.396222144
0.0364717048 -0.39444138
0.0364618964 -0.392661096
0.036452135 -0.390881289
0.0364424205 -0.389101958
0.036432753 -0.387323099
0.0364231322 -0.38554471
0.0364135583 -0.383766791
0.0364040312 -0.381989337
0.0363945507 -0.380212346
0.0363851169 -0.378435818
0.0363757297 -0.376659748
0.0363663891 -0.374884135
0.036357095 -0.373108977
0.0363478474 -0.371334272
0.0363386462 -0.369560016
0.0363294913 -0.367786208
0.0363203829 -0.366012846
0.0363113207 -0.364239927
0.0363023047 -0.36246745
0.036293335 -0.360695411
0.0362844115 -0.358923808
0.036275534 -0.35715264
0.0362667026 -0.355381904
0.0362579173 -0.353611598
0.0362491779 -0.351841719
0.0362404845 -0.350072266
0.036231837 -0.348303235
0.0362232353 -0.346534626
0.0362146795 -0.344766435
0.0362061694 -0.34299866
0.0361977051 -0.3412313
0.0361892865 -0.339464351
0.0361809135 -0.337697812
0.0361725861 -0.335931681
0.0361643043 -0.334165955
0.036156068 -0.332400632
0.0361478772 -0.330635709
0.0361397319 -0.328871185
0.0361316319 -0.327107058
0.0361235773 -0.325343325
0.0361155681 -0.323579983
0.0361076042 -0.321817031
0.0360996855 -0.320054467
0.036091812 -0.318292288
0.0360839837 -0.316530492
0.0360762005 -0.314769077
0.0360684624 -0.313008041
0.0360607694 -0.311247381
0.0360531214 -0.309487095
0.0360455184 -0.307727182
0.0360379604 -0.305967638
0.0360304472 -0.304208462
0.036022979 -0.302449652
0.0360155555 -0.300691205
0.0360081769 -0.298933119
0.0360008431 -0.297175392
0.0359935539 -0.295418022
0.0359863095 -0.293661006
0.0359791098 -0.291904343
0.0359719546 -0.29014803
0.0359648441 -0.288392065
0.0359577781 -0.286636446
0.0359507566 -0.28488117
0.0359437797 -0.283126236
0.0359368471 -0.281371642
0.035929959 -0.279617385
0.0359231153 -0.277863462
0.035916316 -0.276109873
0.035909561 -0.274356614
0.0359028502 -0.272603684
0.0358961837 -0.27085108
0.0358895615 -0.2690988
0.0358829834 -0.267346843
0.0358764495 -0.265595205
0.0358699598 -0.263843885
0.0358635141 -0.262092881
0.0358571125 -0.26034219
0.0358507549 -0.25859181
0.0358444413 -0.25684174
0.0358381718 -0.255091976
0.0358319461 -0.253342518
0.0358257644 -0.251593362
0.0358196266 -0.249844506
0.0358135326 -0.24809595
0.0358074824 -0.246347689
0.0358014761 -0.244599722
0.0357955135 -0.242852048
0.0357895946 -0.241104663
0.0357837195 -0.239357567
0.035777888 -0.237610755
0.0357721002 -0.235864228
0.035766356 -0.234117981
0.0357606555 -0.232372014
0.0357549985 -0.230626324
0.035749385 -0.228880909
0.0357438151 -0.227135767
0.0357382886 -0.225390895
0.0357328056 -0.223646292
0.0357273661 -0.221901956
0.03572197 -0.220157884
0.0357166172 -0.218414074
0.0357113078 -0.216670524
0.0357060418 -0.214927233
0.035700819 -0.213184197
0.0356956396 -0.211441415
0.0356905034 -0.209698884
0.0356854104 -0.207956604
0.0356803607 -0.20621457
0.0356753541 -0.204472783
0.0356703907 -0.202731238
0.0356654705 -0.200989934
0.0356605933 -0.19924887
0.0356557593 -0.197508042
0.0356509683 -0.195767449
0.0356462203 -0.194027089
0.0356415154 -0.19228696
0.0356368535 -0.190547059
0.0356322346 -0.188807385
0.0356276586 -0.187067935
0.0356231256 -0.185328707
0.0356186354 -0.183589699
0.0356141882 -0.181850909
0.0356097838 -0.180112336
0.0356054223 -0.178373976
0.0356011036 -0.176635828
0.0355968277 -0.17489789
0.0355925947 -0.173160159
0.0355884043 -0.171422633
0.0355842568 -0.169685312
0.0355801519 -0.167948191
0.0355760898 -0.16621127
0.0355720703 -0.164474546
0.0355680935 -0.162738017
0.0355641594 -0.161001681
0.0355602679 -0.159265536
0.035556419 -0.15752958
0.0355526127 -0.15579381
0.035548849 -0.154058226
0.0355451278 -0.152322823
0.0355414492 -0.150587602
0.0355378131 -0.148852559
0.0355342195 -0.147117692
0.0355306684 -0.145383
0.0355271598 -0.14364848
0.0355236937 -0.14191413
0.0355202699 -0.140179948
0.0355168886 -0.138445932
0.0355135497 -0.13671208
0.0355102532 -0.13497839
0.0355069991 -0.13324486
0.0355037873 -0.131511487
0.0355006179 -0.12977827
0.0354974908 -0.128045207
0.035494406 -0.126312296
0.0354913635 -0.124579534
0.0354883633 -0.122846919
0.0354854054 -0.12111445
0.0354824897 -0.119382124
0.0354796163 -0.117649939
0.0354767851 -0.115917893
0.0354739961 -0.114185985
0.0354712493 -0.112454212
0.0354685447 -0.110722571
0.0354658823 -0.108991062
0.035463262 -0.107259681
0.0354606839 -0.105528428
0.035458148 -0.103797299
0.0354556541 -0.102066292
0.0354532024 -0.100335407
0.0354507928 -0.0986046398
0.0354484253 -0.0968739894
0.0354460999 -0.0951434534
0.0354438165 -0.09341303
0.0354415752 -0.0916827169
0.0354393759 -0.0899525121
0.0354372187 -0.0882224137
0.0354351035 -0.0864924195
0.0354330304 -0.0847625274
0.0354309992 -0.0830327356
0.03542901 -0.0813030418
0.0354270629 -0.079573444
0.0354251577 -0.0778439402
0.0354232944 -0.0761145284
0.0354214732 -0.0743852064
0.0354196939 -0.0726559723
0.0354179565 -0.070926824
0.0354162611 -0.0691977595
0.0354146076 -0.0674687767
0.035412996 -0.0657398735
0.0354114264 -0.0640110479
0.0354098986 -0.0622822979
0.0354084128 -0.0605536215
0.0354069688 -0.0588250165
0.0354055667 -0.0570964809
0.0354042065 -0.0553680128
0.0354028882 -0.05363961
0.0354016117 -0.0519112705
0.0354003771 -0.0501829923
0.0353991844 -0.0484547733
0.0353980335 -0.0467266114
0.0353969244 -0.0449985047
0.0353958572 -0.0432704511
0.0353948318 -0.0415424486
0.0353938483 -0.0398144951
0.0353929065 -0.0380865885
0.0353920066 -0.0363587269
0.0353911485 -0.0346309082
0.0353903322 -0.0329031303
0.0353895577 -0.0311753912
0.0353888251 -0.029447689
0.0353881342 -0.0277200214
0.0353874851 -0.0259923865
0.0353868778 -0.0242647823
0.0353863123 -0.0225372067
0.0353857886 -0.0208096577
0.0353853067 -0.0190821332
0.0353848665 -0.0173546312
0.0353844681 -0.0156271497
0.0353841116 -0.0138996866
0.0353837967 -0.0121722398
0.0353835237 -0.0104448074
0.0353832924 -0.00871738733
0.035383103 -0.00698997751
0.0353829552 -0.00526257591
0.0353828493 -0.00353518051
0.0353827851 -0.00180778925
0.0353827627 -8.04001028e-05
0.0353827821 0.00164698897
0.0353828432 0.00337438
0.0353829461 0.00510177504
0.0353830908 0.00682917612
0.0353832773 0.00855658528
0.0353835055 0.0102840046
0.0353837755 0.012011436
0.0353840873 0.0137388816
0.0353844408 0.0154663435
0.0353848362 0.0171938236
0.0353852733 0.018921324
0.0353857522 0.0206488468
0.0353862729 0.022376394
0.0353868353 0.0241039676
0.0353874396 0.0258315697
0.0353880856 0.0275592022
0.0353887735 0.0292868674
0.0353895031 0.0310145671
0.0353902746 0.0327423034
0.0353910878 0.0344700784
0.0353919429 0.0361978941
0.0353928398 0.0379257525
0.0353937785 0.0396536557
0.035394759 0.0413816058
0.0353957814 0.0431096047
0.0353968455 0.0448376545
0.0353979516 0.0465657572
0.0353990994 0.048293915
0.0354002891 0.0500221298
0.0354015207 0.0517504036
0.0354027941 0.0534787386
0.0354041094 0.0552071368
0.0354054666 0.0569356001
0.0354068656 0.0586641307
0.0354083065 0.0603927306
0.0354097893 0.0621214018
0.0354113141 0.0638501463
0.0354128807 0.0655789663
0.0354144892 0.0673078638
0.0354161397 0.0690368408
0.035417832 0.0707658993
0.0354195664 0.0724950415
0.0354213426 0.0742242693
0.0354231608 0.0759535848
0.035425021 0.07768299
0.0354269232 0.0794124871
0.0354288673 0.0811420779
0.0354308534 0.0828717647
0.0354328816 0.0846015494
0.0354349517 0.0863314341
0.0354370638 0.0880614208
0.035439218 0.0897915116
0.0354414142 0.0915217086
0.0354436525 0.0932520137
0.0354459328 0.0949824291
0.0354482552 0.0967129568
0.0354506197 0.0984435989
0.0354530262 0.100174357
0.0354554749 0.101905234
0.0354579657 0.103636232
0.0354604986 0.105367352
0.0354630736 0.107098596
0.0354656908 0.108829967
0.0354683502 0.110561468
0.0354710517 0.112293098
0.0354737955 0.114024862
0.0354765814 0.115756761
0.0354794095 0.117488796
0.0354822799 0.119220971
0.0354851925 0.120953286
0.0354881474 0.122685745
0.0354911446 0.124418349
0.035494184 0.126151101
0.0354972657 0.127884001
0.0355003898 0.129617053
0.0355035561 0.131350259
0.0355067649 0.13308362
0.0355100159 0.134817139
0.0355133094 0.136550817
0.0355166452 0.138284657
0.0355200235 0.140018661
0.0355234441 0.141752831
0.0355269072 0.143487169
0.0355304128 0.145221676
0.0355339608 0.146956356
0.0355375514 0.14869121
0.0355411844 0.15042624
0.0355448599 0.152161449
0.035548578 0.153896838
0.0355523387 0.155632409
0.0355561419 0.157368165
0.0355599877 0.159104108
0.0355638762 0.160840239
0.0355678072 0.162576561
0.0355717809 0.164313076
0.0355757973 0.166049786
0.0355798564 0.167786693
0.0355839582 0.169523799
0.0355881027 0.171261106
0.0355922899 0.172998617
0.0355965199 0.174736332
0.0356007927 0.176474256
0.0356051084 0.178212388
0.0356094668 0.179950733
0.0356138681 0.181689291
0.0356183122 0.183428065
0.0356227993 0.185167057
0.0356273292 0.186906269
0.0356319021 0.188645703
0.035636518 0.190385361
0.0356411768 0.192125245
0.0356458786 0.193865358
0.0356506235 0.195605701
0.0356554114 0.197346277
0.0356602424 0.199087088
0.0356651164 0.200828135
0.0356700336 0.202569421
0.0356749939 0.204310948
0.0356799974 0.206052718
0.035685044 0.207794734
0.0356901339 0.209536997
0.035695267 0.211279509
0.0357004433 0.213022273
0.035705663 0.21476529
0.0357109259 0.216508563
0.0357162322 0.218252094
0.0357215819 0.219995885
0.0357269749 0.221739938
0.0357324113 0.223484255
0.0357378912 0.225228839
0.0357434146 0.226973691
0.0357489814 0.228718814
0.0357545918 0.230464209
0.0357602457 0.232209879
0.0357659431 0.233955826
0.0357716842 0.235702052
0.0357774689 0.23744856
0.0357832972 0.23919535
0.0357891692 0.240942427
0.035795085 0.24268979
0.0358010445 0.244437444
0.0358070477 0.246185389
0.0358130947 0.247933628
0.0358191856 0.249682164
0.0358253203 0.251430998
0.0358314989 0.253180132
0.0358377215 0.254929568
0.0358439879 0.25667931
0.0358502984 0.258429358
0.0358566528 0.260179715
0.0358630513 0.261930384
0.0358694938 0.263681365
0.0358759805 0.265432663
0.0358825112 0.267184277
0.0358890862 0.268936212
0.0358957053 0.270688468
0.0359023686 0.272441049
0.0359090762 0.274193955
0.0359158281 0.27594719
0.0359226243 0.277700756
0.0359294649 0.279454654
0.0359363498 0.281208887
0.0359432792 0.282963457
0.035950253 0.284718367
0.0359572714 0.286473618
0.0359643342 0.288229212
0.0359714416 0.289985152
0.0359785936 0.29174144
0.0359857902 0.293498078
0.0359930315 0.295255068
0.0360003174 0.297012413
0.0360076481 0.298770114
0.0360150236 0.300528174
0.0360224439 0.302286595
0.036029909 0.304045379
0.0360374189 0.305804529
0.0360449738 0.307564046
0.0360525737 0.309323933
0.0360602185 0.311084191
0.0360679083 0.312844824
0.0360756432 0.314605834
0.0360834232 0.316367221
0.0360912484 0.31812899
0.0360991187 0.319891141
0.0361070342 0.321653678
0.036114995 0.323416602
0.0361230011 0.325179915
0.0361310524 0.32694362
0.0361391492 0.328707719
0.0361472914 0.330472215
0.036155479 0.332237108
0.0361637121 0.334002403
0.0361719907 0.3357681
0.0361803149 0.337534202
0.0361886847 0.339300712
0.0361971001 0.341067631
0.0362055613 0.342834962
0.0362140681 0.344602706
0.0362226208 0.346370867
0.0362312192 0.348139447
0.0362398636 0.349908447
0.0362485538 0.35167787
0.0362572899 0.353447718
0.0362660721 0.355217994
0.0362749002 0.356988699
0.0362837745 0.358759836
0.0362926948 0.360531407
0.0363016614 0.362303415
0.0363106741 0.364075861
0.036319733 0.365848749
0.0363288383 0.367622079
0.0363379899 0.369395855
0.0363471879 0.371170078
0.0363564323 0.372944751
0.0363657232 0.374719877
0.0363750606 0.376495457
0.0363844445 0.378271494
0.0363938751 0.38004799
0.0364033523 0.381824947
0.0364128762 0.383602368
0.0364224469 0.385380254
0.0364320644 0.387158609
0.0364417287 0.388937434
0.03645144 0.390716732
0.0364611981 0.392496505
0.0364710033 0.394276755
0.0364808555 0.396057485
0.0364907547 0.397838696
0.0365007012 0.399620392
0.0365106948 0.401402574
0.0365207356 0.403185245
0.0365308237 0.404968407
0.0365409592 0.406752063
0.036551142 0.408536214
0.0365613723 0.410320863
0.0365716501 0.412106013
0.0365819754 0.413891665
0.0365923482 0.415677823
0.0366027688 0.417464487
0.036613237 0.419251661
0.036623753 0.421039347
0.0366343167 0.422827548
0.0366449283 0.424616265
0.0366555879 0.426405501
0.0366662953 0.428195258
0.0366770508 0.429985539
0.0366878544 0.431776346
0.036698706 0.433567681
0.0367096059 0.435359547
0.0367205539 0.437151945
0.0367315502 0.43894488
0.0367425949 0.440738352
0.036753688 0.442532364
0.0367648295 0.444326918
0.0367760195 0.446122017
0.0367872581 0.447917664
0.0367985452 0.44971386
0.0368098811 0.451510608
0.0368212657 0.45330791
0.036832699 0.455105769
0.0368441812 0.456904188
0.0368557123 0.458703167
0.0368672924 0.46050271
0.0368789215 0.46230282
0.0368905996 0.464103498
0.0369023269 0.465904748
0.0369141034 0.46770657
0.0369259291 0.469508969
0.0369378042 0.471311945
0.0369497286 0.473115503
0.0369617024 0.474919643
0.0369737258 0.476724369
0.0369857987 0.478529683
0.0369979212 0.480335587
0.0370100933 0.482142083
0.0370223152 0.483949175
0.037034587 0.485756865
0.0370469085 0.487565154
0.03705928 0.489374046
0.0370717015 0.491183543
0.037084173 0.492993647
0.0370966947 0.49480436
0.0371092665 0.496615686
0.0371218885 0.498427627
0.0371345609 0.500240185
0.0371472836 0.502053362
0.0371600568 0.503867161
0.0371728804 0.505681585
0.0371857546 0.507496636
0.0371986795 0.509312316
0.037211655 0.511128628
0.0372246813 0.512945574
0.0372377584 0.514763157
0.0372508865 0.51658138
0.0372640654 0.518400244
0.0372772954 0.520219753
0.0372905765 0.522039908
0.0373039088 0.523860713
0.0373172923 0.525682169
0.0373307271 0.52750428
0.0373442132 0.529327048
0.0373577509 0.531150474
0.03737134 0.532974563
0.0373849806 0.534799316
0.037398673 0.536624735
0.037412417 0.538450824
0.0374262129 0.540277585
0.0374400606 0.542105021
0.0374539602 0.543933133
0.0374679118 0.545761925
0.0374819155 0.547591399
0.0374959713 0.549421557
0.0375100794 0.551252402
0.0375242398 0.553083937
0.0375384525 0.554916165
0.0375527176 0.556749087
0.0375670353 0.558582706
0.0375814056 0.560417025
0.0375958285 0.562252047
0.0376103041 0.564087774
0.0376248326 0.565924208
0.0376394139 0.567761352
0.0376540482 0.56959921
0.0376687355 0.571437782
0.037683476 0.573277073
0.0376982696 0.575117084
0.0377131165 0.576957818
0.0377280168 0.578799278
0.0377429704 0.580641466
0.0377579776 0.582484385
0.0377730383 0.584328038
0.0377881527 0.586172426
0.0378033208 0.588017554
0.0378185428 0.589863423
0.0378338186 0.591710036
0.0378491484 0.593557396
0.0378645322 0.595405505
0.0378799702 0.597254366
0.0378954624 0.599103981
0.0379110089 0.600954354
0.0379266098 0.602805486
0.0379422651 0.604657381
0.037957975 0.606510042
0.0379737394 0.60836347
0.0379895586 0.610217669
0.0380054326 0.61207264
0.0380213615 0.613928388
0.0380373453 0.615784914
0.0380533841 0.617642222
0.0380694781 0.619500313
0.0380856272 0.621359191
0.0381018317 0.623218859
0.0381180916 0.625079318
0.0381344069 0.626940572
0.0381507777 0.628802624
0.0381672042 0.630665475
0.0381836865 0.63252913
0.0382002245 0.63439359
0.0382168184 0.636258858
0.0382334684 0.638124937
0.0382501744 0.63999183
0.0382669365 0.64185954
0.038283755 0.643728068
0.0383006297 0.645597419
0.0383175609 0.647467595
0.0383345486 0.649338597
0.038351593 0.651210431
0.038368694 0.653083097
0.0383858519 0.654956599
0.0384030666 0.656830939
0.0384203383 0.658706121
0.038437667 0.660582147
0.038455053 0.66245902
0.0384724962 0.664336742
0.0384899967 0.666215317
0.0385075547 0.668094748
0.0385251702 0.669975036
0.0385428434 0.671856185
0.0385605742 0.673738198
0.0385783629 0.675621078
0.0385962095 0.677504826
0.0386141142 0.679389447
0.0386320769 0.681274943
0.0386500979 0.683161317
0.0386681771 0.685048572
0.0386863148 0.68693671
0.0387045109 0.688825734
0.0387227657 0.690715648
0.0387410791 0.692606454
0.0387594514 0.694498154
0.0387778825 0.696390753
0.0387963727 0.698284252
0.0388149219 0.700178655
0.0388335303 0.702073965
0.038852198 0.703970184
0.0388709251 0.705867315
0.0388897117 0.707765361
0.038908558 0.709664325
0.0389274639 0.71156421
0.0389464296 0.713465019
0.0389654552 0.715366755
0.0389845409 0.717269421
0.0390036866 0.719173019
0.0390228926 0.721077553
0.039042159 0.722983026
0.0390614857 0.72488944
0.039080873 0.726796798
0.0391003209 0.728705104
0.0391198296 0.730614361
0.0391393991 0.73252457
0.0391590296 0.734435736
0.0391787212 0.736347861
0.039198474 0.738260948
0.039218288 0.740175001
0.0392381635 0.742090022
0.0392581004 0.744006014
0.039278099 0.74592298
0.0392981593 0.747840924
0.0393182814 0.749759848
0.0393384655 0.751679755
0.0393587117 0.753600648
0.03937902 0.755522531
0.0393993906 0.757445406
0.0394198236 0.759369277
0.0394403192 0.761294146
0.0394608773 0.763220016
0.0394814982 0.765146891
0.0395021819 0.767074774
0.0395229287 0.769003667
0.0395437385 0.770933574
0.0395646115 0.772864498
0.0395855478 0.774796442
0.0396065475 0.776729409
0.0396276108 0.778663402
0.0396487378 0.780598425
0.0396699286 0.78253448
0.0396911832 0.78447157
0.0397125019 0.786409698
0.0397338847 0.788348869
0.0397553318 0.790289084
0.0397768433 0.792230347
0.0397984193 0.794172662
0.0398200599 0.79611603
0.0398417653 0.798060456
0.0398635355 0.800005943
0.0398853707 0.801952493
0.039907271 0.80390011
0.0399292366 0.805848798
0.0399512676 0.807798558
0.039973364 0.809749395
0.039995526 0.811701312
0.0400177538 0.813654312
0.0400400474 0.815608397
0.0400624071 0.817563573
0.0400848328 0.81951984
0.0401073248 0.821477203
0.0401298832 0.823435666
0.040152508 0.82539523
0.0401751995 0.8273559
0.0401979578 0.829317679
0.0402207829 0.83128057
0.0402436751 0.833244576
0.0402666344 0.8352097
0.040289661 0.837175947
0.040312755 0.839143318
0.0403359165 0.841111818
0.0403591457 0.843081449
0.0403824428 0.845052216
0.0404058077 0.84702412
0.0404292408 0.848997167
0.040452742 0.850971358
0.0404763117 0.852946698
0.0404999498 0.854923189
0.0405236565 0.856900835
0.0405474319 0.858879639
0.0405712763 0.860859605
0.0405951897 0.862840736
0.0406191723 0.864823036
0.0406432241 0.866806507
0.0406673454 0.868791153
0.0406915363 0.870776978
0.040715797 0.872763985
0.0407401275 0.874752177
0.040764528 0.876741558
0.0407889987 0.878732131
0.0408135396 0.8807239
0.040838151 0.882716868
0.040862833 0.884711038
0.0408875857 0.886706414
0.0409124092 0.888703
0.0409373038 0.890700798
0.0409622695 0.892699813
0.0409873066 0.894700047
0.0410124151 0.896701505
0.0410375952 0.898704189
0.041062847 0.900708104
0.0410881707 0.902713252
0.0411135665 0.904719638
0.0411390345 0.906727264
0.0411645748 0.908736135
0.0411901876 0.910746253
0.0412158731 0.912757623
0.0412416313 0.914770248
0.0412674625 0.916784131
0.0412933668 0.918799277
0.0413193444 0.920815687
0.0413453954 0.922833368
0.0413715199 0.92485232
0.0413977182 0.926872549
0.0414239903 0.928894059
0.0414503364 0.930916851
0.0414767568 0.932940931
0.0415032515 0.934966302
0.0415298207 0.936992967
0.0415564645 0.93902093
0.0415831832 0.941050195
0.0416099769 0.943080765
0.0416368457 0.945112644
0.0416637898 0.947145836
0.0416908093 0.949180344
0.0417179045 0.951216172
0.0417450755 0.953253325
0.0417723224 0.955291804
0.0417996455 0.957331615
0.0418270448 0.95937276
0.0418545206 0.961415244
0.041882073 0.963459071
0.0419097021 0.965504243
0.0419374082 0.967550766
0.0419651915 0.969598641
0.041993052 0.971647875
0.0420209899 0.973698469
0.0420490055 0.975750428
0.0420770988 0.977803756
0.0421052702 0.979858456
0.0421335196 0.981914533
0.0421618474 0.98397199
0.0421902536 0.986030831
0.0422187385 0.988091059
0.0422473022 0.990152679
0.0422759449 0.992215695
0.0423046667 0.994280109
0.042333468 0.996345927
0.0423623487 0.998413152
0.0423913092 1.00048179
0.0424203495 1.00255184
0.0424494699 1.00462331
0.0424786705 1.0066962
0.0425079516 1.00877052
0.0425373132 1.01084627
0.0425667556 1.01292345
0.042596279 1.01500207
0.0426258836 1.01708214
0.0426555694 1.01916365
0.0426853368 1.02124661
0.0427151859 1.02333102
0.0427451168 1.0254169
0.0427751298 1.02750423
0.0428052251 1.02959303
0.0428354028 1.03168331
0.0428656632 1.03377505
0.0428960063 1.03586828
0.0429264325 1.03796298
0.0429569419 1.04005918
0.0429875347 1.04215686
0.043018211 1.04425604
0.0430489711 1.04635671
0.0430798152 1.04845889
0.0431107434 1.05056258
0.043141756 1.05266778
0.0431728532 1.05477449
0.0432040351 1.05688272
0.0432353019 1.05899247
0.0432666539 1.06110375
0.0432980912 1.06321657
0.0433296141 1.06533092
0.0433612226 1.06744681
0.0433929172 1.06956424
0.0434246978 1.07168322
0.0434565648 1.07380375
0.0434885184 1.07592585
0.0435205586 1.0780495
0.0435526859 1.08017471
0.0435849003 1.0823015
0.043617202 1.08442986
0.0436495913 1.0865598
0.0436820684 1.08869132
0.0437146335 1.09082443
0.0437472868 1.09295912
0.0437800284 1.09509542
0.0438128587 1.09723331
0.0438457778 1.0993728
0.0438787859 1.10151391
0.0439118833 1.10365662
0.0439450701 1.10580096
0.0439783466 1.10794691
0.044011713 1.11009449
0.0440451695 1.1122437
0.0440787163 1.11439454
0.0441123537 1.11654703
0.0441460818 1.11870115
0.0441799009 1.12085693
0.0442138112 1.12301435
0.0442478129 1.12517344
0.0442819062 1.12733418
0.0443160914 1.12949659
0.0443503687 1.13166067
0.0443847383 1.13382642
0.0444192004 1.13599385
0.0444537553 1.13816297
0.0444884032 1.14033377
0.0445231442 1.14250627
0.0445579788 1.14468046
0.044592907 1.14685635
0.0446279291 1.14903395
0.0446630453 1.15121327
0.0446982559 1.15339429
0.0447335611 1.15557704
0.0447689611 1.15776151
0.0448044562 1.15994771
0.0448400465 1.16213565
0.0448757325 1.16432532
0.0449115141 1.16651673
0.0449473918 1.1687099
0.0449833658 1.17090482
0.0450194362 1.17310149
0.0450556034 1.17529993
0.0450918675 1.17750013
0.0451282289 1.1797021
0.0451646877 1.18190585
0.0452012442 1.18411138
0.0452378987 1.1863187
0.0452746513 1.18852781
0.0453115024 1.19073871
0.0453484522 1.19295141
0.0453855009 1.19516592
0.0454226489 1.19738224
0.0454598962 1.19960037
0.0454972432 1.20182032
0.0455346902 1.2040421
0.0455722374 1.2062657
0.045609885 1.20849114
0.0456476334 1.21071842
0.0456854827 1.21294754
0.0457234332 1.21517851
0.0457614852 1.21741133
0.045799639 1.21964602
0.0458378947 1.22188256
0.0458762527 1.22412098
0.0459147133 1.22636127
0.0459532766 1.22860344
0.045991943 1.23084749
0.0460307127 1.23309343
0.046069586 1.23534126
0.0461085631 1.23759099
0.0461476444 1.23984263
0.04618683 1.24209618
0.0462261203 1.24435163
0.0462655156 1.24660901
0.046305016 1.24886832
0.046344622 1.25112955
0.0463843337 1.25339272
0.0464241514 1.25565782
0.0464640754 1.25792487
0.0465041061 1.26019388
0.0465442436 1.26246483
0.0465844882 1.26473775
0.0466248403 1.26701263
0.0466653 1.26928949
0.0467058678 1.27156832
0.0467465438 1.27384913
0.0467873285 1.27613193
0.0468282219 1.27841672
0.0468692245 1.28070351
0.0469103365 1.2829923
0.0469515583 1.2852831
0.04699289 1.28757591
0.0470343321 1.28987075
0.0470758847 1.2921676
0.0471175483 1.29446649
0.047159323 1.29676741
0.0472012092 1.29907037
0.0472432072 1.30137538
0.0472853172 1.30368244
0.0473275397 1.30599155
0.0473698748 1.30830273
0.0474123229 1.31061597
0.0474548843 1.31293129
0.0474975593 1.31524869
0.0475403482 1.31756817
0.0475832512 1.31988974
0.0476262688 1.32221341
0.0476694013 1.32453918
0.0477126488 1.32686706
0.0477560118 1.32919704
0.0477994906 1.33152915
0.0478430854 1.33386338
0.0478867967 1.33619974
0.0479306246 1.33853823
0.0479745696 1.34087887
0.0480186319 1.34322165
0.0480628118 1.34556658
0.0481071098 1.34791367
0.0481515261 1.35026293
0.048196061 1.35261435
0.0482407149 1.35496795
0.048285488 1.35732373
0.0483303808 1.3596817
0.0483753935 1.36204186
0.0484205265 1.36440422
0.0484657802 1.36676878
0.0485111547 1.36913556
0.0485566505 1.37150454
0.048602268 1.37387576
0.0486480074 1.3762492
0.0486938691 1.37862487
0.0487398534 1.38100278
0.0487859607 1.38338294
0.0488321913 1.38576536
0.0488785456 1.38815003
0.0489250239 1.39053696
0.0489716265 1.39292616
0.0490183538 1.39531764
0.0490652062 1.39771141
0.049112184 1.40010746
0.0491592875 1.4025058
0.0492065171 1.40490645
0.0492538732 1.4073094
0.0493013562 1.40971467
0.0493489663 1.41212225
0.0493967039 1.41453216
0.0494445694 1.4169444
0.0494925632 1.41935898
0.0495406856 1.42177591
0.049588937 1.42419518
0.0496373178 1.42661681
0.0496858282 1.42904081
0.0497344688 1.43146717
0.0497832398 1.43389591
0.0498321417 1.43632703
0.0498811748 1.43876054
0.0499303394 1.44119644
0.0499796361 1.44363475
0.050029065 1.44607546
0.0500786267 1.44851859
0.0501283215 1.45096414
0.0501781498 1.45341211
0.0502281119 1.45586252
0.0502782083 1.45831537
0.0503284393 1.46077067
0.0503788054 1.46322841
0.0504293069 1.46568862
0.0504799442 1.4681513
0.0505307177 1.47061645
0.0505816278 1.47308408
0.050632675 1.47555419
0.0506838595 1.4780268
0.0507351818 1.48050191
0.0507866423 1.48297952
0.0508382415 1.48545965
0.0508899796 1.4879423
0.0509418572 1.49042747
0.0509938745 1.49291518
0.0510460322 1.49540543
0.0510983304 1.49789823
0.0511507698 1.50039358
0.0512033506 1.50289149
0.0512560733 1.50539197
0.0513089383 1.50789502
0.051361946 1.51040066
0.0514150969 1.51290888
0.0514683914 1.51541971
0.0515218298 1.51793313
0.0515754127 1.52044916
0.0516291405 1.52296782
0.0516830135 1.52548909
0.0517370323 1.528013
0.0517911972 1.53053954
0.0518455087 1.53306873
0.0518999672 1.53560057
0.0519545732 1.53813508
0.0520093271 1.54067224
0.0520642294 1.54321209
0.0521192804 1.54575461
0.0521744807 1.54829983
0.0522298307 1.55084773
0.0522853308 1.55339835
0.0523409815 1.55595167
0.0523967833 1.55850771
0.0524527365 1.56106648
0.0525088417 1.56362797
0.0525650994 1.56619221
0.0526215099 1.5687592
0.0526780737 1.57132894
0.0527347914 1.57390144
0.0527916633 1.57647672
0.05284869 1.57905477
0.0529058719 1.58163561
0.0529632095 1.58421923
0.0530207032 1.58680566
0.0530783536 1.5893949
0.0531361611 1.59198695
0.0531941262 1.59458183
0.0532522494 1.59717954
0.0533105311 1.59978008
0.0533689719 1.60238347
0.0534275723 1.60498972
0.0534863327 1.60759883
0.0535452536 1.6102108
0.0536043355 1.61282566
0.0536635789 1.6154434
0.0537229844 1.61806403
0.0537825523 1.62068757
0.0538422833 1.62331401
0.0539021778 1.62594337
0.0539622364 1.62857566
0.0540224595 1.63121088
0.0540828476 1.63384904
0.0541434013 1.63649015
0.0542041211 1.63913421
0.0542650075 1.64178124
0.0543260611 1.64443125
0.0543872822 1.64708424
0.0544486716 1.64974021
0.0545102296 1.65239919
0.0545719569 1.65506117
0.0546338539 1.65772616
0.0546959212 1.66039418
0.0547581593 1.66306523
0.0548205688 1.66573932
0.0548831503 1.66841646
0.0549459041 1.67109665
0.055008831 1.67377991
0.0550719313 1.67646624
0.0551352058 1.67915565
0.0551986549 1.68184816
0.0552622792 1.68454376
0.0553260793 1.68724246
0.0553900557 1.68994429
0.0554542089 1.69264924
0.0555185396 1.69535732
0.0555830483 1.69806854
0.0556477355 1.70078291
0.0557126019 1.70350045
0.055777648 1.70622115
0.0558428744 1.70894502
0.0559082817 1.71167208
0.0559738704 1.71440234
0.0560396412 1.7171358
0.0561055946 1.71987247
0.0561717311 1.72261236
0.0562380515 1.72535548
0.0563045563 1.72810184
0.056371246 1.73085145
0.0564381214 1.73360432
0.0565051829 1.73636045
0.0565724312 1.73911985
0.0566398669 1.74188254
0.0567074906 1.74464852
0.0567753029 1.74741781
0.0568433045 1.75019041
0.0569114959 1.75296632
0.0569798778 1.75574557
0.0570484507 1.75852816
0.0571172154 1.76131409
0.0571861724 1.76410339
0.0572553224 1.76689605
0.057324666 1.76969209
0.0573942038 1.77249151
0.0574639365 1.77529433
0.0575338647 1.77810056
0.0576039891 1.7809102
0.0576743102 1.78372326
0.0577448289 1.78653976
0.0578155457 1.7893597
0.0578864612 1.7921831
0.0579575761 1.79500995
0.0580288911 1.79784029
0.0581004069 1.8006741
0.0581721241 1.80351141
0.0582440434 1.80635221
0.0583161655 1.80919653
0.0583884909 1.81204438
0.0584610205 1.81489575
0.0585337549 1.81775067
0.0586066948 1.82060913
0.0586798408 1.82347116
0.0587531937 1.82633677
0.0588267541 1.82920595
0.0589005228 1.83207872
0.0589745004 1.8349551
0.0590486877 1.83783509
0.0591230853 1.84071871
0.059197694 1.84360595
0.0592725145 1.84649684
0.0593475475 1.84939138
0.0594227937 1.85228959
0.0594982538 1.85519147
0.0595739285 1.85809704
0.0596498187 1.8610063
0.059725925 1.86391927
0.0598022481 1.86683595
0.0598787888 1.86975636
0.0599555479 1.87268051
0.060032526 1.87560841
0.060109724 1.87854006
0.0601871425 1.88147549
0.0602647824 1.8844147
0.0603426443 1.88735769
0.0604207291 1.89030449
0.0604990376 1.8932551
0.0605775704 1.89620954
0.0606563283 1.89916781
0.0607353122 1.90212993
0.0608145228 1.9050959
0.0608939609 1.90806574
0.0609736273 1.91103946
0.0610535227 1.91401707
0.061133648 1.91699858
0.0612140039 1.91998401
0.0612945913 1.92297336
0.061375411 1.92596664
0.0614564637 1.92896387
0.0615377504 1.93196506
0.0616192717 1.93497021
0.0617010285 1.93797935
0.0617830216 1.94099248
0.0618652519 1.94400961
0.0619477202 1.94703076
0.0620304274 1.95005594
0.0621133741 1.95308515
0.0621965614 1.95611841
0.0622799901 1.95915574
0.0623636609 1.96219714
0.0624475747 1.96524263
0.0625317325 1.96829221
0.0626161351 1.9713459
0.0627007832 1.97440371
0.0627856779 1.97746566
0.0628708199 1.98053175
0.0629562102 1.983602
0.0630418496 1.98667642
0.063127739 1.98975502
0.0632138794 1.99283782
0.0633002715 1.99592482
0.0633869163 1.99901604
0.0634738147 2.00211149
0.0635609676 2.00521118
0.0636483758 2.00831513
0.0637360405 2.01142334
0.0638239623 2.01453584
0.0639121423 2.01765263
0.0640005814 2.02077373
0.0640892805 2.02389914
0.0641782406 2.02702888
0.0642674625 2.03016297
0.0643569473 2.03330142
0.0644466959 2.03644423
0.0645367092 2.03959143
0.0646269882 2.04274302
0.0647175338 2.04589902
0.0648083471 2.04905944
0.064899429 2.0522243
0.0649907804 2.0553936
0.0650824024 2.05856736
0.0651742959 2.0617456
0.0652664619 2.06492832
0.0653589014 2.06811554
0.0654516155 2.07130728
0.065544605 2.07450354
0.0656378711 2.07770435
0.0657314147 2.0809097
0.0658252369 2.08411963
0.0659193386 2.08733414
0.066013721 2.09055324
0.066108385 2.09377695
0.0662033316 2.09700528
0.066298562 2.10023824
0.0663940771 2.10347586
0.066489878 2.10671814
0.0665859658 2.1099651
0.0666823416 2.11321675
0.0667790063 2.1164731
0.0668759611 2.11973418
0.0669732071 2.12299999
0.0670707452 2.12627054
0.0671685767 2.12954586
0.0672667026 2.13282596
0.067365124 2.13611084
0.067463842 2.13940054
0.0675628578 2.14269505
0.0676621723 2.14599439
0.0677617868 2.14929859
0.0678617024 2.15260765
0.0679619202 2.15592159
0.0680624414 2.15924042
0.068163267 2.16256415
0.0682643983 2.16589281
0.0683658363 2.16922641
0.0684675823 2.17256496
0.0685696374 2.17590848
0.0686720027 2.17925698
0.0687746795 2.18261048
0.0688776689 2.185969
0.0689809722 2.18933254
0.0690845904 2.19270112
0.0691885249 2.19607476
0.0692927767 2.19945348
0.0693973472 2.20283729
0.0695022375 2.2062262
0.0696074489 2.20962024
0.0697129825 2.21301941
0.0698188397 2.21642373
0.0699250216 2.21983322
0.0700315295 2.2232479
0.0701383647 2.22666777
0.0702455283 2.23009287
0.0703530218 2.23352319
0.0704608463 2.23695876
0.0705690031 2.2403996
0.0706774935 2.24384571
0.0707863189 2.24729713
0.0708954804 2.25075385
0.0710049794 2.25421591
0.0711148172 2.25768331
0.0712249951 2.26115607
0.0713355144 2.26463422
0.0714463766 2.26811776
0.0715575828 2.27160671
0.0716691345 2.27510109
0.0717810329 2.27860092
0.0718932795 2.2821062
0.0720058757 2.28561697
0.0721188227 2.28913324
0.0722321219 2.29265502
0.0723457748 2.29618233
0.0724597827 2.29971519
0.0725741471 2.30325362
0.0726888692 2.30679763
0.0728039506 2.31034724
0.0729193927 2.31390247
0.0730351968 2.31746334
0.0731513645 2.32102985
0.0732678971 2.32460204
0.0733847961 2.32817992
0.0735020629 2.33176351
0.0736196991 2.33535282
0.073737706 2.33894787
0.0738560852 2.34254869
0.0739748382 2.34615528
0.0740939664 2.34976767
0.0742134713 2.35338588
0.0743333544 2.35700992
0.0744536173 2.36063982
0.0745742615 2.36427558
0.0746952885 2.36791723
0.0748166999 2.3715648
0.0749384971 2.37521829
0.0750606817 2.37887772
0.0751832554 2.38254312
0.0753062197 2.38621451
0.0754295761 2.3898919
0.0755533262 2.39357531
0.0756774717 2.39726476
0.0758020141 2.40096027
0.0759269551 2.40466186
0.0760522962 2.40836955
0.0761780391 2.41208336
0.0763041854 2.41580331
0.0764307369 2.41952941
0.076557695 2.4232617
0.0766850615 2.42700018
0.0768128381 2.43074488
0.0769410265 2.43449581
0.0770696282 2.43825301
0.0771986451 2.44201648
0.0773280788 2.44578625
0.077457931 2.44956234
0.0775882035 2.45334477
0.077718898 2.45713355
0.0778500163 2.46092872
0.07798156 2.46473029
0.078113531 2.46853828
0.078245931 2.47235271
0.0783787617 2.4761736
0.0785120251 2.48000098
0.0786457229 2.48383486
0.0787798568 2.48767527
0.0789144288 2.49152223
0.0790494406 2.49537576
0.079184894 2.49923588
0.079320791 2.50310261
0.0794571333 2.50697597
0.0795939229 2.51085599
0.0797311616 2.51474269
0.0798688512 2.51863608
0.0800069938 2.5225362
0.0801455911 2.52644306
0.0802846452 2.53035669
0.0804241579 2.5342771
0.0805641312 2.53820432
0.080704567 2.54213838
0.0808454673 2.54607929
0.080986834 2.55002708
0.0811286692 2.55398177
0.0812709747 2.55794338
0.0814137527 2.56191194
0.0815570051 2.56588747
0.0817007339 2.56986999
0.0818449413 2.57385953
0.0819896291 2.5778561
0.0821347995 2.58185974
0.0822804546 2.58587047
0.0824265964 2.5898883
0.0825732269 2.59391327
0.0827203484 2.59794539
0.0828679629 2.6019847
0.0830160726 2.60603121
0.0831646795 2.61008495
0.0833137859 2.61414595
0.0834633938 2.61821422
0.0836135055 2.62228979
0.0837641231 2.6263727
0.0839152488 2.63046295
0.0840668849 2.63456058
0.0842190335 2.63866561
0.0843716969 2.64277807
0.0845248773 2.64689798
0.084678577 2.65102537
0.0848327982 2.65516026
0.0849875433 2.65930267
0.0851428144 2.66345264
0.085298614 2.66761019
0.0854549444 2.67177534
0.0856118078 2.67594812
0.0857692066 2.68012856
0.0859271432 2.68431668
0.0860856199 2.68851251
0.0862446392 2.69271608
0.0864042034 2.69692741
0.0865643149 2.70114652
0.0867249761 2.70537345
0.0868861896 2.70960822
0.0870479577 2.71385086
0.087210283 2.7181014
0.0873731678 2.72235985
0.0875366147 2.72662626
0.0877006262 2.73090065
0.0878652048 2.73518304
0.0880303531 2.73947346
0.0881960735 2.74377194
0.0883623688 2.74807851
0.0885292413 2.7523932
0.0886966938 2.75671603
0.0888647289 2.76104704
0.0890333491 2.76538624
0.0892025571 2.76973368
0.0893723556 2.77408937
0.0895427472 2.77845335
0.0897137346 2.78282565
0.0898853206 2.78720629
0.0900575077 2.79159531
0.0902302989 2.79599273
0.0904036967 2.80039858
0.090577704 2.8048129
0.0907523235 2.8092357
0.0909275581 2.81366703
0.0911034105 2.81810692
0.0912798836 2.82255538
0.0914569803 2.82701246
0.0916347033 2.83147818
0.0918130555 2.83595257
0.0919920399 2.84043567
0.0921716594 2.8449275
0.0923519168 2.8494281
0.0925328152 2.8539375
0.0927143575 2.85845572
0.0928965466 2.86298281
0.0930793856 2.86751878
0.0932628774 2.87206368
0.0934470252 2.87661753
0.0936318319 2.88118037
0.0938173006 2.88575223
0.0940034345 2.89033314
0.0941902365 2.89492314
0.0943777099 2.89952225
0.0945658578 2.9041305
0.0947546833 2.90874794
0.0949441895 2.9133746
0.0951343798 2.9180105
0.0953252573 2.92265569
0.0955168253 2.92731019
0.0957090869 2.93197404
0.0959020456 2.93664727
0.0960957045 2.94132991
0.096290067 2.94602201
0.0964851364 2.95072359
0.096680916 2.95543469
0.0968774093 2.96015535
0.0970746197 2.96488559
0.0972725504 2.96962546
0.0974712051 2.97437498
0.097670587 2.9791342
0.0978706998 2.98390315
0.0980715469 2.98868187
0.0982731318 2.99347038
0.098475458 2.99826873
0.0986785292 3.00307696
0.0988823488 3.00789509
0.0990869205 3.01272317
0.099292248 3.01756124
0.0994983348 3.02240932
0.0997051847 3.02726746
0.0999128013 3.03213569
0.100121188 3.03701405
0.10033035 3.04190258
0.100540289 3.04680132
0.10075101 3.0517103
0.100962516 3.05662956
0.101174812 3.06155915
0.101387901 3.06649909
0.101601787 3.07144943
0.101816474 3.07641021
0.102031966 3.08138146
0.102248267 3.08636323
0.102465381 3.09135555
0.102683311 3.09635846
0.102902062 3.10137201
0.103121639 3.10639623
0.103342044 3.11143117
0.103563283 3.11647686
0.103785358 3.12153334
0.104008275 3.12660066
0.104232038 3.13167886
0.10445665 3.13676798
0.104682116 3.14186805
0.10490844 3.14697912
0.105135627 3.15210124
0.105363681 3.15723444
0.105592606 3.16237877
0.105822407 3.16753427
0.106053087 3.17270098
0.106284652 3.17787895
0.106517105 3.18306821
0.106750452 3.18826882
0.106984696 3.19348081
0.107219843 3.19870423
0.107455897 3.20393912
0.107692862 3.20918553
0.107930743 3.21444349
0.108169545 3.21971307
0.108409272 3.2249943
0.108649929 3.23028722
0.108891522 3.23559188
0.109134053 3.24090833
0.10937753 3.24623661
0.109621955 3.25157677
0.109867335 3.25692886
0.110113674 3.26229291
0.110360976 3.26766899
0.110609248 3.27305713
0.110858493 3.27845738
0.111108718 3.28386979
0.111359926 3.28929441
0.111612123 3.29473128
0.111865315 3.30018046
0.112119506 3.30564199
0.112374701 3.31111592
0.112630906 3.3166023
0.112888127 3.32210117
0.113146367 3.3276126
0.113405633 3.33313662
0.11366593 3.33867329
0.113927264 3.34422266
0.114189639 3.34978478
0.114453062 3.3553597
0.114717538 3.36094747
0.114983072 3.36654814
0.115249669 3.37216176
0.115517337 3.37778839
0.115786079 3.38342807
0.116055903 3.38908087
0.116326813 3.39474682
0.116598815 3.400426
0.116871916 3.40611844
0.117146121 3.4118242
0.117421435 3.41754334
0.117697866 3.4232759
0.117975418 3.42902195
0.118254098 3.43478154
0.118533913 3.44055473
0.118814867 3.44634156
0.119096967 3.4521421
0.119380219 3.45795639
0.11966463 3.46378451
0.119950205 3.46962649
0.120236952 3.47548241
0.120524876 3.48135231
0.120813984 3.48723626
0.121104281 3.4931343
0.121395776 3.49904651
0.121688474 3.50497294
0.121982381 3.51091364
0.122277505 3.51686867
0.122573851 3.5228381
0.122871427 3.52882199
0.12317024 3.53482039
0.123470296 3.54083336
0.123771602 3.54686097
0.124074165 3.55290327
0.124377991 3.55896033
0.124683089 3.56503221
0.124989464 3.57111897
0.125297124 3.57722067
0.125606077 3.58333738
0.125916328 3.58946915
0.126227886 3.59561606
0.126540758 3.60177816
0.126854951 3.60795552
0.127170472 3.6141482
0.127487329 3.62035627
0.127805529 3.6265798
0.128125081 3.63281884
0.12844599 3.63907347
0.128768266 3.64534374
0.129091916 3.65162974
0.129416947 3.65793151
0.129743368 3.66424914
0.130071186 3.67058269
0.130400409 3.67693222
0.130731045 3.68329781
0.131063103 3.68967952
0.131396589 3.69607743
0.131731513 3.7024916
0.132067883 3.7089221
0.132405707 3.715369
0.132744992 3.72183238
0.133085749 3.7283123
0.133427984 3.73480884
0.133771707 3.74132207
0.134116927 3.74785206
0.134463651 3.75439888
0.134811888 3.76096261
0.135161648 3.76754332
0.135512938 3.77414109
0.135865769 3.78075598
0.136220149 3.78738808
0.136576086 3.79403746
0.13693359 3.80070419
0.137292671 3.80738836
0.137653337 3.81409003
0.138015597 3.8208093
0.138379462 3.82754622
0.13874494 3.83430089
0.139112041 3.84107337
0.139480774 3.84786376
0.13985115 3.85467212
0.140223177 3.86149854
0.140596866 3.8683431
0.140972226 3.87520588
0.141349268 3.88208696
0.141728001 3.88898643
0.142108436 3.89590436
0.142490582 3.90284083
0.14287445 3.90979594
0.143260051 3.91676977
0.143647393 3.92376239
0.144036489 3.93077389
0.144427348 3.93780437
0.144819982 3.9448539
0.1452144 3.95192258
0.145610614 3.95901048
0.146008635 3.9661177
0.146408473 3.97324432
0.146810139 3.98039043
0.147213645 3.98755612
0.147619002 3.99474149
0.148026221 4.00194662
0.148435313 4.00917159
0.14884629 4.01641651
0.149259164 4.02368147
0.149673946 4.03096655
0.150090647 4.03827185
0.150509281 4.04559746
0.150929857 4.05294348
0.15135239 4.06031
0.15177689 4.06769712
0.15220337 4.07510493
0.152631842 4.08253352
0.153062319 4.08998301
0.153494813 4.09745347
0.153929336 4.10494502
0.154365901 4.11245774
0.154804522 4.11999175
0.155245211 4.12754713
0.15568798 4.135124
0.156132843 4.14272244
0.156579814 4.15034257
0.157028905 4.15798448
0.15748013 4.16564828
0.157933502 4.17333408
0.158389036 4.18104197
0.158846744 4.18877206
0.15930664 4.19652445
0.159768739 4.20429927
0.160233055 4.2120966
0.160699601 4.21991656
0.161168392 4.22775926
0.161639443 4.23562481
0.162112767 4.24351331
0.16258838 4.25142488
0.163066296 4.25935963
0.163546531 4.26731766
0.164029098 4.2752991
0.164514014 4.28330406
0.165001293 4.29133265
0.165490951 4.29938498
0.165983003 4.30746117
0.166477465 4.31556134
0.166974353 4.32368561
0.167473682 4.33183408
0.167975469 4.34000689
0.16847973 4.34820415
0.16898648 4.35642599
0.169495737 4.36467251
0.170007517 4.37294385
0.170521836 4.38124012
0.171038712 4.38956145
0.171558161 4.39790797
0.1720802 4.4062798
0.172604847 4.41467706
0.173132119 4.42309989
0.173662034 4.4315484
0.174194609 4.44002274
0.174729862 4.44852302
0.175267811 4.45704937
0.175808474 4.46560194
0.17635187 4.47418085
0.176898016 4.48278623
0.177446933 4.49141821
0.177998637 4.50007694
0.178553149 4.50876255
0.179110487 4.51747517
0.17967067 4.52621494
0.180233718 4.534982
0.180799651 4.54377649
0.181368488 4.55259855
0.18194025 4.56144831
0.182514955 4.57032593
0.183092625 4.57923154
0.18367328 4.58816529
0.18425694 4.59712733
0.184843627 4.6061178
0.185433361 4.61513684
0.186026164 4.62418461
0.186622056 4.63326125
0.18722106 4.64236691
0.187823197 4.65150176
0.188428489 4.66066592
0.189036958 4.66985957
0.189648626 4.67908286
0.190263516 4.68833593
0.190881651 4.69761896
0.191503053 4.70693208
0.192127746 4.71627547
0.192755753 4.72564929
0.193387097 4.73505368
0.194021802 4.74448883
0.194659892 4.75395488
0.195301392 4.76345201
0.195946325 4.77298037
0.196594717 4.78254014
0.197246591 4.79213149
0.197901974 4.80175458
0.198560889 4.81140958
0.199223364 4.82109667
0.199889423 4.83081602
0.200559093 4.84056779
0.201232399 4.85035218
0.201909369 4.86016935
0.202590029 4.87001948
0.203274405 4.87990275
0.203962525 4.88981934
0.204654417 4.89976943
0.205350107 4.90975321
0.206049625 4.91977087
0.206752998 4.92982257
0.207460254 4.93990852
0.208171423 4.95002891
0.208886534 4.96018391
0.209605615 4.97037373
0.210328696 4.98059855
0.211055807 4.99085857
0.211786979 5.00115399
0.212522241 5.011485
0.213261624 5.02185181
0.214005159 5.0322546
0.214752877 5.04269358
0.215504811 5.05316896
0.216260991 5.06368094
0.21702145 5.07422973
0.217786221 5.08481553
0.218555336 5.09543855
0.219328828 5.10609901
0.220106731 5.11679711
0.220889078 5.12753307
0.221675903 5.13830711
0.222467242 5.14911944
0.223263128 5.15997028
0.224063597 5.17085986
0.224868683 5.18178838
0.225678424 5.19275609
0.226492854 5.2037632
0.22731201 5.21480994
0.22813593 5.22589654
0.22896465 5.23702324
0.229798208 5.24819026
0.230636641 5.25939783
0.231479988 5.27064621
0.232328288 5.28193562
0.23318158 5.2932663
0.234039902 5.30463849
0.234903296 5.31605245
0.235771801 5.32750841
0.236645457 5.33900663
0.237524307 5.35054735
0.23840839 5.36213082
0.23929775 5.3737573
0.240192428 5.38542705
0.241092467 5.39714032
0.24199791 5.40889737
0.242908802 5.42069846
0.243825185 5.43254386
0.244747104 5.44443384
0.245674605 5.45636866
0.246607733 5.46834859
0.247546533 5.4803739
0.248491052 5.49244488
0.249441336 5.50456179
0.250397434 5.51672492
0.251359393 5.52893455
0.25232726 5.54119096
0.253301086 5.55349444
0.254280918 5.56584528
0.255266808 5.57824376
0.256258805 5.59069019
0.257256961 5.60318485
0.258261325 5.61572805
0.259271952 5.62832008
0.260288893 5.64096125
0.2613122 5.65365187
0.262341929 5.66639224
0.263378132 5.67918268
0.264420865 5.69202349
0.265470184 5.704915
0.266526143 5.71785752
0.2675888 5.73085137
0.268658211 5.74389688
0.269734435 5.75699438
0.27081753 5.77014419
0.271907555 5.78334665
0.273004569 5.79660209
0.274108634 5.80991086
0.275219809 5.82327329
0.276338157 5.83668972
0.27746374 5.85016051
0.27859662 5.863686
0.279736863 5.87726655
0.280884531 5.89090251
0.282039691 5.90459424
0.283202407 5.91834211
0.284372748 5.93214647
0.285550779 5.94600771
0.286736569 5.95992619
0.287930187 5.97390228
0.289131703 5.98793637
0.290341186 6.00202883
0.291558709 6.01618006
0.292784342 6.03039043
0.29401816 6.04466035
0.295260235 6.05899021
0.296510642 6.07338041
0.297769456 6.08783135
0.299036754 6.10234343
0.300312613 6.11691707
0.30159711 6.13155268
0.302890325 6.14625068
0.304192337 6.16101149
0.305503227 6.17583553
0.306823076 6.19072324
0.308151968 6.20567504
0.309489985 6.22069138
0.310837213 6.23577269
0.312193736 6.25091942
0.313559642 6.26613201
0.314935017 6.28141093
0.316319951 6.29675663
0.317714533 6.31216957
0.319118854 6.32765021
0.320533005 6.34319904
0.32195708 6.35881651
0.323391172 6.37450311
0.324835377 6.39025933
0.326289791 6.40608565
0.327754511 6.42198256
0.329229635 6.43795057
0.330715265 6.45399017
0.3322115 6.47010188
0.333718443 6.48628619
0.335236198 6.50254364
0.336764869 6.51887474
0.338304562 6.53528002
0.339855385 6.55176
0.341417446 6.56831524
0.342990856 6.58494626
0.344575725 6.60165362
0.346172167 6.61843787
0.347780296 6.63529957
0.349400228 6.65223928
0.351032079 6.66925757
0.352675968 6.68635501
0.354332016 6.70353219
0.356000343 6.72078969
0.357681073 6.7381281
0.359374331 6.75554802
0.361080243 6.77305006
0.362798937 6.79063482
0.364530542 6.80830292
0.366275189 6.82605499
0.368033013 6.84389164
0.369804146 6.86181352
0.371588726 6.87982127
0.373386891 6.89791553
0.37519878 6.91609696
0.377024536 6.93436622
0.378864303 6.95272397
0.380718224 6.9711709
0.382586449 6.98970767
0.384469127 7.00833499
0.386366409 7.02705355
0.388278448 7.04586404
0.3902054 7.06476719
0.392147422 7.0837637
0.394104675 7.10285431
0.396077319 7.12203974
0.39806552 7.14132073
0.400069443 7.16069804
0.402089257 7.18017242
0.404125132 7.19974463
0.406177242 7.21941545
0.408245762 7.23918565
0.410330871 7.25905603
0.412432747 7.27902738
0.414551576 7.29910051
0.416687541 7.31927624
0.418840831 7.33955538
0.421011637 7.35993877
0.423200151 7.38042724
0.42540657 7.40102166
0.427631093 7.42172288
0.42987392 7.44253177
0.432135258 7.46344921
0.434415312 7.48447609
0.436714294 7.5056133
0.439032417 7.52686175
0.441369896 7.54822237
0.443726952 7.56969608
0.446103808 7.59128382
0.448500688 7.61298655
0.450917823 7.63480521
0.453355445 7.65674078
0.45581379 7.67879425
0.458293097 7.70096661
0.460793609 7.72325886
0.463315573 7.74567203
0.46585924 7.76820713
0.468424862 7.7908652
0.471012698 7.81364731
0.473623009 7.83655451
0.476256061 7.85958788
0.478912123 7.88274851
0.48159147 7.9060375
0.484294377 7.92945597
0.487021129 7.95300504
0.48977201 7.97668586
0.492547312 8.00049957
0.49534733 8.02444735
0.498172363 8.04853039
0.501022716 8.07274987
0.503898698 8.097107
0.506800623 8.12160302
0.50972881 8.14623917
0.512683582 8.17101669
0.515665268 8.19593686
0.518674203 8.22100097
0.521710726 8.24621031
0.524775182 8.27156621
0.527867922 8.29706999
0.5309893 8.32272302
0.53413968 8.34852665
0.537319428 8.37448227
0.540528919 8.40059128
0.543768531 8.4268551
0.547038651 8.45327517
0.550339671 8.47985294
0.553671989 8.50658988
0.55703601 8.5334875
0.560432148 8.56054729
0.563860819 8.58777079
0.567322451 8.61515955
0.570817476 8.64271514
0.574346334 8.67043915
0.577909473 8.69833319
0.581507349 8.72639889
0.585140423 8.75463791
0.588809168 8.78305192
0.592514062 8.81164261
0.596255592 8.84041171
0.600034255 8.86936095
0.603850553 8.89849211
0.607705002 8.92780697
0.611598121 8.95730734
0.615530444 8.98699507
0.61950251 9.016872
0.62351487 9.04694004
0.627568083 9.07720108
0.63166272 9.10765708
0.635799361 9.13830999
0.639978596 9.16916181
0.644201028 9.20021455
0.648467267 9.23147027
0.652777938 9.26293104
0.657133675 9.29459897
0.661535124 9.32647618
0.665982946 9.35856484
0.670477809 9.39086716
0.675020397 9.42338534
0.679611406 9.45612166
0.684251545 9.4890784
0.688941536 9.52225788
0.693682116 9.55566247
0.698474033 9.58929454
0.703318054 9.62315652
0.708214956 9.65725088
0.713165535 9.6915801
0.718170598 9.72614673
0.723230972 9.76095333
0.728347498 9.7960025
0.733521033 9.8312969
0.738752453 9.86683921
0.744042649 9.90263216
0.749392531 9.9386785
0.754803028 9.97498106
0.760275086 10.0115427
0.765809671 10.0483663
0.771407767 10.0854547
0.777070382 10.1228111
0.78279854 10.1604384
0.788593288 10.1983396
0.794455697 10.236518
0.800386855 10.2749766
0.806387879 10.3137188
0.812459903 10.3527477
0.81860409 10.3920667
0.824821625 10.4316792
0.831113719 10.4715887
0.83748161 10.5117985
0.843926559 10.5523123
0.850449859 10.5931336
0.857052827 10.6342662
0.863736812 10.6757136
0.870503191 10.7174798
0.877353371 10.7595685
0.88428879 10.8019836
0.891310921 10.8447292
0.898421266 10.8878092
0.905621364 10.9312278
0.912912786 10.9749891
0.920297142 11.0190974
0.927776077 11.063557
0.935351273 11.1083723
0.943024453 11.1535477
0.950797379 11.1990878
0.958671855 11.2449972
0.966649726 11.2912806
0.974732882 11.3379428
0.982923258 11.3849887
0.991222834 11.4324231
0.999633641 11.4802512
1.00815775 11.5284781
1.0167973 11.577109
1.02555447 11.6261492
1.03443149 11.6756041
1.04343065 11.7254793
1.0525543 11.7757803
1.06180484 11.8265129
1.07118474 11.8776828
1.08069654 11.9292961
1.09034282 11.9813587
1.10012625 12.0338768
1.11004955 12.0868566
1.12011553 12.1403046
1.13032707 12.1942273
1.14068711 12.2486313
1.15119868 12.3035233
1.16186489 12.3589102
1.17268894 12.4147991
1.1836741 12.4711971
1.19482375 12.5281115
1.20614135 12.5855499
1.21763046 12.6435196
1.22929472 12.7020286
1.24113791 12.7610847
1.25316389 12.8206959
1.26537663 12.8808705
1.27778023 12.9416169
1.29037888 13.0029437
1.30317693 13.0648595
1.31617882 13.1273733
1.32938914 13.1904943
1.34281261 13.2542316
1.35645411 13.3185949
1.37031863 13.3835937
1.38441135 13.449238
1.39873758 13.5155379
1.4133028 13.5825038
1.42811268 13.6501462
1.44317303 13.7184758
1.45848988 13.7875038
1.47406943 13.8572413
1.48991809 13.9276999
1.50604246 13.9988913
1.52244937 14.0708277
1.53914587 14.1435212
1.55613925 14.2169845
1.57343702 14.2912305
1.59104696 14.3662723
1.60897712 14.4421234
1.62723582 14.5187975
1.64583164 14.5963089
1.6647735 14.6746719
1.68407061 14.7539012
1.70373251 14.8340121
1.72376907 14.9150201
1.74419053 14.9969408
1.7650075 15.0797907
1.78623097 15.1635864
1.80787234 15.2483448
1.82994344 15.3340835
1.85245654 15.4208203
1.87542438 15.5085736
1.89886018 15.5973621
1.92277768 15.6872051
1.94719115 15.7781223
1.97211544 15.870134
1.99756598 15.963261
2.02355881 16.0575244
2.05011064 16.1529461
2.07723885 16.2495484
2.10496156 16.3473544
2.13329763 16.4463876
2.16226672 16.5466721
2.19188934 16.6482327
2.22218688 16.7510948
2.25318165 16.8552846
2.28489698 16.9608287
2.31735718 17.0677547
2.35058772 17.1760907
2.38461517 17.2858657
2.41946736 17.3971094
2.4551734 17.5098522
2.49176376 17.6241254
2.52927036 17.7399611
2.56772666 17.8573922
2.60716774 17.9764525
2.6476304 18.0971767
2.68915325 18.2196001
2.73177687 18.3437594
2.77554386 18.4696918
2.82049902 18.5974356
2.8666895 18.7270301
2.91416487 18.8585153
2.96297737 18.9919325
3.01318202 19.1273237
3.06483682 19.2647319
3.11800298 19.4042011
3.17274505 19.5457762
3.22913125 19.6895029
3.28723363 19.8354279
3.34712838 19.9835986
3.40889609 20.1340634
3.47262207 20.2868712
3.53839668 20.4420715
3.60631565 20.5997145
3.67648051 20.7598506
3.74899895 20.9225307
3.82398529 21.0878055
3.90156092 21.2557258
3.98185484 21.4263417
4.06500417 21.599703
4.15115474 21.7758582
4.2404617 21.9548544
4.33309018 22.1367369
4.42921598 22.3215484
4.52902631 22.5093286
4.63272058 22.7001132
4.74051117 22.8939331
4.85262436 23.0908137
4.96930108 23.2907732
5.09079795 23.4938215
5.21738803 23.6999588
5.34936185 23.9091736
5.48702816 24.1214403
5.63071478 24.3367177
5.78076932 24.5549454
5.9375597 24.7760411
6.10147452 24.9998973
6.27292318 25.2263768
6.45233553 25.455309
6.64016116 25.6864841
6.83686803 25.9196483
7.04294029 26.1544976
7.25887522 26.390671
7.48517893 26.6277443
7.72236071 26.8652218
7.97092569 27.10253
8.23136558 27.3390095
8.50414715 27.5739086
8.7896984 27.8063772
9.08839207 28.0354626
9.40052652 28.2601075
9.72630413 28.4791506
10.0658075 28.691332
10.4189743 28.8953032
10.7855714 29.0896432
11.1651703 29.2728814
11.5571247 29.4435272
11.9605541 29.6001077
12.3743332 29.7412104
12.797092 29.865532
13.2272263 29.9719283
13.6629213 30.0594642
14.1021877 30.1274583
14.5429094 30.1755199
14.9828997 30.2035732
15.4199632 30.2118675
15.8519579 30.2009708
16.2768529 30.1717488
16.6927764 30.1253309
17.0980518 30.0630664
17.4912189 29.9864777
17.871041 29.8972141
18.2365011 29.7970115
18.5867893 29.6876602
18.9212874 29.5709841
19.2395537 29.4488268
19.5413131 29.323046
19.8264514 29.1955102
20.0950158 29.0680957
20.3472201 28.9426805
20.58345 28.8211343
20.8042694 28.7053047
21.0104231 28.5969989
21.2028358 28.4979653
21.3826077 28.4098741
21.5510066 28.3342997
21.7094583 28.2727063
21.8595369 28.2264346
22.0029551 28.1966907
22.1415563 28.1845348
22.2773073 28.1908685
22.4122889 28.2164201
22.5486857 28.2617272
22.6887695 28.327118
22.8348786 28.4126941
22.9893903 28.5183152
23.1546893 28.6435903
23.3331331 28.7878763
23.5270188 28.9502837
23.7385522 29.1296906
23.969823 29.3247608
24.2227864 29.533965
24.499251 29.7556012
24.8008715 29.9878123
25.1291431 30.2285997
25.4853956 30.4758327
25.8707839 30.7272558
26.2862739 30.9804966
26.7326249 31.2330769
27.2103695 31.4824313
27.7197949 31.7259327
28.2609294 31.9609252
28.8335378 32.1847632
29.4371265 32.3948506
30.0709597 32.5886784
30.7340836 32.7638541
31.425356 32.9181235
32.1434758 33.0493813
32.8870097 33.1556749
33.654413 33.235202
34.4440445 33.2863082
35.2541761 33.3074863
36.083001 33.2973799
36.9286443 33.2547918
37.7891778 33.1786945
38.6626425 33.0682409
39.547078 32.9227699
40.4405579 32.7418039
41.3412271 32.5250349
42.2473371 32.272298
43.1572742 31.9835331
44.0695763 31.658736
44.9829346 31.2979043
45.8961791 30.9009815
46.8082463 30.4678057
47.7181315 29.9980667
48.6248273 29.4912768
49.5272534 28.9467588
50.4241796 28.3636543
51.3141504 27.7409543
52.1954164 27.077552
53.0658782 26.3723167
53.9230517 25.6241847
54.7640572 24.83226
55.5856363 23.9959194
56.3841959 23.1149106
57.1558765 22.1894392
57.8966394 21.2202367
58.6023679 20.2086076
59.2689748 19.1564533
59.8925145 18.0662739
60.4692919 16.9411482
60.995968 15.7846912
61.4696546 14.6009924
61.8879976 13.394534
62.2492408 12.1700932
62.552268 10.9326325
62.7966204 9.68718387
62.9824872 8.43873512
63.1106739 7.19212338
63.1825496 5.95194323
63.1999808 4.72247235
63.1652573 3.50761655
63.081016 2.31087362
62.9501673 1.13531367
62.7758297 -0.0164277884
62.561271 -1.14214849
62.3098599 -2.24007463
62.0250238 -3.30885691
61.7102086 -4.34757027
61.3688371 -5.35571787
61.0042596 -6.33323711
60.6196927 -7.28050255
60.2181468 -8.19831893
59.8023436 -9.08789659
59.3746297 -9.95080314
58.9368966 -10.7888878
58.4905166 -11.6041785
58.0363054 -12.3987578
57.5745197 -13.1746239
57.1048954 -13.9335518
56.6267252 -14.676966
56.1389726 -15.4058388
55.6404117 -16.120626
55.1297794 -16.821247
54.605924 -17.5071103
54.0679356 -18.1771826
53.5152445 -18.8300876
52.9476802 -19.4642248
52.3654907 -20.0778887
51.769326 -20.6693769
51.1601962 -21.2370772
50.5394173 -21.779527
49.9085545 -22.2954501
49.2693731 -22.7837738
48.6238005 -23.2436354
47.9738988 -23.6743867
47.3218454 -24.0756003
46.6699155 -24.4470818
46.0204623 -24.7888867
45.3758915 -25.1013403
44.7386276 -25.3850554
44.1110734 -25.6409461
43.495564 -25.8702328
42.8943181 -26.0744384
42.3093903 -26.2553738
41.742626 -26.415114
41.1956231 -26.5559669
40.6697002 -26.6804359
40.1658727 -26.7911797
39.684836 -26.8909717
39.2269541 -26.9826587
38.7922526 -27.0691214
38.3804145 -27.1532353
37.990778 -27.23783
37.6223384 -27.3256466
37.2737531 -27.4192931
36.9433551 -27.5211955
36.629174 -27.6335489
36.328969 -27.7582702
36.0402718 -27.896955
35.7604402 -28.050844
35.4867184 -28.2208015
35.216301 -28.4073071
34.9463962 -28.6104637
34.6742828 -28.8300178
34.3973586 -29.0653917
34.1131762 -29.3157233
33.8194653 -29.5799083
33.5141417 -29.8566404
33.1953057 -30.144445
32.8612334 -30.4417033
32.5103649 -30.7466639
32.1412971 -31.057443
31.7527852 -31.3720156
31.3437562 -31.6882022
30.9133398 -32.0036582
30.4609115 -32.3158731
29.9861469 -32.6221876
29.489078 -32.9198326
28.9701412 -33.2059916
28.4302098 -33.4778845
27.8705986 -33.7328661
27.2930385 -33.9685271
26.6996186 -34.1827884
26.0927007 -34.3739748
25.4748139 -34.5408601
24.8485415 -34.6826779
24.2164124 -34.7990986
23.580808 -34.8901745
22.9438945 -34.9562642
22.3075849 -34.997944
21.673532 -35.0159196
21.0431492 -35.0109472
20.4176528 -34.9837724
19.7981162 -34.9350933
19.185528 -34.8655467
18.5808438 -34.7757176
17.9850259 -34.6661661
17.3990644 -34.537464
16.8239815 -34.3902349
16.2608177 -34.2251897
15.7106056 -34.0431527
15.1743361 -33.8450747
14.6529225 -33.6320325
14.1471676 -33.405216
13.6577366 -33.165906
13.1851403 -32.9154454
12.7297254 -32.6552081
12.2916756 -32.3865678
11.8710185 -32.1108703
11.4676394 -31.8294096
11.0812974 -31.5434091
10.7116449 -31.254008
10.3582466 -30.9622531
10.0205987 -30.6690941
9.69814581 -30.3753829
9.39029692 -30.081876
9.09643902 -29.7892381
8.81594846 -29.4980478
8.54820047 -29.2088042
8.29257679 -28.9219333
8.04847161 -28.6377952
7.81529607 -28.3566908
7.59248157 -28.0788685
7.37948206 -27.8045302
7.17577546 -27.5338366
6.98086445 -27.266913
6.79427675 -27.0038535
6.61556493 -26.7447255
6.44430597 -26.4895731
6.28010057 -26.2384206
6.12257232 -25.9912754
5.97136672 -25.7481304
5.82615017 -25.5089666
5.6866089 -25.2737545
5.55244791 -25.0424562
5.42338994 -24.815027
5.29917437 -24.5914161
5.17955626 -24.3715681
5.06430539 -24.155424
4.9532053 -23.9429218
4.84605245 -23.7339972
4.74265538 -23.5285845
4.64283392 -23.3266166
4.54641847 -23.128026
4.45324929 -22.9327446
4.3631759 -22.7407045
4.27605643 -22.5518381
4.19175707 -22.3660779
4.11015157 -22.1833576
4.03112074 -22.0036112
3.95455197 -21.8267741
3.88033884 -21.6527822
3.80838071 -21.481573
3.73858234 -21.3130849
3.6708536 -21.1472576
3.60510908 -20.984032
3.54126785 -20.8233503
3.47925316 -20.6651561
3.41899219 -20.5093941
3.3604158 -20.3560105
3.30345834 -20.2049526
3.2480574 -20.0561692
3.19415364 -19.9096102
3.14169061 -19.7652268
3.09061459 -19.6229715
3.0408744 -19.482798
2.99242128 -19.3446612
2.94520877 -19.208517
2.89919253 -19.0743227
2.85433027 -18.9420366
2.8105816 -18.8116181
2.76790795 -18.6830276
2.72627248 -18.5562267
2.68563994 -18.4311779
2.64597665 -18.3078447
2.60725036 -18.1861914
2.56943021 -18.0661837
2.53248664 -17.9477876
2.49639133 -17.8309705
2.46111715 -17.7157003
2.42663806 -17.601946
2.3929291 -17.4896772
2.35996632 -17.3788643
2.32772673 -17.2694787
2.29618824 -17.1614922
2.26532963 -17.0548776
2.23513051 -16.9496082
2.20557129 -16.8456581
2.17663311 -16.7430019
2.14829782 -16.6416152
2.12054799 -16.5414737
2.09336679 -16.4425541
2.06673805 -16.3448335
2.04064618 -16.2482897
2.01507616 -16.1529009
1.99001349 -16.0586458
1.96544421 -15.9655039
1.94135486 -15.8734549
1.91773243 -15.7824791
1.89456439 -15.6925572
1.87183861 -15.6036706
1.84954341 -15.5158009
1.82766749 -15.4289301
1.80619992 -15.3430409
1.78513017 -15.2581161
1.76444803 -15.1741391
1.74414364 -15.0910937
1.72420745 -15.0089638
1.70463024 -14.9277339
1.68540308 -14.847389
1.66651731 -14.767914
1.64796456 -14.6892946
1.62973673 -14.6115164
1.61182596 -14.5345657
1.59422464 -14.4584289
1.57692539 -14.3830927
1.55992107 -14.3085441
1.54320473 -14.2347705
1.52676966 -14.1617594
1.51060934 -14.0894986
1.49471743 -14.0179764
1.4790878 -13.947181
1.46371448 -13.877101
1.44859169 -13.8077254
1.43371381 -13.7390431
1.41907538 -13.6710436
1.40467111 -13.6037163
1.39049584 -13.537051
1.37654456 -13.4710376
1.36281241 -13.4056663
1.34929466 -13.3409276
1.33598672 -13.2768118
1.3228841 -13.2133099
1.30998247 -13.1504127
1.29727758 -13.0881114
1.28476532 -13.0263972
1.27244169 -12.9652615
1.26030277 -12.9046962
1.24834478 -12.8446928
1.23656402 -12.7852435
1.22495689 -12.7263402
1.21351987 -12.6679753
1.20224956 -12.6101412
1.19114262 -12.5528304
1.18019581 -12.4960356
1.16940598 -12.4397497
1.15877003 -12.3839655
1.14828496 -12.3286763
1.13794785 -12.2738752
1.12775584 -12.2195556
1.11770614 -12.165711
1.10779604 -12.1123349
1.09802288 -12.0594211
1.08838408 -12.0069634
1.07887711 -11.9549557
1.06949952 -11.9033921
1.06024888 -11.8522667
1.05112286 -11.8015737
1.04211917 -11.7513076
1.03323556 -11.7014628
1.02446986 -11.6520338
1.01581991 -11.6030153
1.00728364 -11.554402
0.998859015 -11.5061887
0.990544034 -11.4583705
0.982336755 -11.4109422
0.974235275 -11.363899
0.966237734 -11.3172361
0.958342315 -11.2709486
0.950547242 -11.225032
0.942850775 -11.1794817
0.935251217 -11.1342931
0.927746904 -11.0894619
0.920336211 -11.0449836
0.913017548 -11.000854
0.905789359 -10.9570688
0.898650121 -10.9136239
0.891598344 -10.8705153
0.88463257 -10.8277389
0.877751373 -10.7852907
0.870953356 -10.7431669
0.86423715 -10.7013637
0.857601417 -10.6598772
0.851044845 -10.6187038
0.844566152 -10.5778399
0.838164079 -10.5372818
0.831837395 -10.497026
0.825584893 -10.457069
0.819405392 -10.4174074
0.813297734 -10.3780379
0.807260785 -10.3389571
0.801293431 -10.3001617
0.795394585 -10.2616485
0.789563179 -10.2234144
0.783798164 -10.1854563
0.778098517 -10.147771
0.77246323 -10.1103555
0.766891317 -10.0732069
0.761381812 -10.0363223
0.755933765 -9.99969858
0.750546248 -9.96333307
0.745218348 -9.92722292
0.739949171 -9.89136535
0.734737838 -9.85575764
0.729583489 -9.8203971
0.72448528 -9.78528108
0.719442381 -9.75040696
0.714453979 -9.71577218
0.709519276 -9.68137419
0.704637489 -9.6472105
0.699807849 -9.61327864
0.695029602 -9.57957617
0.690302007 -9.54610071
0.685624337 -9.51284989
0.680995877 -9.47982138
0.676415928 -9.44701289
0.671883799 -9.41442214
0.667398817 -9.38204691
0.662960316 -9.34988499
0.658567645 -9.31793422
0.654220163 -9.28619244
0.649917242 -9.25465755
0.645658263 -9.22332746
0.64144262 -9.19220012
0.637269715 -9.16127349
0.633138964 -9.13054558
0.62904979 -9.10001441
0.625001626 -9.06967803
0.620993918 -9.03953452
0.617026119 -9.00958198
0.613097691 -8.97981855
0.609208106 -8.95024238
0.605356845 -8.92085164
0.601543398 -8.89164453
0.597767263 -8.86261929
0.594027947 -8.83377415
0.590324965 -8.80510739
0.58665784 -8.77661731
0.583026103 -8.74830221
0.579429293 -8.72016044
0.575866955 -8.69219034
0.572338645 -8.66439031
0.568843922 -8.63675873
0.565382356 -8.60929404
0.561953522 -8.58199466
0.558557001 -8.55485907
0.555192383 -8.52788572
0.551859264 -8.50107314
0.548557245 -8.47441982
0.545285935 -8.4479243
0.542044949 -8.42158515
0.538833907 -8.39540092
0.535652435 -8.3693702
0.532500168 -8.34349161
0.529376743 -8.31776376
0.526281803 -8.29218529
0.523215 -8.26675487
0.520175987 -8.24147115
0.517164426 -8.21633283
0.514179982 -8.19133861
0.511222325 -8.16648721
0.508291132 -8.14177737
0.505386084 -8.11720784
0.502506866 -8.09277737
0.499653168 -8.06848475
0.496824686 -8.04432877
0.49402112 -8.02030825
0.491242174 -7.99642199
0.488487556 -7.97266884
0.485756979 -7.94904765
0.483050162 -7.92555727
0.480366824 -7.90219659
0.477706693 -7.87896449
0.475069498 -7.85585987
0.472454972 -7.83288164
0.469862853 -7.81002874
0.467292882 -7.7873001
0.464744805 -7.76469468
0.462218371 -7.74221142
0.459713332 -7.71984932
0.457229443 -7.69760735
0.454766466 -7.6754845
0.452324162 -7.6534798
0.449902299 -7.63159226
0.447500645 -7.60982091
0.445118975 -7.58816479
0.442757063 -7.56662295
0.440414691 -7.54519445
0.43809164 -7.52387837
0.435787695 -7.50267379
0.433502647 -7.4815798
0.431236285 -7.46059551
0.428988404 -7.43972002
0.426758803 -7.41895247
0.42454728 -7.39829197
0.422353638 -7.37773768
0.420177684 -7.35728874
0.418019226 -7.33694431
0.415878074 -7.31670355
0.413754041 -7.29656566
0.411646945 -7.27652981
0.409556602 -7.25659519
0.407482835 -7.23676102
0.405425467 -7.2170265
0.403384322 -7.19739084
0.40135923 -7.17785329
0.39935002 -7.15841308
0.397356525 -7.13906944
0.395378581 -7.11982163
0.393416024 -7.10066892
0.391468692 -7.08161056
0.389536429 -7.06264584
0.387619076 -7.04377403
0.385716479 -7.02499443
0.383828486 -7.00630633
0.381954947 -6.98770903
0.380095712 -6.96920186
0.378250635 -6.95078412
0.376419571 -6.93245514
0.374602377 -6.91421426
0.372798912 -6.8960608
0.371009038 -6.87799413
0.369232615 -6.86001358
0.367469509 -6.84211852
0.365719586 -6.82430832
0.363982713 -6.80658233
0.362258759 -6.78893995
0.360547597 -6.77138056
0.358849097 -6.75390354
0.357163135 -6.73650828
0.355489586 -6.7191942
0.353828328 -6.7019607
0.35217924 -6.68480719
0.350542201 -6.6677331
0.348917094 -6.65073784
0.347303802 -6.63382084
0.34570221 -6.61698155
0.344112203 -6.6002194
0.342533671 -6.58353384
0.3409665 -6.56692432
0.339410583 -6.5503903
0.33786581 -6.53393124
0.336332074 -6.51754661
0.33480927 -6.50123588
0.333297293 -6.48499853
0.33179604 -6.46883404
0.330305409 -6.45274189
0.328825298 -6.43672159
0.32735561 -6.42077262
0.325896244 -6.4048945
0.324447104 -6.38908672
0.323008095 -6.37334879
0.32157912 -6.35768024
0.320160086 -6.34208058
0.318750901 -6.32654933
0.317351472 -6.31108603
0.31596171 -6.2956902
0.314581525 -6.28036139
0.313210828 -6.26509914
0.311849532 -6.24990299
0.310497551 -6.23477249
0.309154798 -6.2197072
0.307821191 -6.20470668
0.306496645 -6.18977048
0.305181077 -6.17489818
0.303874407 -6.16008933
0.302576554 -6.14534353
0.301287437 -6.13066034
0.300006979 -6.11603935
0.298735101 -6.10148013
0.297471726 -6.08698229
0.296216779 -6.07254541
0.294970183 -6.05816909
0.293731865 -6.04385293
0.292501751 -6.02959654
0.291279767 -6.01539951
0.290065843 -6.00126146
0.288859907 -5.987182
0.287661889 -5.97316076
0.286471718 -5.95919734
0.285289326 -5.94529138
0.284114646 -5.9314425
0.28294761 -5.91765033
0.28178815 -5.90391451
0.280636202 -5.89023467
0.2794917 -5.87661045
0.27835458 -5.8630415
0.277224778 -5.84952745
0.276102232 -5.83606797
0.274986877 -5.82266269
0.273878654 -5.80931128
0.272777501 -5.7960134
0.271683358 -5.7827687
0.270596165 -5.76957684
0.269515862 -5.7564375
0.268442393 -5.74335035
0.267375698 -5.73031505
0.26631572 -5.71733128
0.265262403 -5.70439872
0.264215692 -5.69151705
0.263175529 -5.67868595
0.262141862 -5.66590511
0.261114635 -5.65317421
0.260093795 -5.64049295
0.259079289 -5.62786101
0.258071064 -5.6152781
0.257069068 -5.60274392
0.25607325 -5.59025816
0.255083559 -5.57782052
0.254099944 -5.56543072
0.253122356 -5.55308846
0.252150744 -5.54079345
0.251185062 -5.5285454
0.250225259 -5.51634403
0.249271288 -5.50418906
0.248323103 -5.49208021
0.247380655 -5.48001719
0.246443898 -5.46799974
0.245512787 -5.45602757
0.244587277 -5.44410042
0.243667321 -5.43221803
0.242752876 -5.42038011
0.241843897 -5.40858641
0.240940341 -5.39683666
0.240042165 -5.38513061
0.239149325 -5.37346798
0.23826178 -5.36184854
0.237379488 -5.35027202
0.236502406 -5.33873817
0.235630494 -5.32724674
0.234763711 -5.31579748
0.233902018 -5.30439015
0.233045373 -5.29302449
0.232193737 -5.28170028
0.231347072 -5.27041725
0.230505339 -5.25917519
0.229668499 -5.24797384
0.228836514 -5.23681298
0.228009346 -5.22569236
0.227186959 -5.21461177
0.226369316 -5.20357096
0.22555638 -5.19256972
0.224748114 -5.1816078
0.223944484 -5.170685
0.223145453 -5.15980108
0.222350986 -5.14895583
0.221561049 -5.13814902
0.220775607 -5.12738043
0.219994627 -5.11664986
0.219218073 -5.10595708
0.218445913 -5.09530188
0.217678114 -5.08468406
0.216914642 -5.07410339
0.216155466 -5.06355968
0.215400552 -5.05305271
0.214649869 -5.04258228
0.213903386 -5.03214819
0.213161071 -5.02175023
0.212422892 -5.01138821
0.21168882 -5.00106192
0.210958824 -4.99077116
0.210232873 -4.98051575
0.209510938 -4.97029548
0.208792989 -4.96011016
0.208078997 -4.9499596
0.207368932 -4.93984361
0.206662766 -4.929762
0.20596047 -4.91971458
0.205262017 -4.90970116
0.204567377 -4.89972157
0.203876524 -4.88977561
0.203189429 -4.87986311
0.202506066 -4.86998388
0.201826407 -4.86013774
0.201150426 -4.85032451
0.200478096 -4.84054402
0.199809391 -4.8307961
0.199144285 -4.82108056
0.198482752 -4.81139723
0.197824766 -4.80174594
0.197170302 -4.79212652
0.196519335 -4.7825388
0.195871841 -4.77298262
0.195227794 -4.76345779
0.19458717 -4.75396417
0.193949944 -4.74450157
0.193316093 -4.73506984
0.192685594 -4.72566882
0.192058421 -4.71629835
0.191434552 -4.70695825
0.190813965 -4.69764838
0.190196635 -4.68836858
0.18958254 -4.67911869
0.188971657 -4.66989855
0.188363965 -4.660708
0.18775944 -4.6515469
0.187158061 -4.64241509
0.186559807 -4.63331243
0.185964655 -4.62423874
0.185372584 -4.6151939
0.184783572 -4.60617775
0.1841976 -4.59719014
0.183614646 -4.58823093
0.183034689 -4.57929997
0.182457708 -4.57039711
0.181883684 -4.56152222
0.181312596 -4.55267514
0.180744425 -4.54385574
0.18017915 -4.53506388
0.179616752 -4.52629942
0.179057211 -4.51756221
0.178500508 -4.50885213
0.177946625 -4.50016903
0.177395541 -4.49151277
0.176847238 -4.48288323
0.176301697 -4.47428027
0.175758901 -4.46570375
0.17521883 -4.45715354
0.174681466 -4.44862951
0.174146792 -4.44013153
0.173614789 -4.43165948
0.17308544 -4.42321321
0.172558727 -4.41479261
0.172034632 -4.40639754
0.171513139 -4.39802788
0.17099423 -4.3896835
0.170477888 -4.38136429
0.169964096 -4.3730701
0.169452838 -4.36480083
0.168944097 -4.35655635
0.168437856 -4.34833654
0.1679341 -4.34014127
0.167432811 -4.33197043
0.166933974 -4.3238239
0.166437573 -4.31570155
0.165943593 -4.30760328
0.165452016 -4.29952896
0.164962829 -4.29147848
0.164476015 -4.28345173
0.163991559 -4.27544858
0.163509447 -4.26746892
0.163029662 -4.25951265
0.16255219 -4.25157965
0.162077017 -4.2436698
0.161604127 -4.235783
0.161133506 -4.22791914
0.16066514 -4.2200781
0.160199014 -4.21225977
0.159735114 -4.20446406
0.159273425 -4.19669085
0.158813935 -4.18894003
0.158356629 -4.1812115
0.157901492 -4.17350515
0.157448513 -4.16582088
0.156997676 -4.15815859
0.156548969 -4.15051816
0.156102378 -4.1428995
0.15565789 -4.13530251
0.155215492 -4.12772707
0.154775171 -4.1201731
0.154336913 -4.11264049
0.153900707 -4.10512915
0.153466538 -4.09763896
0.153034396 -4.09016984
0.152604267 -4.08272169
0.152176138 -4.0752944
0.151749997 -4.06788789
0.151325833 -4.06050205
0.150903633 -4.0531368
0.150483385 -4.04579202
0.150065076 -4.03846764
0.149648696 -4.03116356
0.149234232 -4.02387968
0.148821672 -4.01661591
0.148411006 -4.00937216
0.148002221 -4.00214834
0.147595306 -3.99494436
0.14719025 -3.98776012
0.146787042 -3.98059554
0.146385669 -3.97345052
0.145986122 -3.96632498
0.14558839 -3.95921884
0.14519246 -3.95213199
0.144798324 -3.94506436
0.144405969 -3.93801586
0.144015385 -3.9309864
0.143626561 -3.9239759
0.143239488 -3.91698426
0.142854154 -3.91001142
0.14247055 -3.90305728
0.142088664 -3.89612175
0.141708488 -3.88920476
0.14133001 -3.88230622
0.14095322 -3.87542606
0.140578109 -3.86856418
0.140204667 -3.86172051
0.139832884 -3.85489497
0.13946275 -3.84808748
0.139094256 -3.84129795
0.138727391 -3.83452631
0.138362147 -3.82777247
0.137998514 -3.82103637
0.137636482 -3.81431792
0.137276043 -3.80761705
0.136917186 -3.80093367
0.136559903 -3.79426772
0.136204185 -3.78761911
0.135850022 -3.78098777
0.135497406 -3.77437362
0.135146327 -3.76777659
0.134796777 -3.76119661
0.134448748 -3.75463359
0.134102229 -3.74808748
0.133757213 -3.74155819
0.133413691 -3.73504565
0.133071654 -3.72854979
0.132731094 -3.72207053
0.132392003 -3.71560782
0.132054372 -3.70916156
0.131718193 -3.7027317
0.131383457 -3.69631817
0.131050157 -3.68992088
0.130718284 -3.68353979
0.13038783 -3.6771748
0.130058787 -3.67082587
0.129731148 -3.66449291
0.129404904 -3.65817586
0.129080047 -3.65187465
0.128756571 -3.64558922
0.128434466 -3.6393195
0.128113725 -3.63306542
0.127794341 -3.62682691
0.127476306 -3.62060392
0.127159613 -3.61439637
0.126844254 -3.6082042
0.126530222 -3.60202735
0.126217509 -3.59586575
0.125906108 -3.58971933
0.125596012 -3.58358804
0.125287213 -3.57747181
0.124979705 -3.57137058
0.12467348 -3.56528428
0.124368531 -3.55921286
0.124064852 -3.55315625
0.123762435 -3.54711438
0.123461273 -3.54108721
0.12316136 -3.53507466
0.122862688 -3.52907668
0.122565252 -3.52309321
0.122269043 -3.51712419
0.121974056 -3.51116955
0.121680284 -3.50522924
0.12138772 -3.4993032
0.121096358 -3.49339138
0.120806191 -3.4874937
0.120517213 -3.48161013
0.120229417 -3.47574059
0.119942798 -3.46988503
0.119657348 -3.46404339
0.119373061 -3.45821562
0.119089931 -3.45240166
0.118807953 -3.44660145
0.118527119 -3.44081495
0.118247424 -3.43504208
0.117968862 -3.42928281
0.117691426 -3.42353707
0.117415111 -3.4178048
0.11713991 -3.41208596
0.116865818 -3.40638049
0.116592829 -3.40068834
0.116320937 -3.39500945
0.116050136 -3.38934377
0.115780421 -3.38369125
0.115511785 -3.37805183
0.115244224 -3.37242546
0.114977731 -3.36681209
0.1147123 -3.36121167
0.114447927 -3.35562415
0.114184606 -3.35004948
0.113922331 -3.34448759
0.113661097 -3.33893845
0.113400898 -3.33340201
0.113141729 -3.32787821
0.112883585 -3.322367
0.11262646 -3.31686833
0.112370349 -3.31138216
0.112115246 -3.30590844
0.111861148 -3.30044711
0.111608047 -3.29499812
0.11135594 -3.28956144
0.111104821 -3.28413701
0.110854685 -3.27872478
0.110605527 -3.2733247
0.110357342 -3.26793674
0.110110125 -3.26256083
0.109863871 -3.25719694
0.109618575 -3.25184502
0.109374232 -3.24650501
0.109130838 -3.24117688
0.108888387 -3.23586058
0.108646875 -3.23055607
0.108406297 -3.22526329
0.108166648 -3.2199822
0.107927924 -3.21471276
0.10769012 -3.20945492
0.107453231 -3.20420864
0.107217253 -3.19897387
0.10698218 -3.19375057
0.106748009 -3.18853869
0.106514736 -3.1833382
0.106282354 -3.17814905
0.106050861 -3.17297119
0.105820251 -3.16780458
0.105590521 -3.16264918
0.105361665 -3.15750494
0.105133679 -3.15237183
0.10490656 -3.1472498
0.104680302 -3.14213881
0.104454902 -3.13703882
0.104230356 -3.13194979
0.104006658 -3.12687166
0.103783805 -3.12180442
0.103561793 -3.116748
0.103340617 -3.11170238
0.103120274 -3.10666751
0.102900759 -3.10164334
0.102682068 -3.09662985
0.102464198 -3.09162699
0.102247143 -3.08663472
0.102030901 -3.08165301
0.101815467 -3.0766818
0.101600838 -3.07172107
0.101387009 -3.06677077
0.101173976 -3.06183086
0.100961736 -3.05690131
0.100750284 -3.05198208
0.100539618 -3.04707313
0.100329733 -3.04217442
0.100120625 -3.03728592
0.0999122904 -3.03240758
0.0997047259 -3.02753937
0.0994979276 -3.02268124
0.0992918918 -3.01783318
0.0990866148 -3.01299513
0.098882093 -3.00816706
0.0986783227 -3.00334893
0.0984753004 -2.99854071
0.0982730224 -2.99374236
0.0980714853 -2.98895385
0.0978706855 -2.98417513
0.0976706194 -2.97940618
0.0974712837 -2.97464695
0.0972726748 -2.96989742
0.0970747892 -2.96515754
0.0968776236 -2.96042728
0.0966811745 -2.95570661
0.0964854386 -2.95099549
0.0962904124 -2.94629389
0.0960960927 -2.94160178
0.0959024761 -2.93691911
0.0957095593 -2.93224585
0.095517339 -2.92758197
0.095325812 -2.92292745
0.0951349749 -2.91828223
0.0949448247 -2.91364629
0.0947553579 -2.9090196
0.0945665716 -2.90440213
0.0943784624 -2.89979383
0.0941910273 -2.89519468
0.0940042631 -2.89060464
0.0938181666 -2.88602369
0.0936327349 -2.88145178
0.0934479647 -2.8768889
0.0932638531 -2.87233499
0.093080397 -2.86779004
0.0928975934 -2.86325402
0.0927154392 -2.85872688
0.0925339315 -2.8542086
0.0923530673 -2.84969914
0.0921728437 -2.84519848
0.0919932576 -2.84070659
0.0918143062 -2.83622343
0.0916359866 -2.83174897
0.0914582959 -2.82728318
0.0912812311 -2.82282604
0.0911047896 -2.81837751
0.0909289683 -2.81393755
0.0907537645 -2.80950615
0.0905791755 -2.80508327
0.0904051983 -2.80066888
0.0902318302 -2.79626295
0.0900590685 -2.79186545
0.0898869104 -2.78747636
0.0897153532 -2.78309563
0.0895443942 -2.77872325
0.0893740306 -2.77435919
0.0892042599 -2.77000341
0.0890350793 -2.76565589
0.0888664862 -2.7613166
0.0886984779 -2.7569855
0.0885310519 -2.75266258
0.0883642055 -2.7483478
0.0881979361 -2.74404114
0.0880322412 -2.73974256
0.0878671182 -2.73545205
0.0877025645 -2.73116956
0.0875385777 -2.72689508
0.0873751551 -2.72262857
0.0872122944 -2.71837001
0.0870499929 -2.71411938
0.0868882483 -2.70987664
0.086727058 -2.70564176
0.0865664196 -2.70141473
0.0864063308 -2.69719551
0.086246789 -2.69298408
0.0860877918 -2.6887804
0.0859293369 -2.68458447
0.0857714219 -2.68039623
0.0856140444 -2.67621568
0.085457202 -2.67204279
0.0853008925 -2.66787753
0.0851451134 -2.66371986
0.0849898625 -2.65956978
0.0848351375 -2.65542725
0.084680936 -2.65129224
0.0845272558 -2.64716474
0.0843740947 -2.64304471
0.0842214503 -2.63893214
0.0840693205 -2.63482698
0.083917703 -2.63072923
0.0837665956 -2.62663886
0.0836159961 -2.62255583
0.0834659023 -2.61848013
0.083316312 -2.61441173
0.0831672231 -2.61035061
0.0830186333 -2.60629675
0.0828705406 -2.60225011
0.0827229429 -2.59821068
0.0825758379 -2.59417842
0.0824292236 -2.59015332
0.082283098 -2.58613536
0.0821374588 -2.5821245
0.081992304 -2.57812073
0.0818476317 -2.57412403
0.0817034396 -2.57013436
0.0815597258 -2.5661517
0.0814164883 -2.56217604
0.081273725 -2.55820734
0.0811314339 -2.55424559
0.080989613 -2.55029077
0.0808482604 -2.54634284
0.080707374 -2.54240179
0.0805669519 -2.5384676
0.0804269921 -2.53454024
0.0802874927 -2.53061968
0.0801484518 -2.52670592
0.0800098674 -2.52279891
0.0798717376 -2.51889866
0.0797340606 -2.51500512
0.0795968343 -2.51111828
0.079460057 -2.50723812
0.0793237267 -2.50336461
0.0791878416 -2.49949773
0.0790523999 -2.49563747
0.0789173997 -2.4917838
0.0787828391 -2.48793669
0.0786487164 -2.48409613
0.0785150297 -2.4802621
0.0783817773 -2.47643458
0.0782489572 -2.47261353
0.0781165678 -2.46879895
0.0779846072 -2.46499081
0.0778530738 -2.4611891
0.0777219656 -2.45739378
0.0775912811 -2.45360484
0.0774610184 -2.44982226
0.0773311758 -2.44604602
0.0772017516 -2.4422761
0.0770727441 -2.43851247
0.0769441516 -2.43475512
0.0768159723 -2.43100403
0.0766882047 -2.42725918
0.0765608469 -2.42352054
0.0764338974 -2.41978811
0.0763073545 -2.41606185
0.0761812165 -2.41234174
0.0760554818 -2.40862778
0.0759301488 -2.40491993
0.0758052158 -2.40121818
0.0756806812 -2.39752251
END
