SIMP
NP=4096
SW=20000
TYPE=SPE
DATA
0.0821326749 -2.57860973
0.0819873151 -2.57460622
0.0818424396 -2.57060977
0.0816980464 -2.56662037
0.0815541335 -2.562638
0.0814106988 -2.55866263
0.0812677402 -2.55469423
0.0811252558 -2.55073279
0.0809832435 -2.54677829
0.0808417013 -2.54283069
0.0807006273 -2.53888998
0.0805600193 -2.53495613
0.0804198756 -2.53102912
0.0802801941 -2.52710893
0.0801409729 -2.52319554
0.08000221 -2.51928892
0.0798639035 -2.51538905
0.0797260514 -2.51149591
0.079588652 -2.50760948
0.0794517032 -2.50372973
0.0793152033 -2.49985665
0.0791791502 -2.49599021
0.0790435422 -2.49213038
0.0789083774 -2.48827716
0.0787736539 -2.48443051
0.0786393699 -2.48059042
0.0785055236 -2.47675686
0.0783721132 -2.47292981
0.0782391368 -2.46910925
0.0781065926 -2.46529517
0.0779744789 -2.46148753
0.0778427939 -2.45768632
0.0777115358 -2.45389152
0.0775807029 -2.4501031
0.0774502933 -2.44632106
0.0773203054 -2.44254535
0.0771907374 -2.43877598
0.0770615876 -2.4350129
0.0769328542 -2.43125611
0.0768045357 -2.42750559
0.0766766302 -2.42376131
0.0765491361 -2.42002325
0.0764220517 -2.41629139
0.0762953753 -2.41256573
0.0761691052 -2.40884622
0.0760432399 -2.40513286
0.0759177777 -2.40142562
0.0757927169 -2.39772449
0.0756680559 -2.39402944
0.075543793 -2.39034046
0.0754199268 -2.38665753
0.0752964555 -2.38298063
0.0751733775 -2.37930973
0.0750506914 -2.37564482
0.0749283954 -2.37198589
0.0748064881 -2.3683329
0.0746849678 -2.36468585
0.0745638331 -2.36104471
0.0744430823 -2.35740946
0.074322714 -2.35378009
0.0742027265 -2.35015658
0.0740831184 -2.34653891
0.0739638882 -2.34292706
0.0738450344 -2.33932101
0.0737265554 -2.33572074
0.0736084497 -2.33212624
0.0734907159 -2.32853749
0.0733733525 -2.32495447
0.0732563581 -2.32137716
0.0731397311 -2.31780554
0.0730234701 -2.3142396
0.0729075737 -2.31067932
0.0727920404 -2.30712468
0.0726768687 -2.30357566
0.0725620574 -2.30003224
0.0724476049 -2.29649441
0.0723335098 -2.29296216
0.0722197708 -2.28943545
0.0721063864 -2.28591428
0.0719933552 -2.28239863
0.0718806759 -2.27888848
0.0717683471 -2.27538382
0.0716563674 -2.27188462
0.0715447354 -2.26839087
0.0714334498 -2.26490256
0.0713225093 -2.26141966
0.0712119125 -2.25794216
0.0711016581 -2.25447004
0.0709917446 -2.25100329
0.070882171 -2.24754189
0.0707729357 -2.24408582
0.0706640375 -2.24063507
0.0705554751 -2.23718961
0.0704472471 -2.23374945
0.0703393524 -2.23031455
0.0702317896 -2.2268849
0.0701245575 -2.22346049
0.0700176547 -2.22004129
0.0699110801 -2.2166273
0.0698048322 -2.2132185
0.06969891 -2.20981487
0.0695933121 -2.20641639
0.0694880374 -2.20302305
0.0693830845 -2.19963484
0.0692784523 -2.19625174
0.0691741395 -2.19287372
0.0690701449 -2.18950079
0.0689664673 -2.18613292
0.0688631055 -2.18277009
0.0687600583 -2.1794123
0.0686573245 -2.17605952
0.068554903 -2.17271174
0.0684527925 -2.16936895
0.0683509918 -2.16603113
0.0682494999 -2.16269826
0.0681483155 -2.15937033
0.0680474374 -2.15604733
0.0679468646 -2.15272924
0.0678465959 -2.14941604
0.0677466301 -2.14610773
0.0676469661 -2.14280428
0.0675476027 -2.13950568
0.0674485389 -2.13621192
0.0673497736 -2.13292298
0.0672513055 -2.12963885
0.0671531337 -2.12635951
0.067055257 -2.12308495
0.0669576742 -2.11981516
0.0668603844 -2.11655011
0.0667633864 -2.11328981
0.0666666791 -2.11003422
0.0665702615 -2.10678334
0.0664741325 -2.10353715
0.066378291 -2.10029565
0.066282736 -2.09705881
0.0661874664 -2.09382662
0.0660924811 -2.09059907
0.0659977792 -2.08737614
0.0659033595 -2.08415782
0.0658092211 -2.0809441
0.0657153628 -2.07773496
0.0656217837 -2.0745304
0.0655284828 -2.07133038
0.065435459 -2.06813491
0.0653427113 -2.06494397
0.0652502387 -2.06175754
0.0651580403 -2.05857561
0.0650661149 -2.05539818
0.0649744617 -2.05222521
0.0648830796 -2.04905671
0.0647919676 -2.04589266
0.0647011248 -2.04273305
0.0646105502 -2.03957785
0.0645202429 -2.03642707
0.0644302017 -2.03328068
0.0643404259 -2.03013867
0.0642509144 -2.02700104
0.0641616663 -2.02386776
0.0640726806 -2.02073883
0.0639839564 -2.01761423
0.0638954928 -2.01449396
0.0638072888 -2.01137798
0.0637193434 -2.0082663
0.0636316559 -2.00515891
0.0635442251 -2.00205578
0.0634570503 -1.99895691
0.0633701305 -1.99586228
0.0632834648 -1.99277189
0.0631970523 -1.98968571
0.0631108921 -1.98660374
0.0630249833 -1.98352597
0.062939325 -1.98045238
0.0628539163 -1.97738295
0.0627687564 -1.97431769
0.0626838443 -1.97125657
0.0625991792 -1.96819959
0.0625147602 -1.96514673
0.0624305864 -1.96209798
0.062346657 -1.95905333
0.0622629711 -1.95601276
0.0621795279 -1.95297627
0.0620963264 -1.94994384
0.062013366 -1.94691546
0.0619306456 -1.94389112
0.0618481645 -1.94087081
0.0617659219 -1.93785452
0.0616839168 -1.93484223
0.0616021486 -1.93183393
0.0615206162 -1.92882961
0.061439319 -1.92582926
0.0613582562 -1.92283287
0.0612774268 -1.91984043
0.0611968301 -1.91685192
0.0611164652 -1.91386734
0.0610363315 -1.91088667
0.060956428 -1.9079099
0.060876754 -1.90493703
0.0607973086 -1.90196803
0.0607180912 -1.8990029
0.0606391009 -1.89604163
0.0605603369 -1.8930842
0.0604817985 -1.89013061
0.0604034848 -1.88718084
0.0603253952 -1.88423489
0.0602475287 -1.88129273
0.0601698848 -1.87835437
0.0600924626 -1.87541979
0.0600152613 -1.87248898
0.0599382802 -1.86956193
0.0598615186 -1.86663863
0.0597849757 -1.86371906
0.0597086507 -1.86080323
0.059632543 -1.85789111
0.0595566517 -1.85498269
0.0594809762 -1.85207797
0.0594055157 -1.84917693
0.0593302695 -1.84627957
0.0592552369 -1.84338588
0.0591804171 -1.84049583
0.0591058094 -1.83760943
0.0590314131 -1.83472667
0.0589572276 -1.83184752
0.058883252 -1.82897199
0.0588094857 -1.82610006
0.058735928 -1.82323172
0.0586625782 -1.82036696
0.0585894355 -1.81750578
0.0585164994 -1.81464816
0.058443769 -1.81179409
0.0583712438 -1.80894356
0.058298923 -1.80609656
0.0582268059 -1.80325308
0.058154892 -1.80041312
0.0580831804 -1.79757665
0.0580116706 -1.79474368
0.0579403618 -1.79191419
0.0578692534 -1.78908818
0.0577983447 -1.78626562
0.0577276351 -1.78344652
0.0576571239 -1.78063087
0.0575868105 -1.77781864
0.0575166941 -1.77500984
0.0574467743 -1.77220446
0.0573770502 -1.76940248
0.0573075213 -1.76660389
0.0572381869 -1.7638087
0.0571690465 -1.76101687
0.0571000992 -1.75822842
0.0570313446 -1.75544332
0.056962782 -1.75266157
0.0568944107 -1.74988316
0.0568262302 -1.74710808
0.0567582398 -1.74433632
0.0566904389 -1.74156786
0.0566228269 -1.73880272
0.0565554032 -1.73604086
0.0564881671 -1.73328229
0.056421118 -1.73052699
0.0563542555 -1.72777496
0.0562875787 -1.72502618
0.0562210872 -1.72228065
0.0561547804 -1.71953836
0.0560886576 -1.7167993
0.0560227182 -1.71406345
0.0559569618 -1.71133082
0.0558913876 -1.70860139
0.0558259951 -1.70587516
0.0557607837 -1.70315211
0.0556957528 -1.70043223
0.0556309019 -1.69771552
0.0555662304 -1.69500197
0.0555017377 -1.69229157
0.0554374233 -1.68958431
0.0553732864 -1.68688019
0.0553093268 -1.68417918
0.0552455436 -1.68148129
0.0551819364 -1.67878651
0.0551185047 -1.67609482
0.0550552478 -1.67340623
0.0549921652 -1.67072071
0.0549292564 -1.66803827
0.0548665208 -1.66535889
0.0548039579 -1.66268257
0.0547415671 -1.66000929
0.0546793478 -1.65733905
0.0546172996 -1.65467184
0.054555422 -1.65200766
0.0544937142 -1.64934648
0.054432176 -1.64668832
0.0543708066 -1.64403315
0.0543096056 -1.64138097
0.0542485724 -1.63873176
0.0541877066 -1.63608554
0.0541270076 -1.63344227
0.0540664749 -1.63080196
0.0540061079 -1.6281646
0.0539459062 -1.62553018
0.0538858692 -1.6228987
0.0538259965 -1.62027013
0.0537662874 -1.61764448
0.0537067416 -1.61502174
0.0536473585 -1.61240191
0.0535881376 -1.60978496
0.0535290784 -1.60717089
0.0534701805 -1.60455971
0.0534114432 -1.60195139
0.0533528661 -1.59934593
0.0532944488 -1.59674333
0.0532361907 -1.59414357
0.0531780913 -1.59154665
0.0531201502 -1.58895255
0.0530623669 -1.58636128
0.0530047409 -1.58377283
0.0529472717 -1.58118718
0.0528899588 -1.57860433
0.0528328018 -1.57602427
0.0527758002 -1.573447
0.0527189535 -1.5708725
0.0526622612 -1.56830077
0.0526057229 -1.5657318
0.0525493381 -1.56316558
0.0524931064 -1.56060212
0.0524370272 -1.55804139
0.0523811002 -1.55548339
0.0523253248 -1.55292811
0.0522697007 -1.55037555
0.0522142272 -1.54782571
0.0521589041 -1.54527856
0.0521037308 -1.54273411
0.052048707 -1.54019234
0.051993832 -1.53765326
0.0519391056 -1.53511685
0.0518845273 -1.5325831
0.0518300965 -1.53005201
0.051775813 -1.52752357
0.0517216761 -1.52499778
0.0516676856 -1.52247463
0.0516138409 -1.5199541
0.0515601417 -1.51743619
0.0515065875 -1.51492091
0.0514531778 -1.51240823
0.0513999123 -1.50989815
0.0513467906 -1.50739066
0.0512938121 -1.50488577
0.0512409764 -1.50238345
0.0511882833 -1.49988371
0.0511357321 -1.49738653
0.0510833226 -1.49489192
0.0510310543 -1.49239985
0.0509789267 -1.48991034
0.0509269395 -1.48742336
0.0508750923 -1.48493891
0.0508233847 -1.48245699
0.0507718161 -1.47997759
0.0507203864 -1.4775007
0.0506690949 -1.47502631
0.0506179414 -1.47255443
0.0505669254 -1.47008503
0.0505160465 -1.46761812
0.0504653044 -1.46515369
0.0504146986 -1.46269173
0.0503642287 -1.46023223
0.0503138944 -1.4577752
0.0502636952 -1.45532061
0.0502136308 -1.45286847
0.0501637008 -1.45041877
0.0501139048 -1.4479715
0.0500642423 -1.44552666
0.0500147131 -1.44308423
0.0499653167 -1.44064422
0.0499160528 -1.43820661
0.049866921 -1.43577141
0.0498179209 -1.43333859
0.049769052 -1.43090817
0.0497203142 -1.42848012
0.0496717069 -1.42605445
0.0496232298 -1.42363114
0.0495748826 -1.4212102
0.0495266648 -1.41879161
0.0494785761 -1.41637537
0.0494306162 -1.41396148
0.0493827846 -1.41154992
0.049335081 -1.40914068
0.049287505 -1.40673378
0.0492400564 -1.40432919
0.0491927347 -1.40192691
0.0491455395 -1.39952694
0.0490984705 -1.39712926
0.0490515274 -1.39473388
0.0490047099 -1.39234079
0.0489580174 -1.38994997
0.0489114498 -1.38756143
0.0488650066 -1.38517516
0.0488186875 -1.38279115
0.0487724922 -1.3804094
0.0487264203 -1.3780299
0.0486804714 -1.37565264
0.0486346453 -1.37327762
0.0485889416 -1.37090483
0.0485433599 -1.36853427
0.0484978999 -1.36616593
0.0484525613 -1.3637998
0.0484073438 -1.36143588
0.0483622469 -1.35907417
0.0483172704 -1.35671465
0.048272414 -1.35435732
0.0482276773 -1.35200218
0.0481830599 -1.34964922
0.0481385616 -1.34729843
0.048094182 -1.34494981
0.0480499208 -1.34260335
0.0480057777 -1.34025904
0.0479617524 -1.33791689
0.0479178445 -1.33557688
0.0478740537 -1.33323901
0.0478303797 -1.33090327
0.0477868221 -1.32856966
0.0477433807 -1.32623817
0.0477000552 -1.3239088
0.0476568452 -1.32158154
0.0476137504 -1.31925638
0.0475707706 -1.31693333
0.0475279053 -1.31461236
0.0474851543 -1.31229349
0.0474425173 -1.3099767
0.0473999939 -1.30766198
0.047357584 -1.30534934
0.0473152871 -1.30303876
0.0472731029 -1.30073024
0.0472310312 -1.29842378
0.0471890717 -1.29611937
0.047147224 -1.293817
0.0471054879 -1.29151667
0.047063863 -1.28921837
0.0470223491 -1.2869221
0.0469809459 -1.28462785
0.0469396531 -1.28233562
0.0468984703 -1.28004541
0.0468573973 -1.27775719
0.0468164339 -1.27547098
0.0467755796 -1.27318677
0.0467348343 -1.27090454
0.0466941976 -1.2686243
0.0466536692 -1.26634604
0.0466132489 -1.26406975
0.0465729364 -1.26179543
0.0465327314 -1.25952308
0.0464926336 -1.25725268
0.0464526428 -1.25498424
0.0464127586 -1.25271775
0.0463729807 -1.2504532
0.046333309 -1.24819058
0.0462937431 -1.2459299
0.0462542828 -1.24367115
0.0462149277 -1.24141432
0.0461756776 -1.23915941
0.0461365323 -1.2369064
0.0460974914 -1.23465531
0.0460585547 -1.23240612
0.0460197219 -1.23015882
0.0459809928 -1.22791342
0.0459423671 -1.2256699
0.0459038444 -1.22342826
0.0458654247 -1.22118851
0.0458271075 -1.21895062
0.0457888926 -1.2167146
0.0457507798 -1.21448044
0.0457127688 -1.21224814
0.0456748594 -1.21001769
0.0456370512 -1.20778908
0.0455993441 -1.20556232
0.0455617377 -1.2033374
0.0455242318 -1.2011143
0.0454868262 -1.19889304
0.0454495206 -1.1966736
0.0454123148 -1.19445597
0.0453752084 -1.19224016
0.0453382013 -1.19002615
0.0453012932 -1.18781395
0.0452644839 -1.18560354
0.045227773 -1.18339493
0.0451911604 -1.18118811
0.0451546458 -1.17898307
0.0451182289 -1.17677981
0.0450819096 -1.17457832
0.0450456875 -1.17237861
0.0450095625 -1.17018065
0.0449735342 -1.16798446
0.0449376025 -1.16579002
0.0449017671 -1.16359734
0.0448660278 -1.1614064
0.0448303843 -1.1592172
0.0447948363 -1.15702973
0.0447593838 -1.154844
0.0447240263 -1.15266
0.0446887637 -1.15047771
0.0446535958 -1.14829715
0.0446185223 -1.1461183
0.044583543 -1.14394116
0.0445486576 -1.14176572
0.044513866 -1.13959198
0.0444791678 -1.13741994
0.0444445629 -1.13524958
0.0444100511 -1.13308092
0.044375632 -1.13091393
0.0443413056 -1.12874862
0.0443070715 -1.12658499
0.0442729295 -1.12442302
0.0442388794 -1.12226271
0.0442049211 -1.12010406
0.0441710542 -1.11794707
0.0441372785 -1.11579173
0.0441035939 -1.11363803
0.04407 -1.11148598
0.0440364968 -1.10933556
0.0440030839 -1.10718677
0.0439697612 -1.10503961
0.0439365284 -1.10289407
0.0439033853 -1.10075016
0.0438703318 -1.09860786
0.0438373675 -1.09646716
0.0438044923 -1.09432808
0.043771706 -1.09219059
0.0437390083 -1.09005471
0.0437063991 -1.08792041
0.0436738781 -1.08578771
0.0436414452 -1.08365659
0.0436091 -1.08152704
0.0435768425 -1.07939908
0.0435446724 -1.07727269
0.0435125895 -1.07514786
0.0434805935 -1.0730246
0.0434486844 -1.07090289
0.0434168618 -1.06878274
0.0433851257 -1.06666414
0.0433534757 -1.06454709
0.0433219117 -1.06243158
0.0432904335 -1.0603176
0.0432590408 -1.05820516
0.0432277335 -1.05609425
0.0431965115 -1.05398487
0.0431653744 -1.051877
0.043134322 -1.04977065
0.0431033543 -1.04766582
0.043072471 -1.04556249
0.0430416719 -1.04346067
0.0430109568 -1.04136035
0.0429803255 -1.03926153
0.0429497778 -1.03716419
0.0429193135 -1.03506835
0.0428889325 -1.03297399
0.0428586346 -1.03088111
0.0428284195 -1.02878971
0.0427982871 -1.02669978
0.0427682371 -1.02461131
0.0427382695 -1.02252431
0.0427083839 -1.02043877
0.0426785803 -1.01835469
0.0426488584 -1.01627206
0.0426192181 -1.01419087
0.0425896591 -1.01211114
0.0425601814 -1.01003284
0.0425307846 -1.00795597
0.0425014686 -1.00588054
0.0424722333 -1.00380654
0.0424430784 -1.00173396
0.0424140039 -0.999662801
0.0423850094 -0.997593059
0.0423560948 -0.99552473
0.04232726 -0.99345781
0.0422985047 -0.991392294
0.0422698289 -0.989328179
0.0422412322 -0.987265462
0.0422127146 -0.985204137
0.0421842758 -0.983144202
0.0421559157 -0.981085652
0.0421276342 -0.979028484
0.042099431 -0.976972694
0.0420713059 -0.974918278
0.0420432588 -0.972865232
0.0420152896 -0.970813552
0.041987398 -0.968763235
0.041959584 -0.966714277
0.0419318472 -0.964666674
0.0419041876 -0.962620423
0.0418766049 -0.960575519
0.0418490991 -0.958531958
0.04182167 -0.956489738
0.0417943173 -0.954448854
0.0417670409 -0.952409303
0.0417398407 -0.95037108
0.0417127164 -0.948334183
0.041685668 -0.946298607
0.0416586953 -0.944264349
0.041631798 -0.942231405
0.0416049761 -0.940199771
0.0415782294 -0.938169444
0.0415515577 -0.936140421
0.0415249608 -0.934112696
0.0414984386 -0.932086268
0.041471991 -0.930061131
0.0414456178 -0.928037283
0.0414193188 -0.92601472
0.0413930938 -0.923993438
0.0413669428 -0.921973434
0.0413408655 -0.919954703
0.0413148618 -0.917937244
0.0412889315 -0.915921051
0.0412630746 -0.913906121
0.0412372908 -0.911892451
0.0412115799 -0.909880037
0.0411859419 -0.907868876
0.0411603766 -0.905858964
0.0411348838 -0.903850298
0.0411094634 -0.901842873
0.0410841152 -0.899836687
0.0410588391 -0.897831735
0.041033635 -0.895828016
0.0410085026 -0.893825524
0.0409834418 -0.891824256
0.0409584525 -0.889824209
0.0409335346 -0.88782538
0.0409086879 -0.885827765
0.0408839122 -0.88383136
0.0408592074 -0.881836163
0.0408345734 -0.879842168
0.0408100099 -0.877849374
0.040785517 -0.875857777
0.0407610944 -0.873867373
0.0407367419 -0.871878159
0.0407124596 -0.869890131
0.0406882471 -0.867903286
0.0406641044 -0.865917621
0.0406400312 -0.863933132
0.0406160276 -0.861949816
0.0405920933 -0.859967669
0.0405682283 -0.857986688
0.0405444323 -0.85600687
0.0405207052 -0.854028211
0.0404970469 -0.852050708
0.0404734572 -0.850074358
0.0404499361 -0.848099156
0.0404264834 -0.846125101
0.0404030989 -0.844152189
0.0403797825 -0.842180415
0.0403565341 -0.840209778
0.0403333535 -0.838240273
0.0403102407 -0.836271897
0.0402871954 -0.834304648
0.0402642175 -0.832338521
0.040241307 -0.830373513
0.0402184637 -0.828409622
0.0401956874 -0.826446843
0.0401729781 -0.824485175
0.0401503355 -0.822524612
0.0401277596 -0.820565153
0.0401052502 -0.818606793
0.0400828072 -0.81664953
0.0400604306 -0.81469336
0.04003812 -0.812738281
0.0400158755 -0.810784288
0.0399936969 -0.808831379
0.0399715841 -0.806879551
0.0399495369 -0.8049288
0.0399275552 -0.802979123
0.0399056389 -0.801030517
0.0398837879 -0.799082978
0.039862002 -0.797136504
0.0398402812 -0.795191091
0.0398186253 -0.793246737
0.0397970342 -0.791303437
0.0397755077 -0.78936119
0.0397540457 -0.787419991
0.0397326482 -0.785479837
0.039711315 -0.783540726
0.0396900459 -0.781602654
0.0396688409 -0.779665619
0.0396476999 -0.777729616
0.0396266226 -0.775794644
0.0396056091 -0.773860698
0.0395846592 -0.771927776
0.0395637727 -0.769995874
0.0395429496 -0.76806499
0.0395221897 -0.766135121
0.0395014929 -0.764206262
0.0394808591 -0.762278412
0.0394602883 -0.760351567
0.0394397802 -0.758425725
0.0394193347 -0.756500881
0.0393989518 -0.754577033
0.0393786314 -0.752654179
0.0393583732 -0.750732314
0.0393381773 -0.748811436
0.0393180434 -0.746891542
0.0392979716 -0.744972629
0.0392779616 -0.743054693
0.0392580134 -0.741137733
0.0392381268 -0.739221744
0.0392183018 -0.737306724
0.0391985382 -0.73539267
0.039178836 -0.733479578
0.0391591949 -0.731567446
0.039139615 -0.729656272
0.039120096 -0.72774605
0.039100638 -0.72583678
0.0390812407 -0.723928458
0.0390619042 -0.72202108
0.0390426281 -0.720114645
0.0390234126 -0.718209149
0.0390042574 -0.716304588
0.0389851625 -0.714400961
0.0389661277 -0.712498264
0.038947153 -0.710596494
0.0389282383 -0.708695649
0.0389093833 -0.706795724
0.0388905881 -0.704896719
0.0388718526 -0.702998629
0.0388531766 -0.701101452
0.03883456 -0.699205184
0.0388160027 -0.697309823
0.0387975047 -0.695415367
0.0387790658 -0.693521811
0.038760686 -0.691629154
0.038742365 -0.689737392
0.0387241029 -0.687846522
0.0387058996 -0.685956542
0.0386877548 -0.684067449
0.0386696686 -0.682179239
0.0386516409 -0.680291911
0.0386336714 -0.678405461
0.0386157603 -0.676519886
0.0385979072 -0.674635184
0.0385801123 -0.672751351
0.0385623752 -0.670868385
0.0385446961 -0.668986283
0.0385270747 -0.667105042
0.0385095109 -0.66522466
0.0384920048 -0.663345133
0.0384745561 -0.661466459
0.0384571648 -0.659588635
0.0384398308 -0.657711658
0.038422554 -0.655835526
0.0384053343 -0.653960234
0.0383881717 -0.652085782
0.0383710659 -0.650212166
0.038354017 -0.648339383
0.0383370248 -0.64646743
0.0383200893 -0.644596306
0.0383032104 -0.642726006
0.0382863879 -0.640856528
0.0382696218 -0.63898787
0.038252912 -0.637120028
0.0382362584 -0.635253
0.0382196609 -0.633386784
0.0382031194 -0.631521376
0.0381866339 -0.629656773
0.0381702042 -0.627792974
0.0381538303 -0.625929975
0.038137512 -0.624067773
0.0381212494 -0.622206367
0.0381050422 -0.620345752
0.0380888905 -0.618485927
0.0380727941 -0.616626889
0.0380567529 -0.614768634
0.038040767 -0.612911161
0.0380248361 -0.611054467
0.0380089602 -0.609198549
0.0379931392 -0.607343403
0.037977373 -0.605489029
0.0379616616 -0.603635422
0.0379460048 -0.601782581
0.0379304026 -0.599930502
0.0379148549 -0.598079183
0.0378993617 -0.596228622
0.0378839227 -0.594378815
0.037868538 -0.59252976
0.0378532075 -0.590681454
0.0378379311 -0.588833895
0.0378227087 -0.586987081
0.0378075402 -0.585141007
0.0377924256 -0.583295673
0.0377773648 -0.581451074
0.0377623576 -0.579607209
0.0377474041 -0.577764075
0.0377325041 -0.575921669
0.0377176576 -0.57407999
0.0377028645 -0.572239033
0.0376881246 -0.570398796
0.037673438 -0.568559278
0.0376588046 -0.566720475
0.0376442242 -0.564882384
0.0376296968 -0.563045004
0.0376152224 -0.561208331
0.0376008008 -0.559372363
0.037586432 -0.557537097
0.0375721159 -0.555702532
0.0375578524 -0.553868663
0.0375436415 -0.55203549
0.037529483 -0.550203008
0.037515377 -0.548371216
0.0375013233 -0.546540111
0.0374873218 -0.54470969
0.0374733725 -0.542879951
0.0374594754 -0.541050892
0.0374456303 -0.539222509
0.0374318372 -0.537394801
0.037418096 -0.535567764
0.0374044066 -0.533741397
0.037390769 -0.531915696
0.037377183 -0.53009066
0.0373636487 -0.528266285
0.037350166 -0.526442569
0.0373367347 -0.52461951
0.0373233548 -0.522797105
0.0373100263 -0.520975351
0.0372967491 -0.519154247
0.0372835231 -0.517333789
0.0372703482 -0.515513975
0.0372572244 -0.513694803
0.0372441516 -0.51187627
0.0372311297 -0.510058374
0.0372181587 -0.508241112
0.0372052385 -0.506424481
0.0371923691 -0.50460848
0.0371795503 -0.502793105
0.0371667821 -0.500978354
0.0371540645 -0.499164226
0.0371413974 -0.497350716
0.0371287806 -0.495537824
0.0371162143 -0.493725546
0.0371036982 -0.491913879
0.0370912323 -0.490102823
0.0370788166 -0.488292373
0.037066451 -0.486482528
0.0370541354 -0.484673285
0.0370418698 -0.482864641
0.0370296541 -0.481056595
0.0370174883 -0.479249144
0.0370053722 -0.477442285
0.0369933059 -0.475636016
0.0369812892 -0.473830335
0.0369693221 -0.472025239
0.0369574046 -0.470220725
0.0369455365 -0.468416792
0.0369337179 -0.466613437
0.0369219486 -0.464810657
0.0369102286 -0.46300845
0.0368985579 -0.461206814
0.0368869364 -0.459405746
0.036875364 -0.457605244
0.0368638406 -0.455805306
0.0368523663 -0.454005928
0.0368409409 -0.452207109
0.0368295644 -0.450408847
0.0368182367 -0.448611138
0.0368069578 -0.446813981
0.0367957277 -0.445017373
0.0367845462 -0.443221312
0.0367734133 -0.441425796
0.036762329 -0.439630821
0.0367512931 -0.437836386
0.0367403057 -0.436042488
0.0367293667 -0.434249125
0.0367184761 -0.432456295
0.0367076337 -0.430663995
0.0366968395 -0.428872223
0.0366860935 -0.427080976
0.0366753956 -0.425290253
0.0366647458 -0.42350005
0.036654144 -0.421710366
0.0366435901 -0.419921198
0.0366330842 -0.418132544
0.0366226261 -0.416344401
0.0366122158 -0.414556768
0.0366018532 -0.412769641
0.0365915384 -0.410983018
0.0365812712 -0.409196898
0.0365710516 -0.407411278
0.0365608795 -0.405626155
0.0365507549 -0.403841527
0.0365406778 -0.402057392
0.036530648 -0.400273748
0.0365206656 -0.398490592
0.0365107305 -0.396707922
0.0365008426 -0.394925735
0.0364910019 -0.39314403
0.0364812084 -0.391362804
0.0364714619 -0.389582054
0.0364617625 -0.387801779
0.0364521101 -0.386021976
0.0364425047 -0.384242643
0.0364329462 -0.382463778
0.0364234345 -0.380685377
0.0364139696 -0.37890744
0.0364045515 -0.377129964
0.0363951801 -0.375352945
0.0363858554 -0.373576383
0.0363765773 -0.371800275
0.0363673457 -0.370024618
0.0363581607 -0.368249411
0.0363490222 -0.366474651
0.0363399302 -0.364700335
0.0363308845 -0.362926462
0.0363218852 -0.36115303
0.0363129322 -0.359380035
0.0363040254 -0.357607476
0.0362951649 -0.35583535
0.0362863506 -0.354063656
0.0362775823 -0.352292391
0.0362688602 -0.350521552
0.0362601841 -0.348751138
0.0362515541 -0.346981146
0.03624297 -0.345211574
0.0362344318 -0.343442419
0.0362259394 -0.341673681
0.036217493 -0.339905355
0.0362090923 -0.338137441
0.0362007374 -0.336369935
0.0361924281 -0.334602836
0.0361841646 -0.332836141
0.0361759467 -0.331069849
0.0361677743 -0.329303956
0.0361596476 -0.327538461
0.0361515663 -0.325773361
0.0361435305 -0.324008654
0.0361355402 -0.322244339
0.0361275952 -0.320480412
0.0361196956 -0.318716872
0.0361118413 -0.316953716
0.0361040323 -0.315190943
0.0360962685 -0.313428549
0.0360885499 -0.311666533
0.0360808765 -0.309904892
0.0360732482 -0.308143625
0.036065665 -0.306382729
0.0360581268 -0.304622202
0.0360506337 -0.302862042
0.0360431856 -0.301102246
0.0360357823 -0.299342812
0.036028424 -0.297583739
0.0360211106 -0.295825024
0.036013842 -0.294066664
0.0360066182 -0.292308658
0.0359994392 -0.290551003
0.0359923049 -0.288793698
0.0359852152 -0.287036739
0.0359781703 -0.285280126
0.03597117 -0.283523855
0.0359642142 -0.281767924
0.0359573031 -0.280012332
0.0359504364 -0.278257076
0.0359436142 -0.276502154
0.0359368365 -0.274747564
0.0359301033 -0.272993303
0.0359234144 -0.27123937
0.0359167699 -0.269485762
0.0359101697 -0.267732478
0.0359036138 -0.265979514
0.0358971021 -0.264226869
0.0358906347 -0.262474541
0.0358842115 -0.260722527
0.0358778325 -0.258970826
0.0358714976 -0.257219435
0.0358652068 -0.255468352
0.0358589601 -0.253717574
0.0358527575 -0.251967101
0.0358465988 -0.250216929
0.0358404842 -0.248467056
0.0358344135 -0.246717481
0.0358283867 -0.244968201
0.0358224039 -0.243219214
0.0358164649 -0.241470518
0.0358105697 -0.23972211
0.0358047184 -0.237973989
0.0357989109 -0.236226153
0.0357931471 -0.234478599
0.035787427 -0.232731325
0.0357817507 -0.230984329
0.035776118 -0.229237609
0.035770529 -0.227491163
0.0357649836 -0.225744988
0.0357594818 -0.223999083
0.0357540235 -0.222253446
0.0357486088 -0.220508073
0.0357432376 -0.218762964
0.03573791 -0.217018116
0.0357326257 -0.215273527
0.0357273849 -0.213529194
0.0357221876 -0.211785116
0.0357170336 -0.210041291
0.035711923 -0.208297716
0.0357068557 -0.20655439
0.0357018317 -0.204811309
0.035696851 -0.203068473
0.0356919136 -0.201325879
0.0356870195 -0.199583524
0.0356821685 -0.197841408
0.0356773608 -0.196099527
0.0356725962 -0.194357879
0.0356678748 -0.192616463
0.0356631965 -0.190875277
0.0356585613 -0.189134317
0.0356539692 -0.187393583
0.0356494202 -0.185653072
0.0356449142 -0.183912781
0.0356404512 -0.18217271
0.0356360312 -0.180432855
0.0356316542 -0.178693215
0.0356273201 -0.176953787
0.035623029 -0.17521457
0.0356187808 -0.173475561
0.0356145755 -0.171736758
0.035610413 -0.16999816
0.0356062935 -0.168259763
0.0356022167 -0.166521567
0.0355981828 -0.164783568
0.0355941916 -0.163045765
0.0355902433 -0.161308156
0.0355863376 -0.159570739
0.0355824748 -0.157833511
0.0355786546 -0.15609647
0.0355748772 -0.154359615
0.0355711424 -0.152622944
0.0355674503 -0.150886453
0.0355638008 -0.149150141
0.035560194 -0.147414007
0.0355566298 -0.145678047
0.0355531082 -0.143942261
0.0355496291 -0.142206645
0.0355461927 -0.140471198
0.0355427987 -0.138735917
0.0355394473 -0.137000801
0.0355361385 -0.135265848
0.0355328721 -0.133531055
0.0355296482 -0.13179642
0.0355264668 -0.130061942
0.0355233278 -0.128327618
0.0355202312 -0.126593446
0.0355171771 -0.124859424
0.0355141654 -0.12312555
0.0355111961 -0.121391822
0.0355082691 -0.119658238
0.0355053846 -0.117924795
0.0355025424 -0.116191493
0.0354997425 -0.114458328
0.0354969849 -0.112725298
0.0354942697 -0.110992402
0.0354915967 -0.109259638
0.0354889661 -0.107527003
0.0354863777 -0.105794495
0.0354838316 -0.104062113
0.0354813277 -0.102329853
0.0354788661 -0.100597715
0.0354764467 -0.0988656963
0.0354740695 -0.0971337943
0.0354717345 -0.0954020073
0.0354694417 -0.0936703332
0.0354671911 -0.0919387699
0.0354649826 -0.0902073155
0.0354628163 -0.0884759677
0.0354606922 -0.0867447247
0.0354586102 -0.0850135843
0.0354565703 -0.0832825444
0.0354545726 -0.081551603
0.0354526169 -0.0798207581
0.0354507034 -0.0780900076
0.035448832 -0.0763593495
0.0354470026 -0.0746287816
0.0354452153 -0.072898302
0.0354434701 -0.0711679085
0.0354417669 -0.0694375992
0.0354401058 -0.067707372
0.0354384868 -0.0659772248
0.0354369097 -0.0642471556
0.0354353747 -0.0625171623
0.0354338817 -0.0607872429
0.0354324308 -0.0590573953
0.0354310218 -0.0573276175
0.0354296548 -0.0555979074
0.0354283298 -0.053868263
0.0354270468 -0.0521386822
0.0354258058 -0.050409163
0.0354246068 -0.0486797033
0.0354234497 -0.0469503011
0.0354223346 -0.0452209544
0.0354212615 -0.043491661
0.0354202303 -0.041762419
0.035419241 -0.0400332263
0.0354182937 -0.0383040808
0.0354173884 -0.0365749805
0.0354165249 -0.0348459234
0.0354157034 -0.0331169074
0.0354149239 -0.0313879304
0.0354141862 -0.0296589905
0.0354134905 -0.0279300855
0.0354128366 -0.0262012135
0.0354122247 -0.0244723724
0.0354116548 -0.02274356
0.0354111267 -0.0210147745
0.0354106405 -0.0192860137
0.0354101962 -0.0175572757
0.0354097938 -0.0158285582
0.0354094333 -0.0140998594
0.0354091148 -0.0123711772
0.0354088381 -0.0106425095
0.0354086033 -0.00891385424
0.0354084104 -0.00718520944
0.0354082594 -0.00545657302
0.0354081502 -0.00372794296
0.035408083 -0.0019993172
0.0354080577 -0.000270693691
0.0354080742 0.0014579296
0.0354081327 0.00318655472
0.035408233 0.00491518371
0.0354083752 0.00664381862
0.0354085594 0.0083724615
0.0354087854 0.0101011144
0.0354090533 0.0118297793
0.0354093631 0.0135584583
0.0354097148 0.0152871535
0.0354101084 0.0170158668
0.0354105439 0.0187446004
0.0354110213 0.0204733563
0.0354115406 0.0222021364
0.0354121018 0.023930943
0.0354127049 0.0256597779
0.0354133499 0.0273886433
0.0354140369 0.0291175412
0.0354147657 0.0308464736
0.0354155365 0.0325754426
0.0354163492 0.0343044502
0.0354172039 0.0360334986
0.0354181005 0.0377625896
0.035419039 0.0394917254
0.0354200194 0.0412209081
0.0354210418 0.0429501396
0.0354221062 0.044679422
0.0354232125 0.0464087574
0.0354243608 0.0481381478
0.0354255511 0.0498675952
0.0354267833 0.0515971018
0.0354280575 0.0533266695
0.0354293737 0.0550563004
0.0354307319 0.0567859965
0.035432132 0.05851576
0.0354335742 0.0602455928
0.0354350584 0.061975497
0.0354365846 0.0637054746
0.0354381529 0.0654355277
0.0354397631 0.0671656584
0.0354414155 0.0688958687
0.0354431098 0.0706261606
0.0354448463 0.0723565363
0.0354466247 0.0740869977
0.0354484453 0.0758175469
0.035450308 0.077548186
0.0354522127 0.0792789169
0.0354541595 0.0810097419
0.0354561485 0.0827406629
0.0354581796 0.0844716819
0.0354602528 0.0862028011
0.0354623681 0.0879340225
0.0354645256 0.0896653481
0.0354667252 0.0913967801
0.0354689671 0.0931283204
0.035471251 0.0948599711
0.0354735772 0.0965917343
0.0354759456 0.098323612
0.0354783562 0.100055606
0.0354808091 0.101787719
0.0354833041 0.103519953
0.0354858415 0.10525231
0.035488421 0.106984791
0.0354910429 0.108717399
0.035493707 0.110450136
0.0354964135 0.112183005
0.0354991622 0.113916006
0.0355019533 0.115649142
0.0355047867 0.117382416
0.0355076625 0.119115829
0.0355105806 0.120849383
0.0355135411 0.122583081
0.035516544 0.124316924
0.0355195893 0.126050915
0.035522677 0.127785056
0.0355258072 0.129519348
0.0355289798 0.131253794
0.0355321949 0.132988396
0.0355354525 0.134723155
0.0355387525 0.136458075
0.0355420951 0.138193157
0.0355454802 0.139928403
0.0355489079 0.141663815
0.0355523781 0.143399395
0.0355558909 0.145135146
0.0355594463 0.146871069
0.0355630443 0.148607167
0.0355666849 0.150343441
0.0355703682 0.152079894
0.0355740941 0.153816528
0.0355778627 0.155553345
0.0355816741 0.157290346
0.0355855281 0.159027535
0.0355894249 0.160764913
0.0355933644 0.162502482
0.0355973468 0.164240244
0.0356013719 0.165978201
0.0356054398 0.167716356
0.0356095505 0.169454711
0.0356137041 0.171193267
0.0356179006 0.172932027
0.03562214 0.174670993
0.0356264223 0.176410166
0.0356307475 0.17814955
0.0356351157 0.179889146
0.0356395268 0.181628956
0.0356439809 0.183368982
0.0356484781 0.185109226
0.0356530183 0.186849692
0.0356576015 0.188590379
0.0356622279 0.190331292
0.0356668973 0.192072431
0.0356716099 0.193813799
0.0356763656 0.195555398
0.0356811645 0.19729723
0.0356860066 0.199039297
0.0356908919 0.200781602
0.0356958205 0.202524146
0.0357007923 0.204266932
0.0357058074 0.206009961
0.0357108658 0.207753237
0.0357159676 0.20949676
0.0357211127 0.211240533
0.0357263012 0.212984558
0.0357315331 0.214728837
0.0357368085 0.216473373
0.0357421273 0.218218167
0.0357474896 0.219963222
0.0357528955 0.221708539
0.0357583448 0.223454122
0.0357638378 0.225199971
0.0357693743 0.226946089
0.0357749545 0.228692479
0.0357805783 0.230439142
0.0357862457 0.23218608
0.0357919569 0.233933296
0.0357977118 0.235680792
0.0358035105 0.23742857
0.0358093529 0.239176632
0.0358152392 0.240924979
0.0358211693 0.242673616
0.0358271433 0.244422542
0.0358331611 0.246171761
0.0358392229 0.247921275
0.0358453287 0.249671086
0.0358514784 0.251421196
0.0358576722 0.253171607
0.03586391 0.254922321
0.0358701919 0.25667334
0.0358765179 0.258424668
0.035882888 0.260176305
0.0358893023 0.261928253
0.0358957608 0.263680516
0.0359022636 0.265433096
0.0359088106 0.267185993
0.0359154019 0.268939211
0.0359220375 0.270692752
0.0359287174 0.272446618
0.0359354418 0.27420081
0.0359422106 0.275955332
0.0359490239 0.277710185
0.0359558816 0.279465372
0.0359627839 0.281220895
0.0359697307 0.282976755
0.0359767221 0.284732956
0.0359837581 0.286489498
0.0359908388 0.288246385
0.0359979642 0.290003619
0.0360051343 0.291761202
0.0360123492 0.293519135
0.0360196088 0.295277422
0.0360269134 0.297036063
0.0360342627 0.298795063
0.036041657 0.300554422
0.0360490962 0.302314143
0.0360565804 0.304074228
0.0360641096 0.305834679
0.0360716839 0.307595499
0.0360793032 0.30935669
0.0360869677 0.311118253
0.0360946774 0.312880192
0.0361024322 0.314642508
0.0361102323 0.316405203
0.0361180776 0.31816828
0.0361259683 0.319931741
0.0361339043 0.321695588
0.0361418857 0.323459823
0.0361499125 0.325224449
0.0361579848 0.326989468
0.0361661027 0.328754882
0.036174266 0.330520693
0.036182475 0.332286903
0.0361907296 0.334053515
0.0361990298 0.335820531
0.0362073758 0.337587953
0.0362157675 0.339355784
0.036224205 0.341124025
0.0362326883 0.342892679
0.0362412176 0.344661748
0.0362497927 0.346431234
0.0362584138 0.34820114
0.0362670809 0.349971467
0.036275794 0.351742219
0.0362845533 0.353513397
0.0362933586 0.355285003
0.0363022102 0.35705704
0.0363111079 0.35882951
0.036320052 0.360602416
0.0363290423 0.362375759
0.036338079 0.364149542
0.036347162 0.365923767
0.0363562915 0.367698436
0.0363654675 0.369473552
0.0363746901 0.371249116
0.0363839592 0.373025132
0.0363932749 0.374801601
0.0364026373 0.376578526
0.0364120464 0.378355909
0.0364215023 0.380133753
0.0364310049 0.381912058
0.0364405545 0.383690829
0.0364501509 0.385470066
0.0364597943 0.387249774
0.0364694847 0.389029952
0.0364792221 0.390810605
0.0364890066 0.392591734
0.0364988383 0.394373342
0.0365087171 0.39615543
0.0365186432 0.397938002
0.0365286166 0.399721059
0.0365386373 0.401504604
0.0365487054 0.403288639
0.036558821 0.405073166
0.036568984 0.406858188
0.0365791946 0.408643708
0.0365894528 0.410429726
0.0365997586 0.412216247
0.0366101121 0.414003271
0.0366205133 0.415790802
0.0366309624 0.417578841
0.0366414593 0.419367391
0.0366520041 0.421156455
0.0366625969 0.422946035
0.0366732376 0.424736132
0.0366839264 0.42652675
0.0366946634 0.428317891
0.0367054485 0.430109556
0.0367162818 0.431901749
0.0367271634 0.433694472
0.0367380934 0.435487727
0.0367490717 0.437281517
0.0367600985 0.439075843
0.0367711737 0.440870709
0.0367822976 0.442666116
0.03679347 0.444462067
0.0368046911 0.446258564
0.0368159609 0.44805561
0.0368272795 0.449853208
0.0368386469 0.451651358
0.0368500632 0.453450065
0.0368615285 0.45524933
0.0368730427 0.457049155
0.0368846061 0.458849544
0.0368962185 0.460650497
0.0369078802 0.462452019
0.036919591 0.464254111
0.0369313512 0.466056776
0.0369431608 0.467860015
0.0369550197 0.469663832
0.0369669281 0.471468229
0.0369788861 0.473273208
0.0369908937 0.475078772
0.0370029509 0.476884923
0.0370150579 0.478691663
0.0370272146 0.480498995
0.0370394212 0.482306922
0.0370516777 0.484115446
0.0370639842 0.485924568
0.0370763407 0.487734293
0.0370887473 0.489544622
0.037101204 0.491355557
0.037113711 0.493167101
0.0371262683 0.494979257
0.0371388759 0.496792026
0.0371515339 0.498605412
0.0371642424 0.500419417
0.0371770014 0.502234044
0.0371898111 0.504049294
0.0372026714 0.50586517
0.0372155824 0.507681675
0.0372285443 0.509498811
0.037241557 0.511316581
0.0372546207 0.513134987
0.0372677354 0.514954032
0.0372809011 0.516773718
0.037294118 0.518594048
0.0373073861 0.520415023
0.0373207055 0.522236648
0.0373340762 0.524058923
0.0373474983 0.525881852
0.0373609719 0.527705438
0.0373744971 0.529529682
0.0373880739 0.531354587
0.0374017024 0.533180156
0.0374153826 0.535006391
0.0374291146 0.536833295
0.0374428986 0.53866087
0.0374567345 0.540489119
0.0374706225 0.542318044
0.0374845626 0.544147649
0.0374985549 0.545977934
0.0375125995 0.547808904
0.0375266963 0.54964056
0.0375408456 0.551472906
0.0375550474 0.553305943
0.0375693017 0.555139674
0.0375836086 0.556974102
0.0375979683 0.558809229
0.0376123807 0.560645059
0.037626846 0.562481593
0.0376413642 0.564318834
0.0376559354 0.566156784
0.0376705596 0.567995447
0.0376852371 0.569834825
0.0376999677 0.57167492
0.0377147517 0.573515735
0.037729589 0.575357273
0.0377444798 0.577199536
0.0377594242 0.579042527
0.0377744221 0.580886249
0.0377894738 0.582730703
0.0378045792 0.584575894
0.0378197385 0.586421822
0.0378349517 0.588268492
0.0378502189 0.590115905
0.0378655402 0.591964065
0.0378809157 0.593812973
0.0378963455 0.595662633
0.0379118295 0.597513047
0.037927368 0.599364218
0.037942961 0.601216148
0.0379586086 0.60306884
0.0379743108 0.604922298
0.0379900678 0.606776523
0.0380058796 0.608631518
0.0380217463 0.610487285
0.038037668 0.612343829
0.0380536447 0.61420115
0.0380696767 0.616059252
0.0380857639 0.617918138
0.0381019064 0.619777811
0.0381181043 0.621638272
0.0381343578 0.623499525
0.0381506668 0.625361572
0.0381670315 0.627224416
0.038183452 0.629088061
0.0381999283 0.630952507
0.0382164606 0.632817759
0.0382330488 0.634683819
0.0382496932 0.63655069
0.0382663938 0.638418374
0.0382831507 0.640286875
0.038299964 0.642156194
0.0383168337 0.644026336
0.0383337601 0.645897301
0.038350743 0.647769094
0.0383677827 0.649641717
0.0383848792 0.651515173
0.0384020327 0.653389464
0.0384192431 0.655264594
0.0384365107 0.657140564
0.0384538355 0.659017379
0.0384712176 0.66089504
0.038488657 0.662773551
0.038506154 0.664652914
0.0385237085 0.666533132
0.0385413207 0.668414208
0.0385589906 0.670296145
0.0385767184 0.672178946
0.0385945042 0.674062612
0.038612348 0.675947148
0.0386302499 0.677832556
0.0386482101 0.679718839
0.0386662287 0.681606
0.0386843056 0.683494041
0.0387024411 0.685382966
0.0387206353 0.687272777
0.0387388882 0.689163477
0.0387571999 0.691055069
0.0387755705 0.692947556
0.0387940002 0.694840941
0.038812489 0.696735226
0.038831037 0.698630415
0.0388496444 0.70052651
0.0388683112 0.702423515
0.0388870375 0.704321432
0.0389058235 0.706220264
0.0389246692 0.708120014
0.0389435748 0.710020685
0.0389625403 0.711922279
0.0389815658 0.713824801
0.0390006515 0.715728252
0.0390197975 0.717632637
0.0390390038 0.719537956
0.0390582706 0.721444214
0.0390775979 0.723351414
0.039096986 0.725259558
0.0391164348 0.72716865
0.0391359445 0.729078692
0.0391555153 0.730989688
0.0391751471 0.73290164
0.0391948402 0.734814551
0.0392145945 0.736728424
0.0392344104 0.738643263
0.0392542877 0.74055907
0.0392742267 0.742475849
0.0392942275 0.744393601
0.0393142902 0.746312332
0.0393344148 0.748232042
0.0393546015 0.750152736
0.0393748505 0.752074416
0.0393951617 0.753997086
0.0394155354 0.755920749
0.0394359717 0.757845406
0.0394564706 0.759771063
0.0394770323 0.761697721
0.0394976568 0.763625384
0.0395183444 0.765554055
0.0395390951 0.767483736
0.0395599091 0.769414432
0.0395807864 0.771346145
0.0396017271 0.773278878
0.0396227315 0.775212634
0.0396437995 0.777147416
0.0396649314 0.779083228
0.0396861272 0.781020072
0.0397073871 0.782957952
0.0397287112 0.784896871
0.0397500995 0.786836832
0.0397715523 0.788777838
0.0397930696 0.790719893
0.0398146516 0.792662998
0.0398362984 0.794607159
0.03985801 0.796552377
0.0398797867 0.798498655
0.0399016286 0.800445998
0.0399235357 0.802394408
0.0399455082 0.804343889
0.0399675463 0.806294443
0.03998965 0.808246074
0.0400118195 0.810198785
0.0400340548 0.81215258
0.0400563562 0.81410746
0.0400787238 0.816063431
0.0401011576 0.818020494
0.0401236579 0.819978654
0.0401462246 0.821937913
0.0401688581 0.823898274
0.0401915583 0.825859742
0.0402143255 0.827822318
0.0402371597 0.829786007
0.0402600611 0.831750812
0.0402830299 0.833716736
0.0403060661 0.835683782
0.0403291698 0.837651953
0.0403523413 0.839621253
0.0403755806 0.841591686
0.0403988879 0.843563254
0.0404222633 0.845535961
0.040445707 0.84750981
0.040469219 0.849484804
0.0404927996 0.851460947
0.0405164488 0.853438243
0.0405401669 0.855416693
0.0405639538 0.857396303
0.0405878099 0.859377075
0.0406117351 0.861359012
0.0406357297 0.863342119
0.0406597937 0.865326398
0.0406839274 0.867311852
0.0407081309 0.869298486
0.0407324042 0.871286302
0.0407567476 0.873275304
0.0407811612 0.875265496
0.0408056452 0.87725688
0.0408301996 0.879249461
0.0408548246 0.881243241
0.0408795204 0.883238224
0.0409042871 0.885234414
0.0409291249 0.887231815
0.0409540338 0.889230428
0.0409790141 0.891230259
0.0410040659 0.89323131
0.0410291893 0.895233585
0.0410543846 0.897237087
0.0410796517 0.899241821
0.041104991 0.901247789
0.0411304024 0.903254995
0.0411558863 0.905263443
0.0411814427 0.907273135
0.0412070718 0.909284076
0.0412327737 0.91129627
0.0412585486 0.913309719
0.0412843966 0.915324427
0.041310318 0.917340398
0.0413363128 0.919357636
0.0413623812 0.921376144
0.0413885234 0.923395925
0.0414147394 0.925416983
0.0414410296 0.927439323
0.041467394 0.929462946
0.0414938328 0.931487858
0.0415203461 0.933514062
0.0415469341 0.935541561
0.041573597 0.937570358
0.0416003349 0.939600459
0.041627148 0.941631866
0.0416540365 0.943664582
0.0416810004 0.945698613
0.04170804 0.94773396
0.0417351555 0.949770629
0.041762347 0.951808623
0.0417896146 0.953847944
0.0418169585 0.955888598
0.0418443789 0.957930588
0.041871876 0.959973918
0.0418994499 0.962018591
0.0419271008 0.964064611
0.0419548289 0.966111982
0.0419826343 0.968160707
0.0420105172 0.970210791
0.0420384777 0.972262238
0.0420665161 0.97431505
0.0420946325 0.976369232
0.042122827 0.978424787
0.0421511 0.98048172
0.0421794514 0.982540035
0.0422078815 0.984599734
0.0422363905 0.986660822
0.0422649786 0.988723303
0.0422936459 0.990787181
0.0423223926 0.992852459
0.0423512188 0.994919142
0.0423801248 0.996987233
0.0424091107 0.999056736
0.0424381768 1.00112765
0.0424673231 1.00319999
0.0424965499 1.00527376
0.0425258574 1.00734895
0.0425552456 1.00942557
0.0425847149 1.01150363
0.0426142654 1.01358313
0.0426438973 1.01566407
0.0426736107 1.01774646
0.0427034059 1.0198303
0.042733283 1.02191559
0.0427632423 1.02400235
0.0427932838 1.02609057
0.0428234079 1.02818026
0.0428536146 1.03027141
0.0428839042 1.03236405
0.0429142768 1.03445816
0.0429447327 1.03655376
0.0429752721 1.03865085
0.0430058951 1.04074942
0.0430366019 1.0428495
0.0430673927 1.04495107
0.0430982678 1.04705415
0.0431292273 1.04915873
0.0431602713 1.05126483
0.0431914002 1.05337245
0.0432226141 1.05548158
0.0432539132 1.05759224
0.0432852976 1.05970443
0.0433167677 1.06181816
0.0433483236 1.06393342
0.0433799654 1.06605022
0.0434116935 1.06816857
0.0434435079 1.07028846
0.0434754089 1.07240991
0.0435073968 1.07453292
0.0435394717 1.0766575
0.0435716337 1.07878364
0.0436038833 1.08091135
0.0436362204 1.08304063
0.0436686453 1.0851715
0.0437011584 1.08730395
0.0437337596 1.08943799
0.0437664493 1.09157362
0.0437992277 1.09371084
0.043832095 1.09584967
0.0438650514 1.09799011
0.0438980971 1.10013215
0.0439312323 1.10227581
0.0439644573 1.10442108
0.0439977722 1.10656799
0.0440311773 1.10871651
0.0440646727 1.11086667
0.0440982588 1.11301847
0.0441319357 1.1151719
0.0441657036 1.11732698
0.0441995629 1.11948372
0.0442335135 1.1216421
0.0442675559 1.12380214
0.0443016903 1.12596385
0.0443359168 1.12812722
0.0443702356 1.13029227
0.0444046471 1.13245899
0.0444391514 1.13462739
0.0444737487 1.13679748
0.0445084394 1.13896926
0.0445432235 1.14114273
0.0445781014 1.14331791
0.0446130733 1.14549478
0.0446481394 1.14767337
0.0446832999 1.14985366
0.0447185551 1.15203568
0.0447539052 1.15421942
0.0447893504 1.15640488
0.0448248911 1.15859208
0.0448605273 1.16078101
0.0448962594 1.16297168
0.0449320875 1.1651641
0.044968012 1.16735826
0.0450040331 1.16955419
0.045040151 1.17175187
0.0450763659 1.17395131
0.0451126781 1.17615253
0.0451490879 1.17835552
0.0451855954 1.18056029
0.045222201 1.18276684
0.0452589048 1.18497518
0.0452957072 1.18718531
0.0453326084 1.18939724
0.0453696085 1.19161097
0.045406708 1.19382651
0.045443907 1.19604386
0.0454812057 1.19826303
0.0455186045 1.20048402
0.0455561036 1.20270684
0.0455937032 1.20493149
0.0456314036 1.20715797
0.045669205 1.2093863
0.0457071078 1.21161648
0.0457451121 1.2138485
0.0457832183 1.21608238
0.0458214266 1.21831813
0.0458597372 1.22055573
0.0458981505 1.22279522
0.0459366666 1.22503657
0.0459752859 1.22727981
0.0460140085 1.22952494
0.0460528349 1.23177195
0.0460917652 1.23402087
0.0461307998 1.23627168
0.0461699388 1.2385244
0.0462091826 1.24077903
0.0462485314 1.24303558
0.0462879856 1.24529406
0.0463275453 1.24755445
0.0463672109 1.24981679
0.0464069826 1.25208105
0.0464468607 1.25434727
0.0464868455 1.25661543
0.0465269373 1.25888554
0.0465671364 1.26115761
0.0466074429 1.26343164
0.0466478573 1.26570765
0.0466883798 1.26798562
0.0467290107 1.27026558
0.0467697503 1.27254752
0.0468105988 1.27483145
0.0468515565 1.27711738
0.0468926239 1.2794053
0.046933801 1.28169524
0.0469750882 1.28398718
0.0470164859 1.28628114
0.0470579943 1.28857713
0.0470996137 1.29087514
0.0471413444 1.29317518
0.0471831867 1.29547726
0.0472251408 1.29778139
0.0472672072 1.30008756
0.0473093861 1.30239579
0.0473516778 1.30470608
0.0473940826 1.30701843
0.0474366008 1.30933286
0.0474792327 1.31164936
0.0475219786 1.31396795
0.0475648389 1.31628862
0.0476078138 1.31861139
0.0476509037 1.32093625
0.0476941088 1.32326322
0.0477374295 1.3255923
0.0477808661 1.3279235
0.0478244189 1.33025682
0.0478680882 1.33259227
0.0479118743 1.33492984
0.0479557777 1.33726956
0.0479997984 1.33961142
0.048043937 1.34195543
0.0480881938 1.3443016
0.0481325689 1.34664993
0.0481770629 1.34900043
0.048221676 1.3513531
0.0482664084 1.35370795
0.0483112607 1.35606498
0.048356233 1.35842421
0.0484013258 1.36078563
0.0484465393 1.36314925
0.0484918739 1.36551508
0.0485373299 1.36788313
0.0485829077 1.37025339
0.0486286076 1.37262589
0.0486744299 1.37500061
0.048720375 1.37737757
0.0487664433 1.37975678
0.048812635 1.38213824
0.0488589505 1.38452195
0.0489053902 1.38690793
0.0489519544 1.38929617
0.0489986434 1.39168669
0.0490454577 1.39407949
0.0490923975 1.39647457
0.0491394632 1.39887195
0.0491866553 1.40127162
0.0492339739 1.4036736
0.0492814195 1.4060779
0.0493289925 1.40848451
0.0493766932 1.41089344
0.0494245219 1.4133047
0.0494724791 1.4157183
0.049520565 1.41813424
0.0495687801 1.42055253
0.0496171248 1.42297318
0.0496655993 1.42539618
0.0497142042 1.42782155
0.0497629396 1.4302493
0.0498118061 1.43267943
0.049860804 1.43511194
0.0499099336 1.43754685
0.0499591954 1.43998416
0.0500085897 1.44242387
0.0500581169 1.444866
0.0501077774 1.44731054
0.0501575716 1.44975751
0.0502074999 1.45220691
0.0502575626 1.45465875
0.0503077601 1.45711304
0.0503580928 1.45956978
0.0504085612 1.46202897
0.0504591656 1.46449063
0.0505099064 1.46695476
0.050560784 1.46942137
0.0506117988 1.47189047
0.0506629512 1.47436205
0.0507142416 1.47683614
0.0507656705 1.47931273
0.0508172381 1.48179183
0.050868945 1.48427345
0.0509207915 1.4867576
0.050972778 1.48924427
0.051024905 1.49173349
0.0510771728 1.49422525
0.051129582 1.49671957
0.0511821328 1.49921644
0.0512348257 1.50171588
0.0512876612 1.5042179
0.0513406396 1.50672249
0.0513937614 1.50922968
0.051447027 1.51173946
0.0515004369 1.51425183
0.0515539914 1.51676682
0.051607691 1.51928442
0.0516615361 1.52180465
0.0517155272 1.5243275
0.0517696647 1.526853
0.051823949 1.52938113
0.0518783805 1.53191192
0.0519329598 1.53444537
0.0519876873 1.53698148
0.0520425633 1.53952026
0.0520975884 1.54206173
0.0521527629 1.54460588
0.0522080874 1.54715272
0.0522635624 1.54970227
0.0523191881 1.55225453
0.0523749652 1.5548095
0.052430894 1.5573672
0.0524869751 1.55992763
0.0525432088 1.5624908
0.0525995957 1.56505671
0.0526561362 1.56762538
0.0527128307 1.57019681
0.0527696798 1.57277101
0.052826684 1.57534799
0.0528838436 1.57792775
0.0529411592 1.5805103
0.0529986313 1.58309565
0.0530562602 1.5856838
0.0531140466 1.58827478
0.0531719909 1.59086857
0.0532300935 1.59346519
0.053288355 1.59606465
0.0533467758 1.59866696
0.0534053565 1.60127212
0.0534640975 1.60388014
0.0535229993 1.60649103
0.0535820625 1.60910479
0.0536412875 1.61172144
0.0537006748 1.61434099
0.053760225 1.61696343
0.0538199384 1.61958878
0.0538798157 1.62221705
0.0539398574 1.62484824
0.0540000639 1.62748236
0.0540604359 1.63011943
0.0541209737 1.63275944
0.0541816779 1.63540241
0.054242549 1.63804834
0.0543035876 1.64069725
0.0543647942 1.64334913
0.0544261693 1.64600401
0.0544877134 1.64866188
0.0545494271 1.65132276
0.0546113109 1.65398666
0.0546733654 1.65665357
0.054735591 1.65932352
0.0547979883 1.6619965
0.0548605579 1.66467253
0.0549233004 1.66735162
0.0549862161 1.67003377
0.0550493058 1.672719
0.0551125699 1.6754073
0.055176009 1.67809869
0.0552396237 1.68079319
0.0553034146 1.68349079
0.0553673821 1.6861915
0.0554315269 1.68889534
0.0554958495 1.69160231
0.0555603504 1.69431242
0.0556250304 1.69702568
0.0556898899 1.6997421
0.0557549295 1.70246169
0.0558201497 1.70518446
0.0558855513 1.70791041
0.0559511347 1.71063955
0.0560169005 1.7133719
0.0560828494 1.71610745
0.0561489819 1.71884623
0.0562152986 1.72158824
0.0562818001 1.72433348
0.0563484871 1.72708198
0.05641536 1.72983373
0.0564824196 1.73258875
0.0565496664 1.73534704
0.056617101 1.73810861
0.0566847241 1.74087348
0.0567525362 1.74364165
0.056820538 1.74641313
0.0568887301 1.74918793
0.0569571131 1.75196607
0.0570256877 1.75474754
0.0570944544 1.75753236
0.057163414 1.76032054
0.057232567 1.76311209
0.057301914 1.76590701
0.0573714558 1.76870532
0.0574411929 1.77150703
0.057511126 1.77431214
0.0575812558 1.77712066
0.0576515829 1.77993261
0.0577221079 1.782748
0.0577928316 1.78556683
0.0578637545 1.78838911
0.0579348773 1.79121486
0.0580062007 1.79404408
0.0580777254 1.79687678
0.058149452 1.79971298
0.0582213813 1.80255267
0.0582935138 1.80539589
0.0583658502 1.80824262
0.0584383914 1.81109288
0.0585111378 1.81394669
0.0585840903 1.81680405
0.0586572495 1.81966497
0.058730616 1.82252947
0.0588041907 1.82539755
0.0588779742 1.82826922
0.0589519672 1.83114449
0.0590261705 1.83402338
0.0591005846 1.83690589
0.0591752104 1.83979203
0.0592500485 1.84268182
0.0593250998 1.84557526
0.0594003648 1.84847237
0.0594758443 1.85137315
0.0595515391 1.85427762
0.0596274499 1.85718578
0.0597035774 1.86009766
0.0597799224 1.86301325
0.0598564856 1.86593256
0.0599332677 1.86885562
0.0600102696 1.87178242
0.0600874919 1.87471299
0.0601649354 1.87764732
0.0602426009 1.88058544
0.0603204891 1.88352735
0.0603986008 1.88647307
0.0604769368 1.88942259
0.0605554978 1.89237595
0.0606342846 1.89533314
0.0607132981 1.89829417
0.0607925389 1.90125907
0.0608720079 1.90422783
0.0609517059 1.90720047
0.0610316336 1.91017701
0.0611117919 1.91315745
0.0611921815 1.9161418
0.0612728033 1.91913008
0.061353658 1.9221223
0.0614347466 1.92511846
0.0615160697 1.92811858
0.0615976283 1.93112268
0.0616794231 1.93413075
0.061761455 1.93714282
0.0618437248 1.9401589
0.0619262334 1.94317899
0.0620089815 1.94620311
0.06209197 1.94923128
0.0621751998 1.95226349
0.0622586718 1.95529977
0.0623423867 1.95834012
0.0624263454 1.96138457
0.0625105488 1.96443311
0.0625949978 1.96748576
0.0626796933 1.97054254
0.062764636 1.97360345
0.0628498269 1.97666851
0.0629352669 1.97973773
0.0630209569 1.98281112
0.0631068977 1.9858887
0.0631930902 1.98897047
0.0632795354 1.99205645
0.0633662341 1.99514666
0.0634531873 1.99824109
0.0635403958 2.00133977
0.0636278607 2.00444271
0.0637155827 2.00754992
0.0638035629 2.01066141
0.0638918021 2.0137772
0.0639803013 2.0168973
0.0640690614 2.02002172
0.0641580834 2.02315047
0.0642473682 2.02628357
0.0643369168 2.02942103
0.0644267301 2.03256286
0.064516809 2.03570908
0.0646071547 2.03885969
0.0646977679 2.04201472
0.0647886497 2.04517417
0.0648798011 2.04833806
0.064971223 2.0515064
0.0650629165 2.0546792
0.0651548825 2.05785648
0.0652471221 2.06103825
0.0653396361 2.06422452
0.0654324257 2.06741531
0.0655254918 2.07061064
0.0656188355 2.0738105
0.0657124578 2.07701492
0.0658063597 2.08022392
0.0659005422 2.0834375
0.0659950064 2.08665568
0.0660897533 2.08987847
0.066184784 2.09310588
0.0662800995 2.09633794
0.0663757008 2.09957465
0.0664715891 2.10281602
0.0665677653 2.10606208
0.0666642306 2.10931284
0.0667609861 2.1125683
0.0668580327 2.11582849
0.0669553717 2.11909342
0.0670530041 2.1223631
0.0671509309 2.12563755
0.0672491534 2.12891678
0.0673476725 2.1322008
0.0674464895 2.13548963
0.0675456054 2.13878329
0.0676450213 2.14208179
0.0677447385 2.14538514
0.0678447579 2.14869336
0.0679450808 2.15200647
0.0680457083 2.15532447
0.0681466416 2.15864738
0.0682478817 2.16197523
0.06834943 2.16530801
0.0684512875 2.16864576
0.0685534554 2.17198847
0.0686559349 2.17533618
0.0687587271 2.17868889
0.0688618334 2.18204661
0.0689652548 2.18540937
0.0690689926 2.18877718
0.0691730479 2.19215006
0.0692774221 2.19552802
0.0693821162 2.19891107
0.0694871316 2.20229923
0.0695924695 2.20569252
0.0696981311 2.20909095
0.0698041176 2.21249454
0.0699104304 2.21590331
0.0700170706 2.21931727
0.0701240395 2.22273643
0.0702313385 2.22616081
0.0703389687 2.22959044
0.0704469314 2.23302532
0.070555228 2.23646547
0.0706638598 2.2399109
0.070772828 2.24336164
0.0708821339 2.2468177
0.0709917789 2.2502791
0.0711017643 2.25374585
0.0712120914 2.25721797
0.0713227615 2.26069548
0.0714337761 2.26417838
0.0715451364 2.26766671
0.0716568437 2.27116048
0.0717688995 2.2746597
0.0718813052 2.27816439
0.071994062 2.28167456
0.0721071714 2.28519025
0.0722206348 2.28871145
0.0723344535 2.29223819
0.072448629 2.29577049
0.0725631627 2.29930837
0.072678056 2.30285183
0.0727933103 2.30640091
0.0729089271 2.30995561
0.0730249077 2.31351595
0.0731412537 2.31708196
0.0732579665 2.32065365
0.0733750475 2.32423104
0.0734924983 2.32781414
0.0736103202 2.33140297
0.0737285148 2.33499756
0.0738470837 2.33859792
0.0739660281 2.34220406
0.0740853498 2.34581602
0.0742050502 2.34943379
0.0743251307 2.35305741
0.0744455931 2.3566869
0.0745664387 2.36032226
0.0746876691 2.36396353
0.074809286 2.36761071
0.0749312908 2.37126383
0.0750536851 2.3749229
0.0751764705 2.37858795
0.0752996485 2.382259
0.0754232209 2.38593605
0.0755471892 2.38961914
0.0756715549 2.39330828
0.0757963197 2.3970035
0.0759214853 2.4007048
0.0760470533 2.40441221
0.0761730253 2.40812576
0.076299403 2.41184545
0.076426188 2.41557131
0.076553382 2.41930336
0.0766809868 2.42304162
0.0768090039 2.42678611
0.076937435 2.43053685
0.077066282 2.43429386
0.0771955465 2.43805716
0.0773252302 2.44182677
0.0774553348 2.44560271
0.0775858622 2.449385
0.077716814 2.45317366
0.077848192 2.45696872
0.077979998 2.46077018
0.0781122338 2.46457809
0.0782449012 2.46839244
0.0783780019 2.47221328
0.0785115377 2.47604061
0.0786455106 2.47987446
0.0787799223 2.48371484
0.0789147746 2.48756179
0.0790500694 2.49141533
0.0791858086 2.49527546
0.079321994 2.49914223
0.0794586275 2.50301564
0.0795957109 2.50689572
0.0797332463 2.51078249
0.0798712355 2.51467598
0.0800096804 2.5185762
0.0801485829 2.52248318
0.080287945 2.52639694
0.0804277687 2.5303175
0.0805680558 2.53424489
0.0807088084 2.53817912
0.0808500284 2.54212023
0.0809917179 2.54606822
0.0811338788 2.55002314
0.0812765132 2.55398499
0.081419623 2.55795381
0.0815632104 2.56192961
0.0817072773 2.56591242
0.0818518259 2.56990227
0.0819968581 2.57389917
0.0821423761 2.57790314
0.082288382 2.58191423
0.0824348778 2.58593243
0.0825818658 2.58995779
0.0827293479 2.59399032
0.0828773264 2.59803006
0.0830258033 2.60207701
0.083174781 2.60613121
0.0833242615 2.61019269
0.083474247 2.61426146
0.0836247397 2.61833755
0.0837757418 2.62242098
0.0839272556 2.62651179
0.0840792833 2.63060999
0.0842318271 2.63471561
0.0843848894 2.63882868
0.0845384723 2.64294922
0.0846925781 2.64707725
0.0848472092 2.65121281
0.0850023679 2.65535592
0.0851580564 2.65950659
0.0853142772 2.66366487
0.0854710326 2.66783077
0.0856283249 2.67200432
0.0857861565 2.67618555
0.0859445298 2.68037448
0.0861034473 2.68457115
0.0862629112 2.68877557
0.0864229242 2.69298777
0.0865834885 2.69720778
0.0867446067 2.70143563
0.0869062812 2.70567134
0.0870685145 2.70991494
0.0872313092 2.71416646
0.0873946677 2.71842593
0.0875585926 2.72269337
0.0877230864 2.72696881
0.0878881516 2.73125228
0.0880537909 2.7355438
0.0882200068 2.73984341
0.0883868019 2.74415113
0.0885541789 2.748467
0.0887221404 2.75279103
0.088890689 2.75712326
0.0890598273 2.76146371
0.0892295582 2.76581242
0.0893998842 2.77016941
0.0895708081 2.77453472
0.0897423325 2.77890836
0.0899144603 2.78329038
0.0900871942 2.7876808
0.090260537 2.79207965
0.0904344914 2.79648696
0.0906090603 2.80090276
0.0907842464 2.80532708
0.0909600526 2.80975995
0.0911364819 2.81420139
0.0913135369 2.81865145
0.0914912207 2.82311015
0.0916695361 2.82757752
0.0918484861 2.83205359
0.0920280736 2.8365384
0.0922083015 2.84103197
0.0923891728 2.84553434
0.0925706906 2.85004553
0.0927528577 2.85456558
0.0929356773 2.85909452
0.0931191524 2.86363238
0.0933032861 2.8681792
0.0934880814 2.872735
0.0936735414 2.87729982
0.0938596692 2.88187369
0.0940464681 2.88645665
0.0942339411 2.89104872
0.0944220914 2.89564994
0.0946109221 2.90026034
0.0948004367 2.90487995
0.0949906381 2.90950882
0.0951815298 2.91414696
0.0953731149 2.91879443
0.0955653968 2.92345124
0.0957583787 2.92811743
0.095952064 2.93279304
0.0961464561 2.9374781
0.0963415583 2.94217265
0.0965373739 2.94687672
0.0967339065 2.95159034
0.0969311594 2.95631356
0.0971291361 2.9610464
0.0973278401 2.9657889
0.0975272748 2.9705411
0.0977274438 2.97530303
0.0979283506 2.98007472
0.0981299988 2.98485622
0.0983323919 2.98964756
0.0985355335 2.99444878
0.0987394274 2.99925991
0.098944077 3.00408099
0.0991494861 3.00891205
0.0993556584 3.01375314
0.0995625976 3.01860428
0.0997703074 3.02346553
0.0999787916 3.02833691
0.100188054 3.03321846
0.100398098 3.03811023
0.100608928 3.04301224
0.100820548 3.04792454
0.101032962 3.05284717
0.101246172 3.05778016
0.101460184 3.06272355
0.101675002 3.06767739
0.101890629 3.0726417
0.102107069 3.07761654
0.102324326 3.08260194
0.102542405 3.08759794
0.102761309 3.09260458
0.102981042 3.0976219
0.10320161 3.10264994
0.103423015 3.10768875
0.103645262 3.11273836
0.103868355 3.11779881
0.104092299 3.12287014
0.104317098 3.1279524
0.104542755 3.13304563
0.104769276 3.13814987
0.104996665 3.14326517
0.105224925 3.14839155
0.105454062 3.15352908
0.10568408 3.15867778
0.105914983 3.1638377
0.106146775 3.16900889
0.106379462 3.17419139
0.106613048 3.17938524
0.106847537 3.18459049
0.107082935 3.18980718
0.107319244 3.19503535
0.107556471 3.20027505
0.10779462 3.20552633
0.108033696 3.21078922
0.108273703 3.21606378
0.108514647 3.22135005
0.108756531 3.22664807
0.108999361 3.23195789
0.109243142 3.23727956
0.109487879 3.24261312
0.109733576 3.24795863
0.109980239 3.25331611
0.110227872 3.25868564
0.110476481 3.26406724
0.11072607 3.26946097
0.110976645 3.27486688
0.111228211 3.28028501
0.111480773 3.28571541
0.111734337 3.29115813
0.111988907 3.29661323
0.112244488 3.30208074
0.112501087 3.30756072
0.112758708 3.31305322
0.113017357 3.31855828
0.113277039 3.32407596
0.11353776 3.32960631
0.113799525 3.33514938
0.114062339 3.34070522
0.114326209 3.34627388
0.11459114 3.35185541
0.114857137 3.35744986
0.115124206 3.36305729
0.115392353 3.36867775
0.115661584 3.37431128
0.115931904 3.37995795
0.116203319 3.38561781
0.116475835 3.3912909
0.116749458 3.39697729
0.117024195 3.40267702
0.11730005 3.40839016
0.11757703 3.41411675
0.117855141 3.41985685
0.118134389 3.42561052
0.11841478 3.43137781
0.118696321 3.43715877
0.118979018 3.44295347
0.119262876 3.44876195
0.119547903 3.45458428
0.119834105 3.46042052
0.120121487 3.46627071
0.120410058 3.47213492
0.120699822 3.4780132
0.120990787 3.48390562
0.121282959 3.48981223
0.121576344 3.49573309
0.121870951 3.50166826
0.122166784 3.5076178
0.122463852 3.51358176
0.12276216 3.51956022
0.123061716 3.52555322
0.123362527 3.53156083
0.123664599 3.53758312
0.12396794 3.54362014
0.124272556 3.54967195
0.124578455 3.55573862
0.124885644 3.5618202
0.125194131 3.56791677
0.125503921 3.57402838
0.125815024 3.5801551
0.126127445 3.586297
0.126441194 3.59245413
0.126756276 3.59862656
0.127072699 3.60481435
0.127390472 3.61101758
0.127709602 3.61723631
0.128030096 3.62347059
0.128351962 3.62972051
0.128675208 3.63598612
0.128999842 3.6422675
0.129325872 3.64856471
0.129653306 3.65487782
0.129982151 3.66120689
0.130312417 3.667552
0.13064411 3.67391322
0.13097724 3.6802906
0.131311814 3.68668424
0.131647841 3.69309419
0.131985329 3.69952052
0.132324287 3.70596331
0.132664723 3.71242263
0.133006645 3.71889856
0.133350064 3.72539115
0.133694986 3.73190049
0.134041421 3.73842664
0.134389378 3.74496969
0.134738865 3.75152971
0.135089892 3.75810676
0.135442467 3.76470094
0.135796601 3.7713123
0.136152301 3.77794093
0.136509577 3.7845869
0.136868438 3.7912503
0.137228894 3.79793119
0.137590954 3.80462965
0.137954628 3.81134577
0.138319925 3.81807962
0.138686855 3.82483128
0.139055428 3.83160083
0.139425653 3.83838835
0.13979754 3.84519392
0.1401711 3.85201762
0.140546341 3.85885953
0.140923276 3.86571974
0.141301912 3.87259832
0.141682262 3.87949537
0.142064334 3.88641095
0.14244814 3.89334517
0.142833691 3.90029809
0.143220995 3.90726981
0.143610065 3.91426041
0.144000911 3.92126998
0.144393544 3.9282986
0.144787974 3.93534637
0.145184213 3.94241336
0.145582272 3.94949966
0.145982161 3.95660537
0.146383893 3.96373058
0.146787478 3.97087537
0.147192928 3.97803983
0.147600254 3.98522405
0.148009469 3.99242813
0.148420583 3.99965216
0.148833608 4.00689623
0.149248557 4.01416043
0.149665441 4.02144486
0.150084272 4.0287496
0.150505063 4.03607477
0.150927825 4.04342044
0.151352572 4.05078672
0.151779314 4.0581737
0.152208066 4.06558148
0.15263884 4.07301016
0.153071648 4.08045983
0.153506504 4.0879306
0.153943419 4.09542257
0.154382408 4.10293583
0.154823483 4.11047048
0.155266658 4.11802663
0.155711946 4.12560439
0.156159361 4.13320384
0.156608915 4.1408251
0.157060624 4.14846826
0.1575145 4.15613344
0.157970557 4.16382075
0.15842881 4.17153027
0.158889273 4.17926213
0.15935196 4.18701643
0.159816885 4.19479328
0.160284063 4.20259278
0.160753508 4.21041505
0.161225236 4.21826019
0.161699261 4.22612833
0.162175597 4.23401956
0.162654261 4.24193401
0.163135267 4.24987177
0.163618631 4.25783298
0.164104368 4.26581774
0.164592494 4.27382617
0.165083024 4.28185839
0.165575975 4.2899145
0.166071362 4.29799464
0.166569202 4.30609891
0.167069511 4.31422744
0.167572305 4.32238035
0.1680776 4.33055776
0.168585414 4.33875978
0.169095764 4.34698655
0.169608665 4.35523818
0.170124136 4.3635148
0.170642194 4.37181653
0.171162856 4.3801435
0.171686139 4.38849584
0.172212062 4.39687368
0.172740642 4.40527713
0.173271897 4.41370634
0.173805846 4.42216143
0.174342506 4.43064253
0.174881897 4.43914977
0.175424036 4.44768329
0.175968943 4.45624322
0.176516636 4.46482969
0.177067136 4.47344284
0.17762046 4.48208281
0.178176629 4.49074974
0.178735662 4.49944375
0.179297579 4.50816499
0.1798624 4.51691361
0.180430145 4.52568974
0.181000834 4.53449352
0.181574488 4.5433251
0.182151128 4.55218462
0.182730775 4.56107222
0.183313449 4.56998806
0.183899172 4.57893228
0.184487965 4.58790502
0.185079851 4.59690644
0.18567485 4.60593668
0.186272984 4.61499591
0.186874277 4.62408426
0.187478751 4.6332019
0.188086427 4.64234898
0.188697329 4.65152564
0.18931148 4.66073206
0.189928904 4.66996839
0.190549622 4.67923478
0.191173661 4.6885314
0.191801042 4.69785841
0.192431791 4.70721597
0.193065931 4.71660424
0.193703487 4.72602339
0.194344485 4.73547358
0.194988948 4.74495499
0.195636903 4.75446777
0.196288374 4.76401211
0.196943387 4.77358816
0.197601969 4.78319611
0.198264145 4.79283612
0.198929942 4.80250837
0.199599386 4.81221303
0.200272505 4.82195029
0.200949326 4.83172032
0.201629876 4.84152329
0.202314182 4.8513594
0.203002274 4.86122882
0.203694178 4.87113174
0.204389923 4.88106834
0.205089539 4.89103881
0.205793054 4.90104334
0.206500497 4.91108211
0.207211899 4.92115532
0.207927288 4.93126315
0.208646696 4.94140581
0.209370152 4.95158348
0.210097687 4.96179637
0.210829332 4.97204467
0.21156512 4.98232857
0.21230508 4.99264829
0.213049246 5.00300403
0.213797649 5.01339598
0.214550322 5.02382435
0.215307298 5.03428935
0.21606861 5.04479119
0.216834292 5.05533009
0.217604378 5.06590624
0.218378901 5.07651987
0.219157897 5.08717118
0.219941399 5.09786041
0.220729444 5.10858775
0.221522067 5.11935345
0.222319304 5.13015771
0.223121192 5.14100076
0.223927766 5.15188283
0.224739063 5.16280415
0.225555123 5.17376493
0.226375981 5.18476542
0.227201676 5.19580585
0.228032247 5.20688644
0.228867733 5.21800745
0.229708173 5.22916909
0.230553607 5.24037163
0.231404074 5.25161529
0.232259616 5.26290032
0.233120273 5.27422697
0.233986087 5.28559549
0.2348571 5.29700611
0.235733353 5.30845911
0.23661489 5.31995473
0.237501754 5.33149322
0.238393987 5.34307485
0.239291635 5.35469987
0.240194742 5.36636855
0.241103352 5.37808115
0.242017512 5.38983794
0.242937266 5.40163919
0.243862662 5.41348516
0.244793746 5.42537614
0.245730566 5.43731239
0.24667317 5.4492942
0.247621605 5.46132184
0.248575921 5.4733956
0.249536167 5.48551576
0.250502394 5.4976826
0.251474651 5.50989643
0.25245299 5.52215752
0.253437462 5.53446618
0.25442812 5.54682271
0.255425016 5.55922739
0.256428204 5.57168053
0.257437737 5.58418244
0.258453669 5.59673343
0.259476057 5.6093338
0.260504955 5.62198387
0.261540421 5.63468395
0.26258251 5.64743435
0.26363128 5.66023541
0.264686789 5.67308744
0.265749097 5.68599077
0.266818263 5.69894572
0.267894347 5.71195264
0.268977409 5.72501185
0.270067511 5.73812369
0.271164716 5.7512885
0.272269087 5.76450663
0.273380686 5.77777842
0.274499578 5.79110422
0.275625828 5.80448438
0.276759503 5.81791927
0.277900668 5.83140923
0.279049392 5.84495464
0.280205741 5.85855585
0.281369785 5.87221324
0.282541594 5.88592717
0.283721238 5.89969803
0.284908788 5.91352618
0.286104317 5.92741202
0.287307897 5.94135593
0.288519603 5.95535829
0.289739508 5.9694195
0.290967689 5.98353996
0.292204223 5.99772007
0.293449185 6.01196022
0.294702656 6.02626084
0.295964713 6.04062231
0.297235438 6.05504507
0.298514911 6.06952953
0.299803214 6.08407612
0.301100431 6.09868525
0.302406645 6.11335736
0.303721942 6.12809289
0.305046408 6.14289227
0.30638013 6.15775594
0.307723197 6.17268435
0.309075697 6.18767796
0.310437721 6.20273721
0.311809361 6.21786258
0.313190709 6.23305451
0.314581859 6.24831348
0.315982907 6.26363997
0.317393948 6.27903444
0.31881508 6.29449739
0.320246401 6.31002929
0.321688011 6.32563065
0.323140012 6.34130195
0.324602505 6.3570437
0.326075595 6.3728564
0.327559386 6.38874057
0.329053984 6.40469671
0.330559498 6.42072536
0.332076037 6.43682703
0.33360371 6.45300226
0.33514263 6.46925158
0.33669291 6.48557554
0.338254666 6.50197468
0.339828012 6.51844956
0.341413068 6.53500074
0.343009952 6.55162877
0.344618785 6.56833423
0.346239691 6.58511769
0.347872792 6.60197974
0.349518216 6.61892096
0.351176089 6.63594195
0.35284654 6.6530433
0.354529701 6.67022562
0.356225704 6.68748952
0.357934683 6.70483562
0.359656775 6.72226454
0.361392119 6.73977691
0.363140853 6.75737338
0.36490312 6.77505459
0.366679063 6.79282118
0.368468829 6.81067381
0.370272566 6.82861315
0.372090422 6.84663988
0.373922551 6.86475466
0.375769105 6.88295819
0.377630242 6.90125115
0.37950612 6.91963425
0.3813969 6.9381082
0.383302743 6.95667372
0.385223816 6.97533151
0.387160286 6.99408233
0.389112323 7.01292691
0.391080099 7.03186598
0.39306379 7.05090032
0.395063572 7.07003068
0.397079625 7.08925784
0.399112132 7.10858257
0.401161278 7.12800568
0.403227251 7.14752794
0.405310242 7.16715018
0.407410443 7.1868732
0.409528052 7.20669784
0.411663267 7.22662492
0.41381629 7.2466553
0.415987328 7.26678982
0.418176587 7.28702935
0.420384279 7.30737476
0.422610619 7.32782694
0.424855825 7.34838677
0.427120117 7.36905517
0.429403721 7.38983304
0.431706863 7.41072131
0.434029776 7.43172091
0.436372694 7.45283279
0.438735856 7.47405792
0.441119505 7.49539725
0.443523885 7.51685176
0.445949248 7.53842246
0.448395848 7.56011033
0.450863941 7.5819164
0.45335379 7.6038417
0.455865661 7.62588726
0.458399824 7.64805414
0.460956555 7.67034339
0.463536132 7.69275611
0.466138839 7.71529337
0.468764964 7.73795629
0.4714148 7.76074598
0.474088644 7.78366357
0.4767868 7.80671021
0.479509575 7.82988706
0.482257282 7.85319529
0.485030238 7.87663609
0.487828766 7.90021067
0.490653196 7.92392024
0.493503862 7.94776603
0.496381103 7.97174931
0.499285264 7.99587132
0.502216698 8.02013336
0.505175762 8.04453672
0.508162819 8.06908272
0.511178239 8.09377269
0.514222399 8.11860797
0.517295682 8.14358994
0.520398477 8.16871998
0.52353118 8.19399949
0.526694196 8.21942989
0.529887934 8.24501262
0.533112814 8.27074915
0.536369259 8.29664094
0.539657704 8.3226895
0.542978589 8.34889635
0.546332363 8.37526302
0.549719484 8.40179108
0.553140416 8.4284821
0.556595635 8.45533768
0.560085622 8.48235945
0.563610871 8.50954906
0.567171881 8.53690818
0.570769164 8.5644385
0.574403239 8.59214172
0.578074637 8.6200196
0.581783898 8.6480739
0.585531572 8.67630641
0.589318221 8.70471894
0.593144416 8.73331332
0.59701074 8.76209144
0.600917789 8.79105518
0.604866167 8.82020646
0.608856494 8.84954723
0.6128894 8.87907947
0.616965528 8.90880518
0.621085534 8.93872639
0.625250087 8.96884518
0.62945987 8.99916364
0.633715581 9.02968389
0.638017929 9.0604081
0.642367641 9.09133845
0.646765458 9.12247717
0.651212137 9.15382651
0.655708448 9.18538877
0.660255182 9.21716627
0.664853143 9.24916138
0.669503153 9.2813765
0.674206054 9.31381406
0.678962703 9.34647653
0.683773977 9.37936644
0.688640772 9.41248632
0.693564005 9.44583878
0.698544612 9.47942645
0.70358355 9.513252
0.708681796 9.54731816
0.713840353 9.58162768
0.719060243 9.61618338
0.724342512 9.6509881
0.729688233 9.68604475
0.735098499 9.72135627
0.740574432 9.75692567
0.74611718 9.79275598
0.751727917 9.82885031
0.757407844 9.8652118
0.763158194 9.90184366
0.768980226 9.93874914
0.774875231 9.97593155
0.780844533 10.0133943
0.786889486 10.0511407
0.793011479 10.0891744
0.799211935 10.1274988
0.805492313 10.1661176
0.811854109 10.2050345
0.818298856 10.2442531
0.824828128 10.2837773
0.831443538 10.323611
0.838146742 10.3637581
0.844939439 10.4042226
0.851823372 10.4450087
0.858800332 10.4861203
0.865872157 10.5275619
0.873040735 10.5693378
0.880308005 10.6114522
0.887675959 10.6539098
0.895146644 10.696715
0.902722166 10.7398725
0.910404686 10.7833871
0.918196431 10.8272636
0.926099687 10.8715069
0.93411681 10.9161221
0.942250221 10.9611142
0.950502413 11.0064884
0.958875953 11.0522502
0.967373485 11.0984049
0.975997729 11.144958
0.984751491 11.1919153
0.993637662 11.2392824
1.00265922 11.2870653
1.01181924 11.3352699
1.02112088 11.3839023
1.03056742 11.4329689
1.04016223 11.482476
1.04990878 11.5324302
1.05981068 11.5828379
1.06987164 11.6337062
1.08009549 11.6850418
1.09048619 11.736852
1.10104785 11.7891438
1.11178469 11.8419248
1.12270111 11.8952025
1.13380163 11.9489846
1.14509095 12.003279
1.15657394 12.0580938
1.16825562 12.1134373
1.18014122 12.1693178
1.19223614 12.225744
1.20454598 12.2827248
1.21707657 12.3402692
1.22983395 12.3983864
1.24282436 12.4570858
1.25605433 12.5163772
1.26953061 12.5762705
1.28326023 12.6367757
1.2972505 12.6979032
1.311509 12.7596637
1.32604366 12.822068
1.34086269 12.8851273
1.35597469 12.9488529
1.37138857 13.0132565
1.38711366 13.07835
1.40315967 13.1441458
1.41953675 13.2106562
1.43625546 13.2778943
1.45332687 13.345873
1.47076253 13.4146059
1.48857451 13.4841068
1.50677546 13.5543898
1.52537858 13.6254694
1.54439774 13.6973604
1.56384744 13.7700779
1.58374288 13.8436376
1.60410003 13.9180552
1.62493561 13.9933473
1.64626722 14.0695302
1.66811332 14.1466213
1.69049333 14.2246378
1.71342768 14.3035977
1.73693787 14.3835191
1.76104654 14.4644207
1.78577756 14.5463215
1.81115608 14.629241
1.83720865 14.7131988
1.8639633 14.7982151
1.89144964 14.8843105
1.91969896 14.9715058
1.94874439 15.0598222
1.97862095 15.149281
2.00936576 15.2399041
2.04101813 15.3317133
2.07361978 15.4247306
2.10721494 15.5189783
2.14185059 15.6144785
2.1775766 15.7112534
2.21444602 15.8093249
2.25251524 15.9087147
2.29184424 16.0094439
2.33249689 16.1115334
2.37454121 16.2150028
2.41804965 16.319871
2.46309944 16.4261556
2.50977291 16.5338724
2.55815783 16.6430355
2.60834783 16.7536565
2.66044276 16.8657441
2.71454911 16.9793035
2.77078042 17.0943361
2.82925772 17.2108384
2.89010996 17.328801
2.9534744 17.4482081
3.01949707 17.569036
3.08833305 17.6912519
3.16014685 17.8148124
3.23511261 17.9396618
3.31341419 18.0657304
3.39524518 18.1929317
3.48080858 18.3211606
3.57031635 18.4502904
3.66398855 18.5801698
3.76205199 18.7106192
3.86473847 18.8414277
3.97228228 18.9723484
4.08491687 19.1030948
4.20287062 19.2333363
4.32636143 19.3626939
4.45559002 19.4907358
4.59073175 19.6169741
4.73192677 19.7408616
4.87926852 19.8617902
5.03279042 19.9790905
5.192451 20.0920344
5.35811759 20.1998398
5.5295492 20.30168
5.70637929 20.3966961
5.88809934 20.4840153
6.07404475 20.5627738
6.26338429 20.6321443
6.45511492 20.6913686
6.64806345 20.7397932
6.84089619 20.7769058
7.03213749 20.8023726
7.22019692 20.8160708
7.4034046 20.8181171
7.58005264 20.8088882
7.74844104 20.7890321
7.90692514 20.7594708
8.0539629 20.7213933
8.18815987 20.6762405
8.30831107 20.6256835
8.41343922 20.571595
8.50282905 20.5160155
8.57605742 20.4611134
8.63301813 20.4091387
8.67393998 20.3623706
8.69939522 20.3230592
8.71029609 20.2933626
8.70787706 20.2752839
8.69366172 20.2706107
8.66941517 20.2808638
8.6370845 20.3072579
8.59873174 20.3506789
8.55646442 20.4116787
8.5123694 20.4904869
8.46845445 20.5870379
8.4266011 20.7010088
8.38853057 20.831864
8.35578298 20.9789031
8.329709 21.1413075
8.31147183 21.3181832
8.30205744 21.5085983
8.30229047 21.7116131
8.31285375 21.9263045
8.33430939 22.1517826
8.36712007 22.3872023
8.41166937 22.6317696
8.46828054 22.8847435
8.53723306 23.1454351
8.61877702 23.4132036
8.71314501 23.6874507
8.82056179 23.9676141
8.94125165 24.2531596
9.07544362 24.543573
9.22337471 24.8383518
9.38529121 25.136997
9.56144825 25.4390057
9.75210756 25.7438638
9.95753387 26.0510401
10.1779897 26.3599815
10.4137293 26.6701095
10.6649916 26.9808198
10.9319927 27.2914822
11.2149194 27.6014449
11.5139227 27.91004
11.8291144 28.2165916
12.1605652 28.520426
12.5083083 28.8208826
12.8723452 29.1173247
13.252658 29.4091479
13.6492243 29.6957859
14.0620364 29.9767095
14.4911209 30.2514203
14.9365576 30.5194348
15.3984945 30.7802628
15.8771557 31.0333775
16.3728396 31.2781825
16.8859068 31.5139768
17.4167547 31.7399229
17.9657823 31.9550218
18.5333452 32.1580984
19.1197059 32.3478009
19.7249828 32.5226158
20.3491046 32.6808988
20.9917743 32.8209187
21.6524482 32.9409129
22.3303322 33.039146
23.0243969 33.1139686
23.7334103 33.1638673
24.4559849 33.1875015
25.1906331 33.1837228
25.9358257 33.1515747
26.690046 33.0902717
27.4518336 32.9991626
28.2198125 32.8776784
28.9927006 32.7252739
29.7692974 32.5413651
30.5484501 32.3252723
31.3289994 32.0761717
32.1097064 31.7930637
32.8891656 31.4747634
33.6657074 31.1199166
34.4372995 30.7270479
35.201454 30.2946424
35.9551508 29.8212619
36.6947907 29.3056933
37.4161878 28.7471231
38.1146151 28.1453256
38.7849086 27.5008498
39.4216338 26.815185
40.0193097 26.0908821
40.5726768 25.3316115
41.0769875 24.5421401
41.5282923 23.7282201
41.9236897 22.8963919
42.2615133 22.0537158
42.5414326 21.207456
42.7644563 20.3647494
42.9328401 19.5322919
43.0499102 18.716073
43.119828 17.9211813
43.1473228 17.151693
43.1374231 16.4106427
43.0952118 15.700069
43.0256244 15.0211149
42.9332992 14.3741641
42.8224833 13.7589926
42.6969877 13.1749165
42.5601836 12.6209241
42.4150261 12.0957838
42.2640958 11.5981247
42.1096446 11.1264913
41.9536399 10.6793765
41.7978007 10.2552389
41.6436228 9.85251117
41.4923954 9.46960463
41.3452094 9.1049141
41.2029608 8.75682553
41.0663524 8.42372659
40.9358945 8.10402008
40.8119063 7.79613941
40.6945175 7.49856609
40.5836712 7.20984941
40.4791286 6.92862887
40.3804759 6.65365997
40.2871378 6.38384304
40.1983972 6.11825386
40.1134252 5.85617353
40.0313214 5.59711382
39.9511635 5.34083398
39.8720648 5.08734467
39.793235 4.8368959
39.714038 4.58994747
39.6340422 4.34712229
39.5530567 4.1091454
39.4711491 3.87677331
39.388642 3.65071958
39.3060879 3.43158339
39.2242231 3.21978778
39.1439044 3.01553372
39.0660338 2.8187751
38.9914782 2.62921797
38.9209905 2.44634536
38.8551425 2.26946634
38.7942746 2.09778564
38.7384704 1.93048725
38.6875592 1.76682402
38.6411477 1.60620413
38.5986789 1.44826511
38.5595136 1.29292734
38.5230276 1.14042053
38.488716 0.991278928
38.4562936 0.846304021
38.4257834 0.70649645
38.3975823 0.572961861
38.3724975 0.446798257
38.3517488 0.328974361
38.3369347 0.220209609
38.3299654 0.120866301
38.3329658 0.0308633133
38.3481574 -0.0503812134
38.3777269 -0.123973299
38.4236924 -0.191530496
38.4877761 -0.255133734
38.571293 -0.317246712
38.6750639 -0.380608116
38.7993594 -0.448103859
38.9438784 -0.522627983
39.1077644 -0.606941806
39.2896584 -0.703541284
39.4877854 -0.814542272
39.7000699 -0.941592467
39.9242711 -1.08581724
40.1581298 -1.24780444
40.3995137 -1.42763045
40.6465519 -1.62492666
40.897745 -1.83898194
41.1520416 -2.06887342
41.4088741 -2.31361462
41.668149 -2.57230819
41.9301932 -2.84428963
42.1956592 -3.12924865
42.4653988 -3.42731741
42.7403172 -3.73911724
43.0212182 -4.06575982
43.308658 -4.40880267
43.6028183 -4.77016304
43.9034119 -5.15199835
44.2096294 -5.55656454
44.5201317 -5.9860664
44.8330895 -6.44251503
45.1462639 -6.92760734
45.4571197 -7.44264029
45.7629567 -7.98846872
46.0610433 -8.56551043
46.3487364 -9.17379637
46.6235706 -9.81305783
46.8833085 -10.4828381
47.1259432 -11.1826122
47.3496534 -11.9118983
47.5527184 -12.670343
47.7334017 -13.4577676
47.8898202 -14.2741672
48.019817 -15.1196576
48.1208533 -15.9943746
48.1899384 -16.8983339
48.2236062 -17.8312654
48.2179478 -18.7924385
48.1686996 -19.7804966
48.0713818 -20.7933171
47.9214797 -21.8279132
47.7146517 -22.8803868
47.4469489 -23.9459402
47.1150289 -25.0189479
46.7163456 -26.0930828
46.2493011 -27.1614893
45.7133476 -28.2169891
45.1090333 -29.2523024
44.437992 -30.2602695
43.7028799 -31.2340565
42.9072699 -32.1673306
42.0555136 -33.0543991
41.1525859 -33.890305
40.2039236 -34.6708802
39.2152713 -35.3927608
38.1925423 -36.0533693
37.1417017 -36.6508737
36.0686734 -37.1841334
34.9792713 -37.6526388
33.8791502 -38.0564552
32.7737703 -38.3961727
31.6683701 -38.6728667
30.5679399 -38.8880656
29.4771926 -39.043724
28.4005298 -39.1421953
27.3420037 -39.1862002
26.3052782 -39.1787863
25.2935917 -39.1232787
24.3097286 -39.0232209
23.3559996 -38.8823086
22.4342365 -38.7043199
21.5457999 -38.4930461
20.6916 -38.252226
19.8721288 -37.9854881
19.0875005 -37.6963019
18.3374975 -37.38794
17.6216194 -37.0634511
16.9391311 -36.7256429
16.2891101 -36.3770743
15.6704897 -36.0200554
15.0820977 -35.6566533
14.5226906 -35.2887027
13.9909829 -34.9178197
13.4856705 -34.5454173
13.0054514 -34.1727227
12.5490405 -33.8007942
12.1151822 -33.4305378
11.7026592 -33.0627238
11.3102991 -32.698002
10.9369789 -32.3369156
10.5816274 -31.979914
10.2432267 -31.6273652
9.92081264 -31.2795656
9.61347388 -30.9367498
9.32035096 -30.599099
9.04063459 -30.2667483
8.77356377 -29.9397931
8.5184236 -29.6182951
8.27454301 -29.3022869
8.04129251 -28.9917768
7.81808178 -28.6867523
7.60435744 -28.3871833
7.39960079 -28.0930254
7.20332564 -27.8042218
7.01507625 -27.520706
6.83442538 -27.2424032
6.6609724 -26.969232
6.49434153 -26.7011058
6.33418022 -26.4379341
6.18015753 -26.1796234
6.03196275 -25.9260777
5.88930399 -25.6771999
5.75190694 -25.4328919
5.61951368 -25.1930553
5.49188157 -24.9575919
5.36878226 -24.726404
5.25000069 -24.4993946
5.13533427 -24.2764679
5.02459199 -24.0575292
4.91759371 -23.8424856
4.81416943 -23.6312454
4.71415863 -23.4237189
4.61740967 -23.2198179
4.52377921 -23.0194565
4.43313167 -22.8225502
4.34533879 -22.6290167
4.26027911 -22.4387757
4.1778376 -22.2517487
4.0979052 -22.0678593
4.02037853 -21.8870328
3.9451595 -21.7091967
3.87215497 -21.5342803
3.80127652 -21.3622148
3.73244012 -21.1929331
3.66556588 -21.02637
3.60057781 -20.8624622
3.53740362 -20.701148
3.47597446 -20.5423674
3.41622478 -20.386062
3.35809208 -20.2321753
3.3015168 -20.0806519
3.24644213 -19.9314383
3.19281386 -19.7844825
3.14058022 -19.6397337
3.08969179 -19.4971427
3.04010135 -19.3566615
2.99176374 -19.2182437
2.94463581 -19.0818439
2.89867626 -18.9474181
2.85384557 -18.8149235
2.8101059 -18.6843184
2.76742102 -18.5555624
2.72575619 -18.4286161
2.68507815 -18.3034412
2.64535498 -18.1800003
2.60655607 -18.0582573
2.56865205 -17.9381768
2.53161473 -17.8197244
2.49541704 -17.7028668
2.46003298 -17.5875715
2.42543755 -17.4738066
2.39160675 -17.3615415
2.35851747 -17.250746
2.32614752 -17.1413909
2.29447553 -17.0334478
2.26348092 -16.9268888
2.23314389 -16.821687
2.20344539 -16.7178159
2.17436704 -16.61525
2.14589114 -16.5139642
2.11800064 -16.4139341
2.09067909 -16.3151359
2.06391062 -16.2175465
2.03767993 -16.1211432
2.01197225 -16.0259041
1.98677334 -15.9318075
1.96206943 -15.8388325
1.93784723 -15.7469586
1.9140939 -15.6561659
1.89079705 -15.5664349
1.86794468 -15.4777465
1.84552521 -15.3900821
1.82352742 -15.3034237
1.80194049 -15.2177535
1.78075392 -15.1330541
1.75995758 -15.0493089
1.73954164 -14.9665011
1.71949659 -14.8846147
1.69981323 -14.803634
1.68048265 -14.7235436
1.66149621 -14.6443284
1.64284554 -14.5659737
1.62452253 -14.4884651
1.60651931 -14.4117886
1.58882828 -14.3359305
1.57144203 -14.2608773
1.55435339 -14.1866159
1.53755541 -14.1131334
1.52104134 -14.0404173
1.50480463 -13.9684551
1.48883892 -13.897235
1.47313803 -13.8267451
1.45769597 -13.756974
1.44250692 -13.6879102
1.42756522 -13.6195427
1.41286538 -13.5518608
1.39840204 -13.4848539
1.38417003 -13.4185115
1.37016428 -13.3528235
1.35637991 -13.28778
1.34281212 -13.2233712
1.32945629 -13.1595876
1.31630789 -13.0964198
1.30336253 -13.0338586
1.29061594 -12.9718951
1.27806395 -12.9105204
1.26570252 -12.849726
1.2535277 -12.7895033
1.24153565 -12.7298441
1.22972263 -12.6707402
1.21808501 -12.6121837
1.20661922 -12.5541667
1.19532181 -12.4966816
1.18418941 -12.4397208
1.17321875 -12.3832769
1.16240661 -12.3273428
1.15174989 -12.2719113
1.14124552 -12.2169754
1.13089056 -12.1625283
1.1206821 -12.1085633
1.11061733 -12.0550737
1.10069348 -12.0020532
1.09090787 -11.9494954
1.08125789 -11.8973939
1.07174097 -11.8457428
1.06235462 -11.794536
1.05309639 -11.7437676
1.04396391 -11.6934318
1.03495485 -11.6435229
1.02606695 -11.5940353
1.01729798 -11.5449635
1.00864579 -11.4963021
1.00010825 -11.4480459
0.9916833 -11.4001895
0.983368924 -11.352728
0.975163145 -11.3056561
0.967064036 -11.2589691
0.959069709 -11.212662
0.951178324 -11.1667301
0.943388077 -11.1211687
0.935697206 -11.075973
0.92810399 -11.0311387
0.920606742 -10.9866612
0.913203814 -10.9425362
0.905893594 -10.8987593
0.898674505 -10.8553263
0.891545003 -10.812233
0.884503578 -10.7694752
0.877548752 -10.7270491
0.870679078 -10.6849505
0.863893141 -10.6431755
0.857189554 -10.6017204
0.85056696 -10.5605814
0.844024032 -10.5197546
0.837559467 -10.4792364
0.831171991 -10.4390233
0.824860358 -10.3991117
0.818623344 -10.359498
0.812459752 -10.3201788
0.806368409 -10.2811509
0.800348167 -10.2424107
0.794397899 -10.203955
0.788516501 -10.1657806
0.782702893 -10.1278844
0.776956014 -10.0902631
0.771274826 -10.0529137
0.765658309 -10.0158331
0.760105467 -9.97901835
0.754615319 -9.94246651
0.749186906 -9.90617466
0.743819287 -9.87013993
0.738511539 -9.8343595
0.733262756 -9.7988306
0.72807205 -9.76355048
0.722938552 -9.72851645
0.717861405 -9.69372584
0.712839772 -9.65917605
0.70787283 -9.62486447
0.702959773 -9.59078858
0.698099807 -9.55694587
0.693292157 -9.52333385
0.688536058 -9.4899501
0.683830763 -9.45679222
0.679175536 -9.42385782
0.674569656 -9.39114459
0.670012414 -9.35865021
0.665503115 -9.32637242
0.661041075 -9.29430899
0.656625625 -9.26245769
0.652256106 -9.23081637
0.64793187 -9.19938286
0.643652284 -9.16815507
0.639416722 -9.13713089
0.635224571 -9.10630827
0.63107523 -9.07568517
0.626968108 -9.0452596
0.622902622 -9.01502958
0.618878201 -8.98499316
0.614894285 -8.95514842
0.610950322 -8.92549345
0.60704577 -8.89602639
0.603180097 -8.86674539
0.599352778 -8.83764862
0.595563299 -8.80873428
0.591811154 -8.78000061
0.588095845 -8.75144584
0.584416885 -8.72306826
0.580773791 -8.69486614
0.577166091 -8.66683782
0.573593321 -8.63898162
0.570055023 -8.6112959
0.566550748 -8.58377905
0.563080053 -8.55642945
0.559642503 -8.52924555
0.556237671 -8.50222576
0.552865136 -8.47536857
0.549524484 -8.44867244
0.546215308 -8.42213587
0.542937207 -8.39575738
0.539689787 -8.36953552
0.536472659 -8.34346883
0.533285443 -8.31755588
0.530127763 -8.29179528
0.526999248 -8.26618561
0.523899536 -8.24072552
0.520828267 -8.21541363
0.517785091 -8.19024862
0.514769659 -8.16522915
0.51178163 -8.14035391
0.508820668 -8.11562162
0.505886442 -8.09103099
0.502978626 -8.06658076
0.500096899 -8.04226968
0.497240946 -8.01809652
0.494410455 -7.99406007
0.491605119 -7.97015912
0.488824638 -7.94639247
0.486068714 -7.92275897
0.483337054 -7.89925744
0.48062937 -7.87588673
0.477945379 -7.85264572
0.4752848 -7.82953328
0.472647358 -7.8065483
0.470032781 -7.78368969
0.467440803 -7.76095637
0.46487116 -7.73834727
0.462323592 -7.71586132
0.459797844 -7.69349749
0.457293663 -7.67125473
0.454810801 -7.64913204
0.452349014 -7.62712839
0.44990806 -7.60524279
0.447487702 -7.58347425
0.445087705 -7.56182179
0.442707838 -7.54028446
0.440347875 -7.51886129
0.43800759 -7.49755133
0.435686762 -7.47635367
0.433385174 -7.45526736
0.43110261 -7.43429151
0.428838859 -7.4134252
0.426593711 -7.39266755
0.424366961 -7.37201767
0.422158405 -7.35147468
0.419967844 -7.33103773
0.417795079 -7.31070596
0.415639917 -7.29047851
0.413502164 -7.27035457
0.411381632 -7.25033329
0.409278133 -7.23041386
0.407191484 -7.21059547
0.405121502 -7.19087732
0.403068008 -7.17125862
0.401030827 -7.15173858
0.399009782 -7.13231643
0.397004702 -7.1129914
0.395015417 -7.09376272
0.393041759 -7.07462966
0.391083564 -7.05559145
0.389140669 -7.03664738
0.387212912 -7.01779671
0.385300134 -6.99903871
0.383402179 -6.98037268
0.381518893 -6.96179791
0.379650123 -6.94331371
0.377795718 -6.92491937
0.375955529 -6.90661422
0.374129411 -6.88839758
0.372317218 -6.87026877
0.370518807 -6.85222714
0.368734038 -6.83427203
0.366962771 -6.81640278
0.365204869 -6.79861876
0.363460196 -6.78091932
0.361728619 -6.76330384
0.360010004 -6.74577169
0.358304222 -6.72832226
0.356611144 -6.71095492
0.354930642 -6.69366908
0.353262591 -6.67646413
0.351606867 -6.65933948
0.349963347 -6.64229455
0.348331911 -6.62532874
0.346712439 -6.60844149
0.345104812 -6.59163222
0.343508916 -6.57490036
0.341924634 -6.55824537
0.340351852 -6.54166667
0.33879046 -6.52516372
0.337240345 -6.50873598
0.335701399 -6.49238292
0.334173513 -6.47610399
0.33265658 -6.45989866
0.331150495 -6.44376642
0.329655154 -6.42770675
0.328170454 -6.41171912
0.326696293 -6.39580305
0.32523257 -6.37995801
0.323779187 -6.36418351
0.322336044 -6.34847906
0.320903046 -6.33284416
0.319480096 -6.31727834
0.3180671 -6.30178111
0.316663964 -6.28635199
0.315270596 -6.27099052
0.313886905 -6.25569622
0.312512799 -6.24046864
0.311148191 -6.22530731
0.309792992 -6.21021179
0.308447115 -6.19518161
0.307110474 -6.18021633
0.305782983 -6.16531552
0.304464559 -6.15047873
0.303155118 -6.13570553
0.301854579 -6.12099549
0.30056286 -6.10634819
0.299279881 -6.09176319
0.298005562 -6.07724009
0.296739825 -6.06277847
0.295482593 -6.04837791
0.294233788 -6.03403801
0.292993335 -6.01975837
0.29176116 -6.00553858
0.290537187 -5.99137825
0.289321344 -5.97727699
0.288113558 -5.96323441
0.286913758 -5.94925011
0.285721872 -5.93532373
0.284537831 -5.92145487
0.283361566 -5.90764316
0.282193008 -5.89388823
0.281032089 -5.88018972
0.279878742 -5.86654724
0.278732901 -5.85296045
0.277594501 -5.83942898
0.276463476 -5.82595247
0.275339764 -5.81253057
0.274223299 -5.79916293
0.27311402 -5.78584921
0.272011865 -5.77258905
0.270916772 -5.75938211
0.269828681 -5.74622807
0.268747531 -5.73312657
0.267673263 -5.72007729
0.26660582 -5.7070799
0.265545141 -5.69413407
0.264491171 -5.68123947
0.263443851 -5.66839579
0.262403127 -5.6556027
0.261368942 -5.64285989
0.260341241 -5.63016704
0.259319969 -5.61752384
0.258305074 -5.60492999
0.257296501 -5.59238517
0.256294197 -5.57988909
0.255298111 -5.56744144
0.254308192 -5.55504193
0.253324386 -5.54269025
0.252346645 -5.53038612
0.251374918 -5.51812924
0.250409156 -5.50591932
0.249449309 -5.49375609
0.248495328 -5.48163924
0.247547167 -5.46956851
0.246604778 -5.45754361
0.245668112 -5.44556426
0.244737125 -5.43363019
0.243811769 -5.42174113
0.242891999 -5.40989681
0.241977771 -5.39809695
0.241069039 -5.38634129
0.240165758 -5.37462957
0.239267886 -5.36296153
0.238375379 -5.3513369
0.237488194 -5.33975543
0.236606289 -5.32821686
0.235729621 -5.31672093
0.234858149 -5.3052674
0.233991832 -5.29385602
0.233130629 -5.28248653
0.232274499 -5.2711587
0.231423403 -5.25987227
0.2305773 -5.24862701
0.229736153 -5.23742267
0.228899921 -5.22625903
0.228068567 -5.21513583
0.227242052 -5.20405284
0.226420339 -5.19300984
0.22560339 -5.1820066
0.224791169 -5.17104287
0.223983639 -5.16011844
0.223180764 -5.14923308
0.222382507 -5.13838657
0.221588834 -5.12757867
0.220799708 -5.11680919
0.220015096 -5.10607788
0.219234963 -5.09538454
0.218459274 -5.08472895
0.217687996 -5.0741109
0.216921095 -5.06353017
0.216158538 -5.05298656
0.215400293 -5.04247985
0.214646325 -5.03200984
0.213896604 -5.02157632
0.213151098 -5.01117909
0.212409773 -5.00081794
0.211672601 -4.99049267
0.210939548 -4.98020309
0.210210585 -4.96994899
0.209485681 -4.95973017
0.208764805 -4.94954645
0.208047929 -4.93939763
0.207335022 -4.92928351
0.206626054 -4.9192039
0.205920998 -4.90915862
0.205219823 -4.89914747
0.204522502 -4.88917027
0.203829006 -4.87922683
0.203139307 -4.86931697
0.202453378 -4.85944051
0.20177119 -4.84959726
0.201092717 -4.83978704
0.200417931 -4.83000968
0.199746807 -4.820265
0.199079317 -4.81055281
0.198415434 -4.80087295
0.197755134 -4.79122525
0.19709839 -4.78160952
0.196445177 -4.77202559
0.195795469 -4.76247331
0.195149241 -4.75295249
0.194506469 -4.74346297
0.193867127 -4.73400459
0.193231192 -4.72457717
0.192598639 -4.71518056
0.191969443 -4.70581459
0.191343582 -4.69647909
0.190721032 -4.68717392
0.190101769 -4.6778989
0.18948577 -4.66865388
0.188873013 -4.65943871
0.188263474 -4.65025322
0.18765713 -4.64109727
0.187053961 -4.63197068
0.186453943 -4.62287333
0.185857054 -4.61380504
0.185263273 -4.60476568
0.184672578 -4.59575508
0.184084948 -4.58677311
0.183500362 -4.57781962
0.182918798 -4.56889444
0.182340236 -4.55999746
0.181764654 -4.5511285
0.181192034 -4.54228744
0.180622354 -4.53347413
0.180055594 -4.52468843
0.179491734 -4.5159302
0.178930754 -4.50719929
0.178372636 -4.49849557
0.177817358 -4.4898189
0.177264903 -4.48116914
0.176715251 -4.47254616
0.176168383 -4.46394982
0.175624281 -4.45537999
0.175082925 -4.44683653
0.174544297 -4.43831931
0.174008379 -4.4298282
0.173475153 -4.42136307
0.1729446 -4.41292379
0.172416704 -4.40451022
0.171891445 -4.39612225
0.171368807 -4.38775974
0.170848773 -4.37942257
0.170331324 -4.37111061
0.169816444 -4.36282374
0.169304116 -4.35456183
0.168794323 -4.34632476
0.168287048 -4.33811241
0.167782276 -4.32992465
0.167279988 -4.32176136
0.166780169 -4.31362243
0.166282804 -4.30550774
0.165787875 -4.29741716
0.165295367 -4.28935058
0.164805265 -4.28130788
0.164317552 -4.27328895
0.163832213 -4.26529367
0.163349233 -4.25732193
0.162868597 -4.24937361
0.162390289 -4.24144859
0.161914294 -4.23354677
0.161440598 -4.22566804
0.160969186 -4.21781228
0.160500042 -4.20997938
0.160033153 -4.20216924
0.159568505 -4.19438174
0.159106082 -4.18661678
0.158645871 -4.17887424
0.158187858 -4.17115403
0.157732028 -4.16345603
0.157278368 -4.15578014
0.156826865 -4.14812626
0.156377504 -4.14049428
0.155930271 -4.13288409
0.155485155 -4.1252956
0.155042141 -4.11772871
0.154601216 -4.1101833
0.154162367 -4.10265928
0.153725581 -4.09515655
0.153290845 -4.08767502
0.152858146 -4.08021457
0.152427473 -4.07277511
0.151998811 -4.06535655
0.151572149 -4.05795878
0.151147475 -4.05058172
0.150724775 -4.04322526
0.150304038 -4.03588931
0.149885252 -4.02857377
0.149468404 -4.02127855
0.149053483 -4.01400355
0.148640477 -4.00674869
0.148229375 -3.99951387
0.147820164 -3.992299
0.147412832 -3.98510398
0.14700737 -3.97792873
0.146603765 -3.97077315
0.146202005 -3.96363716
0.14580208 -3.95652066
0.145403979 -3.94942358
0.145007691 -3.94234581
0.144613204 -3.93528727
0.144220508 -3.92824788
0.143829591 -3.92122754
0.143440444 -3.91422618
0.143053056 -3.9072437
0.142667416 -3.90028002
0.142283513 -3.89333506
0.141901338 -3.88640873
0.14152088 -3.87950095
0.141142128 -3.87261164
0.140765074 -3.86574071
0.140389705 -3.85888808
0.140016014 -3.85205367
0.139643988 -3.8452374
0.13927362 -3.83843918
0.138904899 -3.83165894
0.138537815 -3.82489661
0.138172358 -3.81815208
0.13780852 -3.8114253
0.13744629 -3.80471619
0.13708566 -3.79802465
0.136726619 -3.79135062
0.136369159 -3.78469402
0.136013271 -3.77805478
0.135658944 -3.77143281
0.135306171 -3.76482804
0.134954942 -3.7582404
0.134605248 -3.7516698
0.13425708 -3.74511619
0.13391043 -3.73857948
0.133565289 -3.7320596
0.133221647 -3.72555648
0.132879497 -3.71907004
0.13253883 -3.71260021
0.132199638 -3.70614692
0.131861911 -3.6997101
0.131525642 -3.69328968
0.131190822 -3.68688559
0.130857442 -3.68049775
0.130525496 -3.6741261
0.130194975 -3.66777057
0.129865869 -3.66143109
0.129538173 -3.65510759
0.129211877 -3.6488
0.128886974 -3.64250825
0.128563455 -3.63623228
0.128241313 -3.62997203
0.127920541 -3.62372741
0.12760113 -3.61749837
0.127283073 -3.61128485
0.126966363 -3.60508677
0.126650991 -3.59890407
0.126336951 -3.59273668
0.126024234 -3.58658455
0.125712834 -3.5804476
0.125402744 -3.57432578
0.125093955 -3.56821901
0.124786461 -3.56212725
0.124480255 -3.55605041
0.124175329 -3.54998845
0.123871676 -3.5439413
0.12356929 -3.5379089
0.123268163 -3.53189118
0.122968289 -3.52588809
0.122669661 -3.51989956
0.122372271 -3.51392554
0.122076113 -3.50796597
0.121781181 -3.50202077
0.121487467 -3.49608991
0.121194965 -3.49017331
0.120903668 -3.48427092
0.12061357 -3.47838268
0.120324665 -3.47250853
0.120036945 -3.46664841
0.119750405 -3.46080227
0.119465038 -3.45497005
0.119180838 -3.44915169
0.118897798 -3.44334714
0.118615913 -3.43755633
0.118335175 -3.43177922
0.118055579 -3.42601575
0.117777119 -3.42026586
0.117499789 -3.4145295
0.117223582 -3.40880661
0.116948493 -3.40309714
0.116674516 -3.39740103
0.116401644 -3.39171824
0.116129873 -3.3860487
0.115859195 -3.38039237
0.115589606 -3.37474918
0.115321099 -3.3691191
0.115053669 -3.36350206
0.11478731 -3.35789801
0.114522016 -3.3523069
0.114257783 -3.34672868
0.113994603 -3.34116331
0.113732473 -3.33561072
0.113471386 -3.33007086
0.113211336 -3.32454369
0.112952319 -3.31902916
0.112694329 -3.31352721
0.112437361 -3.3080378
0.112181408 -3.30256087
0.111926467 -3.29709638
0.111672532 -3.29164428
0.111419598 -3.28620452
0.111167658 -3.28077705
0.110916709 -3.27536182
0.110666746 -3.26995879
0.110417762 -3.2645679
0.110169753 -3.25918911
0.109922714 -3.25382238
0.109676641 -3.24846765
0.109431527 -3.24312487
0.109187369 -3.23779401
0.108944161 -3.23247501
0.108701898 -3.22716784
0.108460576 -3.22187243
0.10822019 -3.21658876
0.107980735 -3.21131676
0.107742206 -3.20605641
0.107504599 -3.20080765
0.107267909 -3.19557043
0.107032131 -3.19034472
0.106797261 -3.18513046
0.106563294 -3.17992762
0.106330226 -3.17473616
0.106098052 -3.16955602
0.105866767 -3.16438716
0.105636367 -3.15922955
0.105406849 -3.15408313
0.105178206 -3.14894787
0.104950435 -3.14382372
0.104723532 -3.13871064
0.104497492 -3.1336086
0.104272311 -3.12851753
0.104047985 -3.12343742
0.103824509 -3.11836821
0.103601879 -3.11330986
0.103380091 -3.10826233
0.103159141 -3.10322558
0.102939025 -3.09819957
0.102719738 -3.09318426
0.102501277 -3.08817961
0.102283637 -3.08318558
0.102066814 -3.07820213
0.101850805 -3.07322922
0.101635606 -3.06826681
0.101421211 -3.06331486
0.101207618 -3.05837334
0.100994823 -3.05344219
0.100782822 -3.04852139
0.10057161 -3.0436109
0.100361184 -3.03871067
0.10015154 -3.03382068
0.0999426751 -3.02894087
0.0997345844 -3.02407122
0.0995272646 -3.01921169
0.0993207118 -3.01436223
0.0991149224 -3.00952282
0.0989098928 -3.00469341
0.0987056192 -2.99987397
0.0985020981 -2.99506446
0.0982993258 -2.99026484
0.0980972987 -2.98547509
0.0978960133 -2.98069515
0.0976954659 -2.975925
0.0974956532 -2.97116461
0.0972965715 -2.96641392
0.0970982174 -2.96167292
0.0969005874 -2.95694156
0.0967036781 -2.95221981
0.0965074861 -2.94750763
0.0963120079 -2.94280499
0.0961172402 -2.93811185
0.0959231796 -2.93342819
0.0957298228 -2.92875396
0.0955371664 -2.92408913
0.0953452072 -2.91943367
0.0951539419 -2.91478755
0.0949633671 -2.91015072
0.0947734798 -2.90552316
0.0945842765 -2.90090484
0.0943957542 -2.89629571
0.0942079097 -2.89169575
0.0940207397 -2.88710493
0.0938342412 -2.8825232
0.0936484109 -2.87795055
0.0934632459 -2.87338693
0.093278743 -2.86883231
0.0930948991 -2.86428667
0.0929117111 -2.85974997
0.0927291761 -2.85522217
0.092547291 -2.85070325
0.0923660529 -2.84619318
0.0921854586 -2.84169192
0.0920055053 -2.83719944
0.09182619 -2.83271571
0.0916475098 -2.82824071
0.0914694617 -2.82377439
0.0912920429 -2.81931673
0.0911152505 -2.8148677
0.0909390815 -2.81042726
0.0907635333 -2.8059954
0.0905886028 -2.80157207
0.0904142874 -2.79715725
0.0902405841 -2.7927509
0.0900674903 -2.78835301
0.0898950031 -2.78396353
0.0897231199 -2.77958244
0.0895518378 -2.77520971
0.0893811541 -2.77084531
0.0892110662 -2.76648921
0.0890415714 -2.76214139
0.0888726669 -2.7578018
0.0887043501 -2.75347043
0.0885366184 -2.74914725
0.0883694691 -2.74483223
0.0882028997 -2.74052534
0.0880369075 -2.73622654
0.08787149 -2.73193582
0.0877066445 -2.72765315
0.0875423685 -2.72337849
0.0873786596 -2.71911183
0.0872155151 -2.71485312
0.0870529325 -2.71060236
0.0868909093 -2.7063595
0.0867294432 -2.70212452
0.0865685315 -2.69789739
0.0864081718 -2.69367809
0.0862483618 -2.68946659
0.0860890989 -2.68526287
0.0859303808 -2.68106689
0.085772205 -2.67687863
0.0856145691 -2.67269806
0.0854574709 -2.66852517
0.0853009079 -2.66435991
0.0851448777 -2.66020227
0.0849893781 -2.65605222
0.0848344067 -2.65190974
0.0846799612 -2.64777479
0.0845260393 -2.64364735
0.0843726388 -2.63952741
0.0842197573 -2.63541492
0.0840673926 -2.63130987
0.0839155425 -2.62721224
0.0837642047 -2.62312199
0.0836133769 -2.6190391
0.0834630571 -2.61496355
0.0833132429 -2.61089531
0.0831639323 -2.60683436
0.083015123 -2.60278068
0.0828668129 -2.59873423
0.0827189997 -2.594695
0.0825716815 -2.59066295
0.082424856 -2.58663808
0.0822785212 -2.58262035
END
