SIMP
NP=4096
SW=20000
TYPE=SPE
DATA
0.0770398207 -2.4400494
0.0769114868 -2.43629365
0.0767835644 -2.43254413
0.0766560517 -2.42880084
0.0765289471 -2.42506376
0.0764022489 -2.42133286
0.0762759555 -2.41760812
0.0761500653 -2.41388953
0.0760245766 -2.41017707
0.0758994878 -2.40647072
0.0757747972 -2.40277045
0.0756505034 -2.39907625
0.0755266046 -2.39538809
0.0754030993 -2.39170597
0.0752799859 -2.38802986
0.0751572628 -2.38435974
0.0750349286 -2.38069559
0.0749129815 -2.37703739
0.0747914201 -2.37338513
0.0746702428 -2.36973878
0.0745494482 -2.36609833
0.0744290346 -2.36246376
0.0743090005 -2.35883505
0.0741893445 -2.35521218
0.074070065 -2.35159513
0.0739511606 -2.34798389
0.0738326298 -2.34437844
0.073714471 -2.34077875
0.0735966828 -2.33718482
0.0734792638 -2.33359661
0.0733622124 -2.33001412
0.0732455273 -2.32643733
0.073129207 -2.32286622
0.07301325 -2.31930077
0.072897655 -2.31574096
0.0727824205 -2.31218677
0.072667545 -2.3086382
0.0725530273 -2.30509521
0.0724388659 -2.3015578
0.0723250593 -2.29802595
0.0722116063 -2.29449963
0.0720985054 -2.29097884
0.0719857553 -2.28746355
0.0718733545 -2.28395375
0.0717613018 -2.28044942
0.0716495958 -2.27695054
0.0715382351 -2.2734571
0.0714272185 -2.26996908
0.0713165445 -2.26648646
0.0712062118 -2.26300923
0.0710962192 -2.25953737
0.0709865653 -2.25607086
0.0708772488 -2.25260969
0.0707682685 -2.24915384
0.0706596229 -2.24570329
0.0705513109 -2.24225804
0.0704433312 -2.23881805
0.0703356824 -2.23538332
0.0702283633 -2.23195383
0.0701213727 -2.22852956
0.0700147093 -2.2251105
0.0699083718 -2.22169664
0.0698023591 -2.21828794
0.0696966698 -2.21488441
0.0695913028 -2.21148603
0.0694862567 -2.20809277
0.0693815305 -2.20470462
0.0692771229 -2.20132157
0.0691730326 -2.19794361
0.0690692585 -2.19457071
0.0689657994 -2.19120286
0.0688626541 -2.18784005
0.0687598214 -2.18448226
0.0686573001 -2.18112947
0.0685550891 -2.17778168
0.0684531872 -2.17443886
0.0683515932 -2.171101
0.068250306 -2.16776808
0.0681493244 -2.1644401
0.0680486473 -2.16111703
0.0679482735 -2.15779886
0.067848202 -2.15448558
0.0677484315 -2.15117717
0.067648961 -2.14787361
0.0675497893 -2.1445749
0.0674509154 -2.14128102
0.0673523381 -2.13799194
0.0672540563 -2.13470767
0.067156069 -2.13142818
0.067058375 -2.12815346
0.0669609732 -2.1248835
0.0668638626 -2.12161828
0.0667670421 -2.11835778
0.0666705107 -2.115102
0.0665742672 -2.11185092
0.0664783106 -2.10860452
0.0663826399 -2.1053628
0.0662872539 -2.10212573
0.0661921518 -2.09889331
0.0660973323 -2.09566551
0.0660027945 -2.09244233
0.0659085374 -2.08922375
0.0658145599 -2.08600977
0.0657208609 -2.08280035
0.0656274396 -2.0795955
0.0655342949 -2.0763952
0.0654414257 -2.07319943
0.0653488311 -2.07000818
0.0652565101 -2.06682144
0.0651644616 -2.06363919
0.0650726848 -2.06046143
0.0649811786 -2.05728813
0.064889942 -2.05411929
0.064798974 -2.05095489
0.0647082738 -2.04779491
0.0646178402 -2.04463936
0.0645276725 -2.0414882
0.0644377695 -2.03834144
0.0643481304 -2.03519905
0.0642587543 -2.03206103
0.0641696401 -2.02892736
0.0640807869 -2.02579803
0.0639921938 -2.02267302
0.0639038599 -2.01955232
0.0638157842 -2.01643593
0.0637279659 -2.01332382
0.063640404 -2.01021599
0.0635530976 -2.00711243
0.0634660457 -2.00401311
0.0633792476 -2.00091803
0.0632927022 -1.99782718
0.0632064087 -1.99474054
0.0631203662 -1.9916581
0.0630345738 -1.98857985
0.0629490307 -1.98550578
0.0628637359 -1.98243588
0.0627786885 -1.97937012
0.0626938878 -1.97630851
0.0626093328 -1.97325103
0.0625250227 -1.97019766
0.0624409565 -1.9671484
0.0623571336 -1.96410323
0.0622735529 -1.96106214
0.0621902137 -1.95802512
0.0621071151 -1.95499216
0.0620242563 -1.95196324
0.0619416364 -1.94893836
0.0618592546 -1.9459175
0.0617771101 -1.94290065
0.061695202 -1.93988781
0.0616135296 -1.93687895
0.061532092 -1.93387406
0.0614508884 -1.93087315
0.0613699179 -1.92787618
0.0612891799 -1.92488316
0.0612086734 -1.92189407
0.0611283977 -1.9189089
0.061048352 -1.91592764
0.0609685355 -1.91295027
0.0608889474 -1.9099768
0.0608095869 -1.90700719
0.0607304532 -1.90404145
0.0606515456 -1.90107957
0.0605728633 -1.89812152
0.0604944055 -1.89516731
0.0604161714 -1.89221692
0.0603381603 -1.88927034
0.0602603715 -1.88632755
0.0601828041 -1.88338856
0.0601054574 -1.88045334
0.0600283307 -1.87752188
0.0599514232 -1.87459419
0.0598747341 -1.87167023
0.0597982628 -1.86875002
0.0597220085 -1.86583352
0.0596459704 -1.86292074
0.0595701479 -1.86001166
0.0594945401 -1.85710627
0.0594191465 -1.85420457
0.0593439661 -1.85130653
0.0592689984 -1.84841216
0.0591942427 -1.84552143
0.0591196981 -1.84263435
0.059045364 -1.8397509
0.0589712398 -1.83687106
0.0588973246 -1.83399484
0.0588236178 -1.83112222
0.0587501187 -1.82825318
0.0586768266 -1.82538772
0.0586037409 -1.82252584
0.0585308607 -1.81966751
0.0584581855 -1.81681273
0.0583857146 -1.81396149
0.0583134472 -1.81111378
0.0582413827 -1.80826958
0.0581695205 -1.8054289
0.0580978598 -1.80259172
0.0580264001 -1.79975802
0.0579551406 -1.79692781
0.0578840806 -1.79410106
0.0578132196 -1.79127778
0.0577425568 -1.78845794
0.0576720917 -1.78564155
0.0576018235 -1.78282859
0.0575317516 -1.78001905
0.0574618754 -1.77721293
0.0573921942 -1.7744102
0.0573227074 -1.77161087
0.0572534144 -1.76881492
0.0571843145 -1.76602235
0.0571154071 -1.76323314
0.0570466915 -1.76044729
0.0569781672 -1.75766479
0.0569098335 -1.75488562
0.0568416899 -1.75210978
0.0567737356 -1.74933726
0.0567059701 -1.74656804
0.0566383927 -1.74380213
0.0565710029 -1.74103951
0.0565038001 -1.73828017
0.0564367835 -1.7355241
0.0563699528 -1.7327713
0.0563033072 -1.73002175
0.0562368461 -1.72727545
0.056170569 -1.72453238
0.0561044752 -1.72179254
0.0560385643 -1.71905592
0.0559728355 -1.71632251
0.0559072883 -1.7135923
0.0558419222 -1.71086528
0.0557767365 -1.70814145
0.0557117307 -1.70542079
0.0556469042 -1.7027033
0.0555822564 -1.69998896
0.0555177868 -1.69727777
0.0554534948 -1.69456973
0.0553893798 -1.69186481
0.0553254413 -1.68916301
0.0552616787 -1.68646433
0.0551980914 -1.68376876
0.055134679 -1.68107628
0.0550714408 -1.67838689
0.0550083763 -1.67570058
0.054945485 -1.67301734
0.0548827662 -1.67033716
0.0548202196 -1.66766004
0.0547578445 -1.66498597
0.0546956403 -1.66231493
0.0546336066 -1.65964692
0.0545717429 -1.65698193
0.0545100485 -1.65431996
0.054448523 -1.65166099
0.0543871658 -1.64900502
0.0543259764 -1.64635203
0.0542649544 -1.64370203
0.054204099 -1.641055
0.05414341 -1.63841093
0.0540828866 -1.63576981
0.0540225285 -1.63313165
0.0539623351 -1.63049642
0.0539023059 -1.62786413
0.0538424403 -1.62523476
0.053782738 -1.62260831
0.0537231983 -1.61998476
0.0536638208 -1.61736411
0.053604605 -1.61474636
0.0535455504 -1.61213149
0.0534866565 -1.60951949
0.0534279228 -1.60691037
0.0533693487 -1.6043041
0.0533109339 -1.60170069
0.0532526778 -1.59910012
0.05319458 -1.59650239
0.0531366399 -1.59390749
0.0530788572 -1.59131541
0.0530212312 -1.58872614
0.0529637615 -1.58613969
0.0529064477 -1.58355603
0.0528492893 -1.58097516
0.0527922857 -1.57839708
0.0527354366 -1.57582177
0.0526787415 -1.57324923
0.0526221999 -1.57067946
0.0525658114 -1.56811243
0.0525095754 -1.56554816
0.0524534915 -1.56298662
0.0523975593 -1.56042782
0.0523417783 -1.55787174
0.0522861481 -1.55531837
0.0522306681 -1.55276772
0.0521753381 -1.55021976
0.0521201574 -1.54767451
0.0520651257 -1.54513194
0.0520102425 -1.54259205
0.0519555073 -1.54005483
0.0519009198 -1.53752028
0.0518464795 -1.53498839
0.0517921859 -1.53245915
0.0517380387 -1.52993256
0.0516840373 -1.5274086
0.0516301814 -1.52488727
0.0515764705 -1.52236857
0.0515229041 -1.51985248
0.051469482 -1.517339
0.0514162036 -1.51482812
0.0513630685 -1.51231984
0.0513100763 -1.50981415
0.0512572265 -1.50731104
0.0512045188 -1.5048105
0.0511519528 -1.50231253
0.051099528 -1.49981712
0.051047244 -1.49732426
0.0509951003 -1.49483395
0.0509430967 -1.49234618
0.0508912326 -1.48986094
0.0508395077 -1.48737823
0.0507879216 -1.48489804
0.0507364739 -1.48242036
0.0506851641 -1.47994519
0.0506339918 -1.47747251
0.0505829567 -1.47500233
0.0505320584 -1.47253464
0.0504812965 -1.47006942
0.0504306705 -1.46760668
0.0503801801 -1.4651464
0.0503298249 -1.46268858
0.0502796045 -1.46023322
0.0502295185 -1.4577803
0.0501795665 -1.45532982
0.0501297482 -1.45288177
0.0500800632 -1.45043615
0.050030511 -1.44799295
0.0499810913 -1.44555217
0.0499318037 -1.44311379
0.0498826479 -1.44067781
0.0498336234 -1.43824423
0.0497847299 -1.43581303
0.0497359671 -1.43338422
0.0496873345 -1.43095778
0.0496388318 -1.42853371
0.0495904585 -1.42611201
0.0495422145 -1.42369266
0.0494940992 -1.42127566
0.0494461123 -1.418861
0.0493982535 -1.41644868
0.0493505223 -1.4140387
0.0493029185 -1.41163103
0.0492554417 -1.40922569
0.0492080915 -1.40682266
0.0491608675 -1.40442193
0.0491137694 -1.40202351
0.0490667969 -1.39962738
0.0490199496 -1.39723354
0.0489732272 -1.39484198
0.0489266292 -1.3924527
0.0488801554 -1.39006568
0.0488338055 -1.38768093
0.048787579 -1.38529844
0.0487414756 -1.3829182
0.048695495 -1.3805402
0.0486496368 -1.37816445
0.0486039008 -1.37579093
0.0485582865 -1.37341964
0.0485127936 -1.37105057
0.0484674218 -1.36868371
0.0484221708 -1.36631907
0.0483770402 -1.36395663
0.0483320297 -1.36159638
0.048287139 -1.35923833
0.0482423677 -1.35688247
0.0481977155 -1.35452879
0.0481531821 -1.35217728
0.0481087672 -1.34982795
0.0480644704 -1.34748077
0.0480202914 -1.34513576
0.0479762299 -1.3427929
0.0479322856 -1.34045218
0.0478884581 -1.3381136
0.0478447472 -1.33577716
0.0478011525 -1.33344285
0.0477576737 -1.33111066
0.0477143105 -1.32878059
0.0476710625 -1.32645263
0.0476279296 -1.32412678
0.0475849113 -1.32180303
0.0475420073 -1.31948138
0.0474992174 -1.31716181
0.0474565412 -1.31484433
0.0474139785 -1.31252893
0.0473715288 -1.31021561
0.047329192 -1.30790435
0.0472869678 -1.30559515
0.0472448557 -1.30328801
0.0472028556 -1.30098292
0.0471609671 -1.29867988
0.0471191899 -1.29637888
0.0470775237 -1.29407991
0.0470359683 -1.29178297
0.0469945233 -1.28948806
0.0469531885 -1.28719516
0.0469119635 -1.28490428
0.0468708481 -1.28261541
0.046829842 -1.28032854
0.0467889448 -1.27804367
0.0467481564 -1.27576079
0.0467074764 -1.2734799
0.0466669045 -1.27120099
0.0466264404 -1.26892406
0.046586084 -1.2666491
0.0465458348 -1.2643761
0.0465056926 -1.26210506
0.0464656571 -1.25983598
0.0464257281 -1.25756885
0.0463859053 -1.25530367
0.0463461883 -1.25304043
0.046306577 -1.25077912
0.046267071 -1.24851974
0.04622767 -1.24626228
0.0461883739 -1.24400674
0.0461491823 -1.24175312
0.046110095 -1.23950141
0.0460711116 -1.2372516
0.046032232 -1.23500369
0.0459934558 -1.23275768
0.0459547828 -1.23051355
0.0459162127 -1.22827131
0.0458777453 -1.22603095
0.0458393802 -1.22379246
0.0458011173 -1.22155584
0.0457629563 -1.21932108
0.0457248969 -1.21708819
0.0456869388 -1.21485714
0.0456490819 -1.21262795
0.0456113257 -1.2104006
0.0455736702 -1.20817509
0.045536115 -1.20595142
0.0454986598 -1.20372957
0.0454613045 -1.20150955
0.0454240487 -1.19929135
0.0453868923 -1.19707496
0.0453498349 -1.19486038
0.0453128764 -1.19264761
0.0452760164 -1.19043664
0.0452392547 -1.18822747
0.0452025911 -1.18602009
0.0451660253 -1.18381449
0.0451295571 -1.18161067
0.0450931863 -1.17940863
0.0450569125 -1.17720837
0.0450207356 -1.17500986
0.0449846554 -1.17281313
0.0449486715 -1.17061815
0.0449127837 -1.16842492
0.0448769918 -1.16623344
0.0448412956 -1.16404371
0.0448056948 -1.16185571
0.0447701892 -1.15966945
0.0447347785 -1.15748492
0.0446994626 -1.15530211
0.0446642412 -1.15312102
0.044629114 -1.15094165
0.0445940808 -1.14876399
0.0445591414 -1.14658804
0.0445242956 -1.14441379
0.0444895431 -1.14224124
0.0444548837 -1.14007038
0.0444203172 -1.13790121
0.0443858434 -1.13573372
0.0443514619 -1.13356791
0.0443171727 -1.13140378
0.0442829755 -1.12924132
0.04424887 -1.12708052
0.044214856 -1.12492139
0.0441809334 -1.12276391
0.0441471018 -1.12060809
0.0441133612 -1.11845391
0.0440797111 -1.11630138
0.0440461516 -1.11415049
0.0440126822 -1.11200123
0.0439793029 -1.1098536
0.0439460133 -1.1077076
0.0439128133 -1.10556322
0.0438797027 -1.10342046
0.0438466812 -1.10127931
0.0438137486 -1.09913977
0.0437809048 -1.09700183
0.0437481495 -1.0948655
0.0437154825 -1.09273076
0.0436829035 -1.09059761
0.0436504125 -1.08846605
0.0436180092 -1.08633607
0.0435856933 -1.08420767
0.0435534647 -1.08208084
0.0435213231 -1.07995559
0.0434892684 -1.0778319
0.0434573004 -1.07570977
0.0434254188 -1.0735892
0.0433936234 -1.07147018
0.0433619141 -1.06935272
0.0433302906 -1.06723679
0.0432987528 -1.06512241
0.0432673005 -1.06300956
0.0432359333 -1.06089825
0.0432046513 -1.05878847
0.043173454 -1.0566802
0.0431423415 -1.05457346
0.0431113134 -1.05246824
0.0430803695 -1.05036452
0.0430495098 -1.04826232
0.0430187339 -1.04616161
0.0429880417 -1.04406241
0.042957433 -1.0419647
0.0429269076 -1.03986848
0.0428964653 -1.03777375
0.0428661059 -1.03568051
0.0428358293 -1.03358874
0.0428056352 -1.03149845
0.0427755235 -1.02940962
0.0427454939 -1.02732227
0.0427155464 -1.02523638
0.0426856806 -1.02315195
0.0426558964 -1.02106897
0.0426261937 -1.01898744
0.0425965722 -1.01690736
0.0425670318 -1.01482873
0.0425375722 -1.01275153
0.0425081934 -1.01067577
0.0424788951 -1.00860144
0.0424496771 -1.00652853
0.0424205393 -1.00445705
0.0423914814 -1.00238699
0.0423625034 -1.00031835
0.0423336049 -0.998251116
0.042304786 -0.996185291
0.0422760463 -0.994120871
0.0422473856 -0.99205785
0.042218804 -0.989996226
0.042190301 -0.987935994
0.0421618766 -0.985877151
0.0421335307 -0.983819693
0.0421052629 -0.981763615
0.0420770732 -0.979708915
0.0420489614 -0.977655589
0.0420209273 -0.975603631
0.0419929708 -0.97355304
0.0419650916 -0.971503811
0.0419372896 -0.96945594
0.0419095647 -0.967409423
0.0418819166 -0.965364257
0.0418543453 -0.963320439
0.0418268505 -0.961277963
0.041799432 -0.959236827
0.0417720898 -0.957197027
0.0417448236 -0.955158558
0.0417176333 -0.953121419
0.0416905187 -0.951085604
0.0416634796 -0.94905111
0.041636516 -0.947017933
0.0416096275 -0.94498607
0.0415828142 -0.942955517
0.0415560757 -0.94092627
0.041529412 -0.938898326
0.0415028229 -0.936871681
0.0414763083 -0.934846331
0.0414498679 -0.932822273
0.0414235016 -0.930799503
0.0413972093 -0.928778018
0.0413709908 -0.926757814
0.0413448459 -0.924738887
0.0413187745 -0.922721234
0.0412927765 -0.920704851
0.0412668517 -0.918689734
0.0412409999 -0.916675881
0.041215221 -0.914663287
0.0411895148 -0.912651949
0.0411638812 -0.910641863
0.04113832 -0.908633026
0.0411128311 -0.906625435
0.0410874143 -0.904619085
0.0410620695 -0.902613974
0.0410367965 -0.900610097
0.0410115952 -0.898607452
0.0409864655 -0.896606035
0.0409614071 -0.894605841
0.04093642 -0.892606869
0.0409115039 -0.890609114
0.0408866589 -0.888612573
0.0408618846 -0.886617242
0.040837181 -0.884623118
0.0408125479 -0.882630198
0.0407879851 -0.880638477
0.0407634926 -0.878647954
0.0407390702 -0.876658624
0.0407147177 -0.874670483
0.0406904351 -0.872683529
0.0406662221 -0.870697758
0.0406420786 -0.868713167
0.0406180045 -0.866729751
0.0405939997 -0.864747509
0.0405700639 -0.862766436
0.0405461971 -0.86078653
0.0405223992 -0.858807786
0.04049867 -0.856830201
0.0404750093 -0.854853772
0.040451417 -0.852878497
0.040427893 -0.85090437
0.0404044372 -0.84893139
0.0403810494 -0.846959552
0.0403577295 -0.844988854
0.0403344773 -0.843019292
0.0403112928 -0.841050862
0.0402881757 -0.839083562
0.040265126 -0.837117389
0.0402421435 -0.835152338
0.040219228 -0.833188407
0.0401963796 -0.831225592
0.040173598 -0.829263891
0.0401508831 -0.827303299
0.0401282347 -0.825343814
0.0401056528 -0.823385433
0.0400831372 -0.821428151
0.0400606878 -0.819471967
0.0400383044 -0.817516876
0.040015987 -0.815562875
0.0399937354 -0.813609962
0.0399715495 -0.811658133
0.0399494291 -0.809707385
0.0399273741 -0.807757714
0.0399053845 -0.805809118
0.03988346 -0.803861593
0.0398616006 -0.801915136
0.0398398062 -0.799969744
0.0398180765 -0.798025414
0.0397964116 -0.796082142
0.0397748112 -0.794139926
0.0397532752 -0.792198762
0.0397318036 -0.790258648
0.0397103962 -0.788319579
0.0396890529 -0.786381554
0.0396677735 -0.784444568
0.039646558 -0.782508619
0.0396254063 -0.780573703
0.0396043181 -0.778639818
0.0395832934 -0.77670696
0.0395623322 -0.774775126
0.0395414342 -0.772844314
0.0395205993 -0.770914519
0.0394998274 -0.76898574
0.0394791185 -0.767057972
0.0394584724 -0.765131214
0.0394378889 -0.763205461
0.0394173681 -0.761280711
0.0393969097 -0.75935696
0.0393765136 -0.757434207
0.0393561798 -0.755512447
0.0393359081 -0.753591677
0.0393156983 -0.751671895
0.0392955505 -0.749753098
0.0392754645 -0.747835282
0.0392554402 -0.745918444
0.0392354774 -0.744002582
0.0392155761 -0.742087693
0.0391957361 -0.740173773
0.0391759573 -0.73826082
0.0391562397 -0.73634883
0.0391365831 -0.7344378
0.0391169874 -0.732527729
0.0390974526 -0.730618611
0.0390779784 -0.728710446
0.0390585648 -0.726803229
0.0390392117 -0.724896958
0.039019919 -0.72299163
0.0390006865 -0.721087241
0.0389815142 -0.71918379
0.038962402 -0.717281272
0.0389433498 -0.715379685
0.0389243574 -0.713479027
0.0389054247 -0.711579294
0.0388865518 -0.709680483
0.0388677383 -0.707782591
0.0388489843 -0.705885616
0.0388302897 -0.703989554
0.0388116543 -0.702094403
0.038793078 -0.70020016
0.0387745608 -0.698306822
0.0387561026 -0.696414386
0.0387377031 -0.694522849
0.0387193625 -0.692632209
0.0387010804 -0.690742461
0.0386828569 -0.688853605
0.0386646919 -0.686965636
0.0386465852 -0.685078552
0.0386285368 -0.68319235
0.0386105465 -0.681307027
0.0385926143 -0.679422581
0.03857474 -0.677539008
0.0385569236 -0.675656305
0.038539165 -0.673774471
0.0385214641 -0.671893502
0.0385038207 -0.670013395
0.0384862349 -0.668134147
0.0384687064 -0.666255756
0.0384512352 -0.664378219
0.0384338212 -0.662501533
0.0384164644 -0.660625695
0.0383991645 -0.658750703
0.0383819216 -0.656876553
0.0383647356 -0.655003244
0.0383476062 -0.653130771
0.0383305336 -0.651259133
0.0383135175 -0.649388326
0.0382965578 -0.647518349
0.0382796546 -0.645649197
0.0382628076 -0.643780869
0.0382460169 -0.641913361
0.0382292822 -0.640046672
0.0382126036 -0.638180797
0.038195981 -0.636315735
0.0381794141 -0.634451483
0.0381629031 -0.632588037
0.0381464477 -0.630725396
0.0381300479 -0.628863556
0.0381137036 -0.627002516
0.0380974147 -0.625142271
0.0380811812 -0.62328282
0.0380650029 -0.621424159
0.0380488798 -0.619566287
0.0380328117 -0.617709199
0.0380167986 -0.615852895
0.0380008404 -0.61399737
0.0379849371 -0.612142623
0.0379690885 -0.61028865
0.0379532945 -0.60843545
0.0379375552 -0.606583018
0.0379218703 -0.604731354
0.0379062398 -0.602880453
0.0378906636 -0.601030313
0.0378751417 -0.599180933
0.037859674 -0.597332308
0.0378442603 -0.595484436
0.0378289007 -0.593637316
0.0378135949 -0.591790943
0.037798343 -0.589945316
0.0377831449 -0.588100432
0.0377680005 -0.586256288
0.0377529096 -0.584412882
0.0377378723 -0.582570211
0.0377228885 -0.580728272
0.037707958 -0.578887063
0.0376930808 -0.577046581
0.0376782568 -0.575206824
0.037663486 -0.573367789
0.0376487682 -0.571529473
0.0376341034 -0.569691874
0.0376194915 -0.567854989
0.0376049325 -0.566018816
0.0375904262 -0.564183352
0.0375759726 -0.562348594
0.0375615716 -0.560514541
0.0375472232 -0.558681189
0.0375329272 -0.556848535
0.0375186836 -0.555016578
0.0375044923 -0.553185315
0.0374903533 -0.551354743
0.0374762664 -0.549524859
0.0374622317 -0.547695662
0.0374482489 -0.545867148
0.0374343181 -0.544039315
0.0374204392 -0.54221216
0.0374066121 -0.540385682
0.0373928367 -0.538559877
0.0373791131 -0.536734742
0.037365441 -0.534910276
0.0373518204 -0.533086476
0.0373382513 -0.531263339
0.0373247336 -0.529440864
0.0373112672 -0.527619046
0.037297852 -0.525797884
0.037284488 -0.523977376
0.0372711752 -0.522157518
0.0372579134 -0.520338309
0.0372447026 -0.518519745
0.0372315426 -0.516701825
0.0372184336 -0.514884546
0.0372053753 -0.513067905
0.0371923677 -0.5112519
0.0371794108 -0.509436529
0.0371665044 -0.507621788
0.0371536486 -0.505807676
0.0371408432 -0.50399419
0.0371280882 -0.502181328
0.0371153835 -0.500369087
0.037102729 -0.498557464
0.0370901248 -0.496746458
0.0370775706 -0.494936065
0.0370650666 -0.493126284
0.0370526125 -0.491317112
0.0370402084 -0.489508546
0.0370278541 -0.487700584
0.0370155497 -0.485893224
0.037003295 -0.484086463
0.03699109 -0.482280299
0.0369789346 -0.480474729
0.0369668288 -0.478669751
0.0369547725 -0.476865362
0.0369427656 -0.47506156
0.0369308081 -0.473258344
0.0369189 -0.471455709
0.0369070411 -0.469653654
0.0368952314 -0.467852177
0.0368834708 -0.466051275
0.0368717593 -0.464250945
0.0368600969 -0.462451185
0.0368484834 -0.460651994
0.0368369188 -0.458853368
0.0368254031 -0.457055305
0.0368139362 -0.455257802
0.036802518 -0.453460859
0.0367911484 -0.451664471
0.0367798275 -0.449868636
0.0367685552 -0.448073353
0.0367573314 -0.446278618
0.036746156 -0.444484431
0.036735029 -0.442690787
0.0367239504 -0.440897685
0.03671292 -0.439105122
0.0367019379 -0.437313096
0.0366910039 -0.435521605
0.0366801181 -0.433730647
0.0366692803 -0.431940218
0.0366584906 -0.430150317
0.0366477488 -0.428360942
0.0366370549 -0.426572089
0.0366264088 -0.424783757
0.0366158106 -0.422995943
0.0366052601 -0.421208645
0.0365947573 -0.419421861
0.0365843021 -0.417635588
0.0365738946 -0.415849825
0.0365635345 -0.414064567
0.036553222 -0.412279815
0.0365429569 -0.410495564
0.0365327392 -0.408711813
0.0365225688 -0.406928559
0.0365124457 -0.405145801
0.0365023698 -0.403363535
0.0364923411 -0.40158176
0.0364823595 -0.399800472
0.0364724251 -0.398019671
0.0364625376 -0.396239354
0.0364526972 -0.394459517
0.0364429037 -0.39268016
0.036433157 -0.39090128
0.0364234573 -0.389122874
0.0364138043 -0.38734494
0.036404198 -0.385567476
0.0363946385 -0.383790479
0.0363851256 -0.382013948
0.0363756593 -0.38023788
0.0363662396 -0.378462273
0.0363568664 -0.376687124
0.0363475396 -0.374912431
0.0363382593 -0.373138192
0.0363290253 -0.371364405
0.0363198377 -0.369591068
0.0363106964 -0.367818178
0.0363016013 -0.366045732
0.0362925524 -0.364273729
0.0362835496 -0.362502167
0.036274593 -0.360731043
0.0362656824 -0.358960354
0.0362568178 -0.3571901
0.0362479992 -0.355420277
0.0362392265 -0.353650883
0.0362304998 -0.351881916
0.0362218188 -0.350113373
0.0362131837 -0.348345253
0.0362045943 -0.346577554
0.0361960507 -0.344810272
0.0361875527 -0.343043406
0.0361791004 -0.341276954
0.0361706937 -0.339510913
0.0361623325 -0.337745281
0.0361540168 -0.335980056
0.0361457466 -0.334215235
0.0361375218 -0.332450817
0.0361293425 -0.330686799
0.0361212085 -0.32892318
0.0361131197 -0.327159956
0.0361050763 -0.325397125
0.0360970781 -0.323634686
0.0360891251 -0.321872636
0.0360812172 -0.320110974
0.0360733545 -0.318349695
0.0360655369 -0.3165888
0.0360577642 -0.314828285
0.0360500366 -0.313068148
0.036042354 -0.311308387
0.0360347163 -0.309548999
0.0360271235 -0.307789984
0.0360195755 -0.306031337
0.0360120724 -0.304273058
0.036004614 -0.302515144
0.0359972004 -0.300757593
0.0359898315 -0.299000402
0.0359825072 -0.29724357
0.0359752276 -0.295487094
0.0359679926 -0.293730973
0.0359608022 -0.291975203
0.0359536563 -0.290219783
0.0359465549 -0.288464711
0.035939498 -0.286709984
0.0359324855 -0.2849556
0.0359255174 -0.283201558
0.0359185937 -0.281447854
0.0359117143 -0.279694487
0.0359048792 -0.277941455
0.0358980883 -0.276188755
0.0358913417 -0.274436385
0.0358846393 -0.272684344
0.035877981 -0.270932628
0.0358713669 -0.269181237
0.0358647969 -0.267430167
0.035858271 -0.265679416
0.0358517891 -0.263928983
0.0358453512 -0.262178865
0.0358389572 -0.26042906
0.0358326073 -0.258679566
0.0358263012 -0.256930381
0.035820039 -0.255181503
0.0358138207 -0.253432929
0.0358076462 -0.251684657
0.0358015155 -0.249936685
0.0357954286 -0.248189012
0.0357893854 -0.246441635
0.0357833859 -0.244694551
0.0357774301 -0.242947759
0.0357715179 -0.241201257
0.0357656494 -0.239455042
0.0357598244 -0.237709112
0.035754043 -0.235963466
0.0357483052 -0.2342181
0.0357426108 -0.232473014
0.03573696 -0.230728204
0.0357313526 -0.228983669
0.0357257886 -0.227239406
0.0357202681 -0.225495414
0.0357147909 -0.22375169
0.035709357 -0.222008233
0.0357039665 -0.220265039
0.0356986193 -0.218522108
0.0356933153 -0.216779436
0.0356880546 -0.215037022
0.0356828372 -0.213294864
0.0356776629 -0.21155296
0.0356725318 -0.209811306
0.0356674438 -0.208069902
0.035662399 -0.206328746
0.0356573972 -0.204587834
0.0356524386 -0.202847165
0.035647523 -0.201106738
0.0356426504 -0.199366549
0.0356378208 -0.197626597
0.0356330342 -0.195886879
0.0356282905 -0.194147394
0.0356235898 -0.19240814
0.035618932 -0.190669113
0.0356143171 -0.188930313
0.0356097451 -0.187191737
0.0356052159 -0.185453383
0.0356007296 -0.18371525
0.035596286 -0.181977333
0.0355918852 -0.180239633
0.0355875272 -0.178502147
0.035583212 -0.176764872
0.0355789394 -0.175027806
0.0355747096 -0.173290948
0.0355705224 -0.171554296
0.0355663779 -0.169817846
0.0355622761 -0.168081598
0.0355582168 -0.166345549
0.0355542002 -0.164609697
0.0355502261 -0.16287404
0.0355462946 -0.161138576
0.0355424057 -0.159403302
0.0355385593 -0.157668218
0.0355347554 -0.15593332
0.0355309939 -0.154198606
0.035527275 -0.152464075
0.0355235985 -0.150729725
0.0355199644 -0.148995553
0.0355163728 -0.147261557
0.0355128236 -0.145527735
0.0355093167 -0.143794086
0.0355058523 -0.142060607
0.0355024301 -0.140327295
0.0354990504 -0.13859415
0.0354957129 -0.136861168
0.0354924177 -0.135128349
0.0354891649 -0.133395689
0.0354859543 -0.131663186
0.035482786 -0.12993084
0.0354796599 -0.128198647
0.035476576 -0.126466605
0.0354735344 -0.124734713
0.0354705349 -0.123002968
0.0354675776 -0.121271369
0.0354646626 -0.119539913
0.0354617896 -0.117808598
0.0354589588 -0.116077422
0.0354561702 -0.114346384
0.0354534236 -0.11261548
0.0354507192 -0.11088471
0.0354480569 -0.10915407
0.0354454366 -0.107423559
0.0354428584 -0.105693175
0.0354403223 -0.103962916
0.0354378282 -0.10223278
0.0354353761 -0.100502764
0.0354329661 -0.0987728669
0.035430598 -0.0970430864
0.035428272 -0.0953134204
0.0354259879 -0.0935838668
0.0354237458 -0.0918544237
0.0354215457 -0.090125089
0.0354193876 -0.0883958606
0.0354172713 -0.0866667365
0.035415197 -0.0849377146
0.0354131647 -0.083208793
0.0354111742 -0.0814799694
0.0354092257 -0.079751242
0.035407319 -0.0780226087
0.0354054543 -0.0762940673
0.0354036314 -0.0745656159
0.0354018504 -0.0728372525
0.0354001112 -0.0711089749
0.0353984139 -0.0693807812
0.0353967585 -0.0676526693
0.0353951448 -0.0659246371
0.0353935731 -0.0641966827
0.0353920431 -0.0624688039
0.0353905549 -0.0607409987
0.0353891086 -0.0590132652
0.035387704 -0.0572856012
0.0353863413 -0.0555580048
0.0353850203 -0.0538304738
0.0353837411 -0.0521030062
0.0353825037 -0.0503756001
0.0353813081 -0.0486482533
0.0353801542 -0.0469209638
0.0353790421 -0.0451937296
0.0353779717 -0.0434665487
0.0353769431 -0.041739419
0.0353759562 -0.0400123384
0.0353750111 -0.038285305
0.0353741077 -0.0365583167
0.035373246 -0.0348313715
0.0353724261 -0.0331044672
0.0353716479 -0.031377602
0.0353709114 -0.0296507737
0.0353702166 -0.0279239804
0.0353695635 -0.0261972199
0.0353689521 -0.0244704903
0.0353683824 -0.0227437895
0.0353678545 -0.0210171155
0.0353673682 -0.0192904662
0.0353669237 -0.0175638396
0.0353665208 -0.0158372338
0.0353661596 -0.0141106465
0.0353658401 -0.0123840759
0.0353655623 -0.0106575198
0.0353653262 -0.00893097627
0.0353651318 -0.00720444324
0.0353649791 -0.00547791868
0.0353648681 -0.00375140056
0.0353647987 -0.00202488684
0.035364771 -0.000298375486
0.0353647851 0.00142813553
0.0353648408 0.00315464826
0.0353649381 0.00488116471
0.0353650772 0.00660768694
0.035365258 0.00833421697
0.0353654804 0.0100607568
0.0353657446 0.0117873086
0.0353660504 0.0135138742
0.0353663979 0.0152404558
0.0353667871 0.0169670554
0.0353672181 0.0186936749
0.0353676907 0.0204203166
0.035368205 0.0221469822
0.035368761 0.0238736741
0.0353693587 0.025600394
0.0353699981 0.0273271441
0.0353706793 0.0290539265
0.0353714021 0.0307807431
0.0353721667 0.032507596
0.035372973 0.0342344872
0.035373821 0.0359614188
0.0353747107 0.0376883928
0.0353756422 0.0394154112
0.0353766154 0.0411424761
0.0353776303 0.0428695895
0.035378687 0.0445967535
0.0353797855 0.04632397
0.0353809257 0.0480512411
0.0353821076 0.0497785689
0.0353833314 0.0515059554
0.0353845969 0.0532334026
0.0353859042 0.0549609126
0.0353872532 0.0566884874
0.0353886441 0.0584161291
0.0353900768 0.0601438396
0.0353915512 0.0618716211
0.0353930675 0.0635994755
0.0353946256 0.065327405
0.0353962255 0.0670554115
0.0353978673 0.068783497
0.0353995509 0.0705116638
0.0354012764 0.0722399136
0.0354030437 0.0739682488
0.0354048529 0.0756966711
0.0354067039 0.0774251828
0.0354085968 0.0791537858
0.0354105317 0.0808824822
0.0354125084 0.082611274
0.0354145271 0.0843401633
0.0354165876 0.0860691522
0.0354186901 0.0877982426
0.0354208345 0.0895274366
0.0354230209 0.0912567363
0.0354252493 0.0929861437
0.0354275196 0.0947156609
0.0354298319 0.0964452898
0.0354321862 0.0981750326
0.0354345825 0.0999048914
0.0354370208 0.101634868
0.0354395012 0.103364965
0.0354420235 0.105095183
0.035444588 0.106825526
0.0354471945 0.108555995
0.035449843 0.110286593
0.0354525337 0.11201732
0.0354552665 0.11374818
0.0354580413 0.115479174
0.0354608583 0.117210305
0.0354637175 0.118941574
0.0354666188 0.120672983
0.0354695622 0.122404536
0.0354725479 0.124136232
0.0354755757 0.125868076
0.0354786458 0.127600068
0.0354817581 0.129332212
0.0354849126 0.131064508
0.0354881093 0.132796959
0.0354913484 0.134529567
0.0354946297 0.136262334
0.0354979533 0.137995262
0.0355013193 0.139728354
0.0355047276 0.141461611
0.0355081782 0.143195035
0.0355116712 0.144928629
0.0355152065 0.146662394
0.0355187843 0.148396332
0.0355224045 0.150130446
0.0355260671 0.151864738
0.0355297722 0.15359921
0.0355335197 0.155333863
0.0355373097 0.157068701
0.0355411422 0.158803724
0.0355450173 0.160538935
0.0355489348 0.162274337
0.035552895 0.164009931
0.0355568977 0.165745719
0.035560943 0.167481703
0.0355650309 0.169217886
0.0355691615 0.170954269
0.0355733347 0.172690855
0.0355775506 0.174427645
0.0355818092 0.176164643
0.0355861105 0.177901849
0.0355904546 0.179639266
0.0355948414 0.181376896
0.0355992709 0.183114741
0.0356037433 0.184852804
0.0356082585 0.186591085
0.0356128165 0.188329588
0.0356174174 0.190068315
0.0356220612 0.191807267
0.0356267479 0.193546447
0.0356314775 0.195285856
0.0356362501 0.197025497
0.0356410656 0.198765372
0.0356459241 0.200505484
0.0356508257 0.202245833
0.0356557703 0.203986422
0.035660758 0.205727254
0.0356657887 0.207468331
0.0356708626 0.209209653
0.0356759796 0.210951225
0.0356811398 0.212693047
0.0356863432 0.214435122
0.0356915898 0.216177452
0.0356968796 0.217920039
0.0357022127 0.219662885
0.0357075891 0.221405993
0.0357130088 0.223149364
0.0357184718 0.224893
0.0357239782 0.226636904
0.035729528 0.228381078
0.0357351213 0.230125524
0.0357407579 0.231870244
0.0357464381 0.233615239
0.0357521617 0.235360513
0.0357579289 0.237106068
0.0357637396 0.238851905
0.0357695939 0.240598026
0.0357754919 0.242344434
0.0357814334 0.244091131
0.0357874187 0.245838119
0.0357934476 0.2475854
0.0357995203 0.249332977
0.0358056367 0.25108085
0.0358117969 0.252829024
0.035818001 0.254577499
0.0358242488 0.256326277
0.0358305406 0.258075362
0.0358368762 0.259824755
0.0358432558 0.261574458
0.0358496794 0.263324473
0.035856147 0.265074803
0.0358626585 0.266825449
0.0358692142 0.268576415
0.0358758139 0.270327701
0.0358824578 0.27207931
0.0358891458 0.273831245
0.035895878 0.275583507
0.0359026545 0.277336099
0.0359094751 0.279089022
0.0359163401 0.280842279
0.0359232494 0.282595873
0.035930203 0.284349804
0.0359372011 0.286104076
0.0359442435 0.287858691
0.0359513304 0.28961365
0.0359584618 0.291368956
0.0359656377 0.293124611
0.0359728582 0.294880617
0.0359801233 0.296636977
0.035987433 0.298393693
0.0359947873 0.300150766
0.0360021864 0.301908199
0.0360096302 0.303665994
0.0360171188 0.305424154
0.0360246521 0.30718268
0.0360322304 0.308941575
0.0360398535 0.31070084
0.0360475215 0.312460479
0.0360552345 0.314220493
0.0360629924 0.315980884
0.0360707954 0.317741655
0.0360786435 0.319502808
0.0360865366 0.321264345
0.036094475 0.323026268
0.0361024585 0.32478858
0.0361104872 0.326551282
0.0361185612 0.328314377
0.0361266805 0.330077868
0.0361348451 0.331841755
0.0361430551 0.333606042
0.0361513105 0.335370731
0.0361596114 0.337135824
0.0361679578 0.338901322
0.0361763497 0.34066723
0.0361847872 0.342433547
0.0361932703 0.344200278
0.0362017991 0.345967424
0.0362103736 0.347734986
0.0362189939 0.349502969
0.0362276599 0.351271373
0.0362363718 0.353040201
0.0362451296 0.354809455
0.0362539333 0.356579138
0.0362627829 0.358349252
0.0362716785 0.360119798
0.0362806202 0.36189078
0.036289608 0.363662199
0.0362986419 0.365434058
0.036307722 0.367206358
0.0363168483 0.368979103
0.0363260209 0.370752294
0.0363352399 0.372525934
0.0363445051 0.374300025
0.0363538168 0.376074569
0.0363631749 0.377849569
0.0363725796 0.379625027
0.0363820307 0.381400944
0.0363915285 0.383177324
0.0364010729 0.384954168
0.036410664 0.386731479
0.0364203018 0.38850926
0.0364299864 0.390287511
0.0364397179 0.392066237
0.0364494962 0.393845438
0.0364593214 0.395625118
0.0364691936 0.397405278
0.0364791128 0.399185921
0.0364890791 0.40096705
0.0364990925 0.402748665
0.0365091531 0.404530771
0.0365192609 0.406313368
0.0365294159 0.40809646
0.0365396183 0.409880049
0.0365498681 0.411664136
0.0365601653 0.413448725
0.0365705099 0.415233817
0.0365809021 0.417019416
0.0365913418 0.418805522
0.0366018292 0.420592139
0.0366123642 0.422379269
0.036622947 0.424166914
0.0366335776 0.425955077
0.036644256 0.42774376
0.0366549823 0.429532965
0.0366657565 0.431322694
0.0366765787 0.43311295
0.036687449 0.434903736
0.0366983674 0.436695053
0.0367093339 0.438486904
0.0367203487 0.440279291
0.0367314117 0.442072217
0.036742523 0.443865684
0.0367536827 0.445659694
0.0367648909 0.44745425
0.0367761476 0.449249354
0.0367874527 0.451045009
0.0367988065 0.452841216
0.036810209 0.454637979
0.0368216602 0.456435299
0.0368331601 0.458233179
0.0368447089 0.460031621
0.0368563066 0.461830628
0.0368679532 0.463630202
0.0368796489 0.465430345
0.0368913936 0.467231061
0.0369031874 0.469032351
0.0369150304 0.470834217
0.0369269227 0.472636662
0.0369388642 0.474439689
0.0369508551 0.4762433
0.0369628955 0.478047497
0.0369749853 0.479852283
0.0369871247 0.48165766
0.0369993137 0.48346363
0.0370115523 0.485270197
0.0370238407 0.487077361
0.0370361789 0.488885127
0.0370485669 0.490693496
0.0370610049 0.49250247
0.0370734928 0.494312053
0.0370860308 0.496122246
0.0370986189 0.497933052
0.0371112571 0.499744474
0.0371239456 0.501556513
0.0371366844 0.503369173
0.0371494735 0.505182455
0.0371623131 0.506996363
0.0371752032 0.508810899
0.0371881438 0.510626065
0.0372011351 0.512441863
0.0372141771 0.514258297
0.0372272698 0.516075368
0.0372404133 0.517893079
0.0372536077 0.519711433
0.0372668531 0.521530431
0.0372801495 0.523350078
0.037293497 0.525170374
0.0373068957 0.526991323
0.0373203456 0.528812927
0.0373338468 0.530635188
0.0373473994 0.53245811
0.0373610034 0.534281694
0.0373746589 0.536105943
0.037388366 0.537930859
0.0374021247 0.539756446
0.0374159352 0.541582705
0.0374297974 0.543409639
0.0374437115 0.545237251
0.0374576776 0.547065544
0.0374716956 0.548894518
0.0374857657 0.550724179
0.037499888 0.552554527
0.0375140625 0.554385565
0.0375282893 0.556217296
0.0375425684 0.558049723
0.0375569 0.559882847
0.0375712841 0.561716672
0.0375857208 0.563551201
0.0376002102 0.565386435
0.0376147523 0.567222377
0.0376293472 0.56905903
0.037643995 0.570896396
0.0376586957 0.572734479
0.0376734495 0.57457328
0.0376882565 0.576412802
0.0377031166 0.578253048
0.03771803 0.580094021
0.0377329967 0.581935722
0.0377480169 0.583778155
0.0377630905 0.585621322
0.0377782178 0.587465226
0.0377933987 0.589309869
0.0378086333 0.591155254
0.0378239218 0.593001384
0.0378392642 0.594848262
0.0378546605 0.596695889
0.0378701109 0.598544268
0.0378856155 0.600393403
0.0379011743 0.602243296
0.0379167873 0.604093949
0.0379324548 0.605945366
0.0379481767 0.607797548
0.0379639532 0.609650498
0.0379797843 0.61150422
0.0379956701 0.613358715
0.0380116107 0.615213987
0.0380276062 0.617070038
0.0380436567 0.618926871
0.0380597622 0.620784488
0.0380759229 0.622642892
0.0380921388 0.624502087
0.0381084099 0.626362073
0.0381247365 0.628222856
0.0381411185 0.630084436
0.0381575562 0.631946816
0.0381740494 0.63381
0.0381905984 0.635673991
0.0382072032 0.63753879
0.038223864 0.6394044
0.0382405807 0.641270825
0.0382573535 0.643138067
0.0382741825 0.645006128
0.0382910678 0.646875013
0.0383080094 0.648744722
0.0383250075 0.650615259
0.0383420621 0.652486627
0.0383591733 0.654358829
0.0383763413 0.656231867
0.0383935661 0.658105743
0.0384108477 0.659980462
0.0384281864 0.661856025
0.0384455822 0.663732436
0.0384630351 0.665609697
0.0384805453 0.667487811
0.0384981129 0.66936678
0.0385157379 0.671246608
0.0385334205 0.673127298
0.0385511607 0.675008851
0.0385689587 0.676891272
0.0385868145 0.678774562
0.0386047283 0.680658725
0.0386227 0.682543764
0.0386407299 0.684429681
0.0386588181 0.686316478
0.0386769645 0.68820416
0.0386951694 0.690092729
0.0387134328 0.691982187
0.0387317548 0.693872538
0.0387501356 0.695763784
0.0387685751 0.697655929
0.0387870736 0.699548974
0.038805631 0.701442924
0.0388242476 0.703337781
0.0388429234 0.705233547
0.0388616585 0.707130226
0.0388804531 0.70902782
0.0388993071 0.710926333
0.0389182208 0.712825767
0.0389371942 0.714726126
0.0389562275 0.716627412
0.0389753206 0.718529628
0.0389944738 0.720432777
0.0390136872 0.722336861
0.0390329607 0.724241885
0.0390522947 0.726147851
0.0390716891 0.728054761
0.039091144 0.729962619
0.0391106596 0.731871428
0.039130236 0.733781191
0.0391498733 0.73569191
0.0391695716 0.737603589
0.0391893309 0.73951623
0.0392091515 0.741429837
0.0392290334 0.743344413
0.0392489767 0.74525996
0.0392689815 0.747176481
0.039289048 0.74909398
0.0393091762 0.75101246
0.0393293663 0.752931923
0.0393496184 0.754852373
0.0393699326 0.756773813
0.0393903089 0.758696245
0.0394107476 0.760619672
0.0394312487 0.762544099
0.0394518123 0.764469527
0.0394724386 0.76639596
0.0394931277 0.768323402
0.0395138796 0.770251854
0.0395346946 0.77218132
0.0395555726 0.774111803
0.0395765139 0.776043306
0.0395975185 0.777975833
0.0396185866 0.779909386
0.0396397183 0.781843968
0.0396609136 0.783779583
0.0396821728 0.785716234
0.0397034959 0.787653923
0.0397248831 0.789592655
0.0397463344 0.791532431
0.0397678501 0.793473256
0.0397894301 0.795415132
0.0398110747 0.797358062
0.0398327839 0.79930205
0.0398545579 0.801247099
0.0398763969 0.803193211
0.0398983008 0.805140391
0.0399202699 0.807088641
0.0399423043 0.809037965
0.039964404 0.810988365
0.0399865693 0.812939845
0.0400088002 0.814892408
0.0400310969 0.816846057
0.0400534595 0.818800796
0.0400758881 0.820756627
0.0400983828 0.822713555
0.0401209439 0.824671581
0.0401435713 0.82663071
0.0401662653 0.828590944
0.0401890259 0.830552287
0.0402118533 0.832514743
0.0402347477 0.834478313
0.0402577091 0.836443003
0.0402807376 0.838408814
0.0403038335 0.84037575
0.0403269969 0.842343815
0.0403502278 0.844313012
0.0403735264 0.846283343
0.0403968929 0.848254814
0.0404203274 0.850227425
0.0404438299 0.852201182
0.0404674008 0.854176087
0.04049104 0.856152144
0.0405147477 0.858129356
0.0405385241 0.860107726
0.0405623692 0.862087258
0.0405862833 0.864067954
0.0406102665 0.86604982
0.0406343189 0.868032857
0.0406584406 0.870017069
0.0406826318 0.87200246
0.0407068926 0.873989033
0.0407312232 0.875976791
0.0407556237 0.877965738
0.0407800943 0.879955877
0.040804635 0.881947211
0.0408292461 0.883939745
0.0408539276 0.885933481
0.0408786798 0.887928423
0.0409035027 0.889924575
0.0409283965 0.891921939
0.0409533614 0.893920519
0.0409783975 0.895920319
0.0410035049 0.897921343
0.0410286838 0.899923593
0.0410539344 0.901927073
0.0410792567 0.903931787
0.041104651 0.905937738
0.0411301174 0.90794493
0.041155656 0.909953366
0.041181267 0.911963049
0.0412069505 0.913973984
0.0412327067 0.915986174
0.0412585358 0.917999622
0.0412844378 0.920014332
0.041310413 0.922030308
0.0413364615 0.924047553
0.0413625834 0.92606607
0.041388779 0.928085863
0.0414150483 0.930106937
0.0414413915 0.932129293
0.0414678088 0.934152937
0.0414943003 0.936177872
0.0415208662 0.9382041
0.0415475067 0.940231627
0.0415742218 0.942260455
0.0416010119 0.944290588
0.0416278769 0.946322031
0.0416548171 0.948354785
0.0416818327 0.950388856
0.0417089238 0.952424247
0.0417360906 0.954460961
0.0417633332 0.956499002
0.0417906518 0.958538375
0.0418180465 0.960579082
0.0418455176 0.962621127
0.0418730652 0.964664515
0.0419006894 0.966709248
0.0419283905 0.968755331
0.0419561685 0.970802768
0.0419840237 0.972851561
0.0420119562 0.974901715
0.0420399663 0.976953234
0.042068054 0.979006121
0.0420962195 0.981060381
0.042124463 0.983116016
0.0421527847 0.985173031
0.0421811848 0.98723143
0.0422096634 0.989291217
0.0422382207 0.991352394
0.0422668568 0.993414967
0.042295572 0.995478939
0.0423243664 0.997544313
0.0423532403 0.999611095
0.0423821937 1.00167929
0.0424112268 1.00374889
0.0424403399 1.00581992
0.0424695331 1.00789236
0.0424988065 1.00996624
0.0425281605 1.01204154
0.0425575951 1.01411828
0.0425871105 1.01619645
0.0426167069 1.01827607
0.0426463845 1.02035713
0.0426761435 1.02243965
0.0427059841 1.02452361
0.0427359064 1.02660904
0.0427659107 1.02869592
0.042795997 1.03078428
0.0428261657 1.0328741
0.0428564169 1.03496539
0.0428867507 1.03705817
0.0429171674 1.03915242
0.0429476672 1.04124816
0.0429782502 1.0433454
0.0430089167 1.04544412
0.0430396668 1.04754434
0.0430705007 1.04964607
0.0431014186 1.0517493
0.0431324208 1.05385404
0.0431635073 1.0559603
0.0431946785 1.05806808
0.0432259345 1.06017737
0.0432572754 1.0622882
0.0432887016 1.06440056
0.0433202131 1.06651445
0.0433518102 1.06862988
0.0433834932 1.07074685
0.0434152621 1.07286537
0.0434471172 1.07498545
0.0434790587 1.07710708
0.0435110867 1.07923027
0.0435432016 1.08135502
0.0435754035 1.08348135
0.0436076926 1.08560924
0.0436400691 1.08773872
0.0436725333 1.08986978
0.0437050852 1.09200242
0.0437377252 1.09413665
0.0437704535 1.09627248
0.0438032702 1.0984099
0.0438361755 1.10054893
0.0438691698 1.10268956
0.0439022531 1.10483181
0.0439354258 1.10697568
0.0439686879 1.10912116
0.0440020398 1.11126827
0.0440354816 1.11341701
0.0440690136 1.11556738
0.0441026359 1.11771939
0.0441363489 1.11987304
0.0441701527 1.12202834
0.0442040475 1.12418529
0.0442380335 1.1263439
0.044272111 1.12850416
0.0443062803 1.1306661
0.0443405414 1.1328297
0.0443748947 1.13499497
0.0444093403 1.13716192
0.0444438786 1.13933056
0.0444785096 1.14150088
0.0445132337 1.14367289
0.0445480511 1.1458466
0.044582962 1.14802201
0.0446179665 1.15019913
0.0446530651 1.15237795
0.0446882578 1.15455849
0.044723545 1.15674075
0.0447589268 1.15892474
0.0447944035 1.16111045
0.0448299754 1.16329789
0.0448656426 1.16548707
0.0449014053 1.167678
0.044937264 1.16987067
0.0449732186 1.17206509
0.0450092696 1.17426127
0.0450454172 1.17645921
0.0450816615 1.17865892
0.0451180029 1.18086039
0.0451544415 1.18306365
0.0451909777 1.18526868
0.0452276116 1.18747549
0.0452643435 1.1896841
0.0453011737 1.1918945
0.0453381023 1.1941067
0.0453751298 1.1963207
0.0454122562 1.19853651
0.0454494819 1.20075414
0.045486807 1.20297358
0.045524232 1.20519485
0.0455617569 1.20741794
0.0455993821 1.20964287
0.0456371078 1.21186964
0.0456749342 1.21409825
0.0457128617 1.2163287
0.0457508905 1.21856101
0.0457890208 1.22079518
0.0458272529 1.22303121
0.0458655871 1.2252691
0.0459040236 1.22750887
0.0459425627 1.22975052
0.0459812046 1.23199405
0.0460199497 1.23423946
0.0460587981 1.23648677
0.0460977502 1.23873598
0.0461368062 1.24098709
0.0461759664 1.24324011
0.046215231 1.24549504
0.0462546004 1.24775188
0.0462940747 1.25001065
0.0463336543 1.25227135
0.0463733395 1.25453399
0.0464131305 1.25679856
0.0464530276 1.25906507
0.046493031 1.26133353
0.0465331411 1.26360395
0.0465733581 1.26587633
0.0466136824 1.26815067
0.0466541141 1.27042698
0.0466946536 1.27270526
0.0467353011 1.27498553
0.046776057 1.27726778
0.0468169215 1.27955202
0.046857895 1.28183826
0.0468989776 1.2841265
0.0469401697 1.28641674
0.0469814716 1.288709
0.0470228836 1.29100328
0.0470644059 1.29329958
0.0471060389 1.2955979
0.0471477829 1.29789826
0.047189638 1.30020066
0.0472316048 1.3025051
0.0472736834 1.3048116
0.0473158741 1.30712014
0.0473581772 1.30943075
0.0474005931 1.31174343
0.0474431221 1.31405817
0.0474857644 1.316375
0.0475285203 1.31869391
0.0475713902 1.3210149
0.0476143744 1.32333799
0.0476574732 1.32566318
0.0477006868 1.32799047
0.0477440156 1.33031988
0.04778746 1.3326514
0.0478310201 1.33498504
0.0478746965 1.33732081
0.0479184892 1.33965872
0.0479623987 1.34199876
0.0480064254 1.34434095
0.0480505694 1.34668529
0.0480948311 1.34903178
0.0481392109 1.35138044
0.0481837091 1.35373126
0.048228326 1.35608426
0.0482730619 1.35843943
0.0483179171 1.3607968
0.0483628921 1.36315635
0.048407987 1.3655181
0.0484532023 1.36788205
0.0484985382 1.37024821
0.0485439952 1.37261658
0.0485895735 1.37498718
0.0486352734 1.37736
0.0486810954 1.37973505
0.0487270398 1.38211234
0.0487731068 1.38449188
0.0488192968 1.38687366
0.0488656103 1.38925771
0.0489120474 1.39164401
0.0489586087 1.39403258
0.0490052943 1.39642343
0.0490521047 1.39881655
0.0490990402 1.40121196
0.0491461012 1.40360967
0.049193288 1.40600967
0.0492406009 1.40841198
0.0492880404 1.4108166
0.0493356068 1.41322353
0.0493833004 1.41563279
0.0494311215 1.41804438
0.0494790707 1.42045831
0.0495271482 1.42287457
0.0495753543 1.42529319
0.0496236895 1.42771415
0.0496721541 1.43013748
0.0497207485 1.43256318
0.049769473 1.43499125
0.0498183281 1.4374217
0.0498673141 1.43985454
0.0499164313 1.44228976
0.0499656802 1.44472739
0.0500150611 1.44716742
0.0500645744 1.44960987
0.0501142204 1.45205473
0.0501639997 1.45450202
0.0502139124 1.45695174
0.0502639591 1.45940389
0.0503141402 1.46185849
0.0503644559 1.46431555
0.0504149067 1.46677506
0.050465493 1.46923703
0.0505162151 1.47170147
0.0505670736 1.47416839
0.0506180686 1.4766378
0.0506692008 1.4791097
0.0507204704 1.48158409
0.0507718778 1.48406099
0.0508234236 1.48654039
0.0508751079 1.48902232
0.0509269314 1.49150677
0.0509788943 1.49399375
0.0510309971 1.49648327
0.0510832402 1.49897533
0.051135624 1.50146995
0.0511881489 1.50396712
0.0512408153 1.50646686
0.0512936237 1.50896917
0.0513465745 1.51147406
0.051399668 1.51398154
0.0514529047 1.5164916
0.0515062851 1.51900427
0.0515598095 1.52151955
0.0516134784 1.52403744
0.0516672922 1.52655795
0.0517212514 1.52908109
0.0517753563 1.53160687
0.0518296075 1.53413528
0.0518840052 1.53666635
0.0519385501 1.53920008
0.0519932424 1.54173646
0.0520480828 1.54427552
0.0521030715 1.54681726
0.0521582091 1.54936168
0.0522134959 1.5519088
0.0522689325 1.55445861
0.0523245193 1.55701114
0.0523802567 1.55956638
0.0524361452 1.56212434
0.0524921853 1.56468503
0.0525483774 1.56724845
0.0526047219 1.56981462
0.0526612194 1.57238355
0.0527178702 1.57495523
0.052774675 1.57752968
0.052831634 1.5801069
0.0528887478 1.5826869
0.0529460169 1.5852697
0.0530034417 1.58785529
0.0530610227 1.59044368
0.0531187604 1.59303489
0.0531766553 1.59562892
0.0532347078 1.59822577
0.0532929184 1.60082546
0.0533512876 1.603428
0.053409816 1.60603338
0.0534685039 1.60864162
0.0535273519 1.61125273
0.0535863604 1.61386671
0.0536455301 1.61648358
0.0537048612 1.61910333
0.0537643545 1.62172598
0.0538240103 1.62435154
0.0538838291 1.62698001
0.0539438115 1.6296114
0.054003958 1.63224572
0.054064269 1.63488298
0.0541247452 1.63752318
0.054185387 1.64016634
0.0542461948 1.64281246
0.0543071693 1.64546154
0.054368311 1.64811361
0.0544296204 1.65076866
0.0544910979 1.65342671
0.0545527442 1.65608776
0.0546145597 1.65875182
0.0546765451 1.66141889
0.0547387007 1.664089
0.0548010272 1.66676214
0.0548635251 1.66943832
0.054926195 1.67211756
0.0549890373 1.67479986
0.0550520526 1.67748522
0.0551152415 1.68017367
0.0551786046 1.68286519
0.0552421423 1.68555982
0.0553058552 1.68825754
0.0553697439 1.69095838
0.0554338089 1.69366234
0.0554980508 1.69636943
0.0555624702 1.69907965
0.0556270676 1.70179302
0.0556918436 1.70450955
0.0557567987 1.70722923
0.0558219336 1.70995209
0.0558872488 1.71267813
0.0559527449 1.71540737
0.0560184225 1.71813979
0.0560842821 1.72087543
0.0561503244 1.72361428
0.0562165498 1.72635636
0.0562829591 1.72910167
0.0563495528 1.73185023
0.0564163315 1.73460204
0.0564832958 1.7373571
0.0565504463 1.74011544
0.0566177836 1.74287706
0.0566853083 1.74564197
0.056753021 1.74841017
0.0568209223 1.75118168
0.0568890129 1.75395651
0.0569572934 1.75673466
0.0570257643 1.75951614
0.0570944263 1.76230097
0.05716328 1.76508916
0.057232326 1.7678807
0.0573015651 1.77067562
0.0573709977 1.77347391
0.0574406246 1.7762756
0.0575104464 1.77908069
0.0575804636 1.78188919
0.0576506771 1.78470111
0.0577210873 1.78751645
0.057791695 1.79033524
0.0578625008 1.79315747
0.0579335054 1.79598316
0.0580047094 1.79881232
0.0580761135 1.80164496
0.0581477183 1.80448108
0.0582195245 1.8073207
0.0582915328 1.81016382
0.0583637439 1.81301046
0.0584361583 1.81586063
0.0585087769 1.81871433
0.0585816002 1.82157158
0.058654629 1.82443239
0.058727864 1.82729676
0.0588013058 1.83016471
0.0588749551 1.83303625
0.0589488127 1.83591138
0.0590228792 1.83879012
0.0590971553 1.84167247
0.0591716418 1.84455845
0.0592463392 1.84744807
0.0593212485 1.85034134
0.0593963702 1.85323826
0.0594717051 1.85613886
0.0595472539 1.85904313
0.0596230173 1.86195109
0.0596989961 1.86486275
0.059775191 1.86777812
0.0598516027 1.87069722
0.0599282319 1.87362004
0.0600050794 1.8765466
0.060082146 1.87947692
0.0601594324 1.882411
0.0602369393 1.88534886
0.0603146675 1.8882905
0.0603926177 1.89123593
0.0604707908 1.89418517
0.0605491874 1.89713823
0.0606278083 1.90009512
0.0607066544 1.90305585
0.0607857263 1.90602042
0.0608650249 1.90898886
0.0609445509 1.91196117
0.0610243052 1.91493736
0.0611042884 1.91791745
0.0611845015 1.92090144
0.0612649452 1.92388935
0.0613456202 1.92688119
0.0614265275 1.92987697
0.0615076677 1.9328767
0.0615890418 1.93588039
0.0616706505 1.93888805
0.0617524946 1.9418997
0.061834575 1.94491534
0.0619168925 1.947935
0.0619994479 1.95095867
0.0620822421 1.95398637
0.0621652758 1.95701812
0.06224855 1.96005392
0.0623320654 1.96309379
0.0624158229 1.96613773
0.0624998234 1.96918577
0.0625840677 1.9722379
0.0626685567 1.97529416
0.0627532913 1.97835453
0.0628382722 1.98141904
0.0629235004 1.98448771
0.0630089768 1.98756053
0.0630947022 1.99063753
0.0631806775 1.99371871
0.0632669036 1.9968041
0.0633533813 1.99989369
0.0634401117 2.0029875
0.0635270956 2.00608555
0.0636143338 2.00918785
0.0637018274 2.01229441
0.0637895771 2.01540524
0.063877584 2.01852035
0.0639658489 2.02163976
0.0640543727 2.02476348
0.0641431565 2.02789153
0.0642322011 2.0310239
0.0643215074 2.03416063
0.0644110765 2.03730172
0.0645009092 2.04044718
0.0645910065 2.04359702
0.0646813694 2.04675127
0.0647719987 2.04990993
0.0648628956 2.05307301
0.0649540609 2.05624053
0.0650454956 2.05941251
0.0651372007 2.06258894
0.0652291772 2.06576986
0.0653214261 2.06895526
0.0654139483 2.07214517
0.0655067449 2.0753396
0.0655998169 2.07853856
0.0656931652 2.08174206
0.0657867908 2.08495012
0.0658806949 2.08816276
0.0659748783 2.09137997
0.0660693422 2.09460179
0.0661640875 2.09782822
0.0662591154 2.10105927
0.0663544267 2.10429497
0.0664500227 2.10753531
0.0665459042 2.11078033
0.0666420725 2.11403003
0.0667385284 2.11728442
0.0668352732 2.12054352
0.0669323078 2.12380734
0.0670296334 2.12707591
0.067127251 2.13034922
0.0672251618 2.1336273
0.0673233667 2.13691017
0.0674218669 2.14019782
0.0675206635 2.14349029
0.0676197576 2.14678758
0.0677191503 2.15008971
0.0678188427 2.15339669
0.067918836 2.15670854
0.0680191312 2.16002527
0.0681197296 2.16334689
0.0682206322 2.16667343
0.0683218402 2.1700049
0.0684233547 2.17334131
0.0685251769 2.17668267
0.068627308 2.180029
0.068729749 2.18338032
0.0688325013 2.18673665
0.0689355659 2.19009799
0.0690389441 2.19346436
0.069142637 2.19683578
0.0692466458 2.20021226
0.0693509718 2.20359382
0.0694556161 2.20698047
0.0695605799 2.21037223
0.0696658645 2.21376912
0.0697714711 2.21717115
0.0698774009 2.22057833
0.0699836552 2.22399068
0.0700902351 2.22740823
0.070197142 2.23083097
0.0703043771 2.23425894
0.0704119416 2.23769214
0.0705198369 2.24113059
0.0706280642 2.24457431
0.0707366247 2.24802332
0.0708455198 2.25147762
0.0709547508 2.25493724
0.0710643189 2.2584022
0.0711742254 2.2618725
0.0712844717 2.26534817
0.0713950591 2.26882922
0.0715059889 2.27231567
0.0716172625 2.27580754
0.0717288811 2.27930483
0.0718408461 2.28280758
0.0719531589 2.2863158
0.0720658209 2.28982949
0.0721788333 2.29334869
0.0722921975 2.29687341
0.072405915 2.30040366
0.0725199872 2.30393946
0.0726344153 2.30748083
0.0727492009 2.31102779
0.0728643452 2.31458035
0.0729798499 2.31813853
0.0730957161 2.32170235
0.0732119454 2.32527183
0.0733285393 2.32884698
0.0734454991 2.33242783
0.0735628263 2.33601438
0.0736805223 2.33960666
0.0737985887 2.34320469
0.0739170269 2.34680848
0.0740358383 2.35041806
0.0741550245 2.35403343
0.0742745869 2.35765463
0.0743945271 2.36128166
0.0745148466 2.36491454
0.0746355468 2.3685533
0.0747566293 2.37219795
0.0748780957 2.37584852
0.0749999474 2.37950501
0.075122186 2.38316745
0.0752448132 2.38683586
0.0753678303 2.39051025
0.0754912391 2.39419066
0.075615041 2.39787708
0.0757392378 2.40156955
0.0758638309 2.40526808
0.0759888219 2.4089727
0.0761142126 2.41268341
0.0762400045 2.41640025
0.0763661992 2.42012323
0.0764927984 2.42385237
0.0766198037 2.42758769
0.0767472168 2.43132921
0.0768750393 2.43507695
0.0770032729 2.43883092
0.0771319194 2.44259116
0.0772609803 2.44635768
0.0773904574 2.4501305
0.0775203524 2.45390964
0.077650667 2.45769512
0.0777814029 2.46148697
0.0779125619 2.46528519
0.0780441456 2.46908982
0.078176156 2.47290087
0.0783085946 2.47671836
0.0784414634 2.48054232
0.078574764 2.48437277
0.0787084983 2.48820972
0.078842668 2.49205321
0.078977275 2.49590324
0.0791123211 2.49975984
0.0792478081 2.50362303
0.0793837379 2.50749284
0.0795201122 2.51136928
0.079656933 2.51525238
0.0797942021 2.51914216
0.0799319215 2.52303864
0.0800700929 2.52694185
0.0802087182 2.53085179
0.0803477995 2.53476851
0.0804873386 2.53869201
0.0806273374 2.54262233
0.0807677978 2.54655948
0.0809087219 2.55050348
0.0810501116 2.55445436
0.0811919688 2.55841215
0.0813342955 2.56237686
0.0814770937 2.56634852
0.0816203655 2.57032715
0.0817641128 2.57431277
0.0819083376 2.57830541
0.082053042 2.58230509
0.082198228 2.58631183
0.0823438977 2.59032566
0.0824900532 2.59434659
0.0826366964 2.59837467
0.0827838296 2.6024099
0.0829314549 2.60645231
0.0830795742 2.61050193
0.0832281898 2.61455878
0.0833773038 2.61862288
0.0835269183 2.62269426
0.0836770355 2.62677295
0.0838276575 2.63085896
0.0839787866 2.63495232
0.084130425 2.63905307
0.0842825747 2.64316121
0.0844352382 2.64727678
0.0845884175 2.6513998
0.084742115 2.65553029
0.0848963329 2.65966829
0.0850510734 2.66381382
0.0852063388 2.6679669
0.0853621315 2.67212755
0.0855184538 2.67629582
0.0856753079 2.68047171
0.0858326961 2.68465526
0.0859906209 2.68884649
0.0861490846 2.69304542
0.0863080896 2.6972521
0.0864676382 2.70146653
0.0866277328 2.70568875
0.0867883759 2.70991878
0.0869495698 2.71415666
0.0871113171 2.7184024
0.0872736201 2.72265604
0.0874364814 2.7269176
0.0875999033 2.73118711
0.0877638885 2.73546459
0.0879284394 2.73975008
0.0880935584 2.7440436
0.0882592483 2.74834518
0.0884255114 2.75265484
0.0885923505 2.75697262
0.088759768 2.76129855
0.0889277665 2.76563264
0.0890963487 2.76997493
0.0892655171 2.77432545
0.0894352745 2.77868423
0.0896056234 2.78305129
0.0897765666 2.78742667
0.0899481066 2.79181039
0.0901202463 2.79620248
0.0902929884 2.80060298
0.0904663354 2.8050119
0.0906402903 2.80942928
0.0908148557 2.81385516
0.0909900345 2.81828955
0.0911658294 2.8227325
0.0913422433 2.82718402
0.0915192789 2.83164415
0.0916969391 2.83611292
0.0918752268 2.84059037
0.0920541448 2.84507651
0.092233696 2.84957139
0.0924138834 2.85407503
0.0925947098 2.85858746
0.0927761783 2.86310872
0.0929582917 2.86763883
0.093141053 2.87217783
0.0933244653 2.87672575
0.0935085314 2.88128263
0.0936932546 2.88584848
0.0938786378 2.89042335
0.094064684 2.89500727
0.0942513965 2.89960026
0.0944387781 2.90420237
0.0946268322 2.90881362
0.0948155617 2.91343405
0.09500497 2.91806369
0.09519506 2.92270258
0.0953858351 2.92735074
0.0955772985 2.93200821
0.0957694533 2.93667502
0.0959623029 2.94135121
0.0961558504 2.94603681
0.0963500992 2.95073186
0.0965450527 2.95543639
0.096740714 2.96015043
0.0969370866 2.96487402
0.0971341739 2.96960719
0.0973319791 2.97434997
0.0975305058 2.97910242
0.0977297574 2.98386455
0.0979297372 2.9886364
0.0981304489 2.99341801
0.0983318958 2.99820941
0.0985340814 3.00301065
0.0987370094 3.00782175
0.0989406833 3.01264276
0.0991451066 3.0174737
0.0993502829 3.02231462
0.0995562159 3.02716555
0.0997629092 3.03202653
0.0999703665 3.03689759
0.100178591 3.04177878
0.100387588 3.04667013
0.100597359 3.05157168
0.100807909 3.05648346
0.101019242 3.06140552
0.101231361 3.06633789
0.101444271 3.07128061
0.101657974 3.07623372
0.101872476 3.08119726
0.102087779 3.08617126
0.102303888 3.09115577
0.102520807 3.09615082
0.10273854 3.10115646
0.10295709 3.10617272
0.103176462 3.11119965
0.103396659 3.11623728
0.103617686 3.12128565
0.103839548 3.12634481
0.104062247 3.1314148
0.104285788 3.13649565
0.104510176 3.1415874
0.104735414 3.14669011
0.104961507 3.15180381
0.105188459 3.15692853
0.105416274 3.16206433
0.105644956 3.16721125
0.105874511 3.17236932
0.106104942 3.1775386
0.106336253 3.18271912
0.106568449 3.18791092
0.106801535 3.19311405
0.107035515 3.19832855
0.107270393 3.20355447
0.107506174 3.20879185
0.107742862 3.21404074
0.107980462 3.21930117
0.10821898 3.22457319
0.108458418 3.22985685
0.108698782 3.2351522
0.108940078 3.24045927
0.109182308 3.24577811
0.109425479 3.25110877
0.109669594 3.25645129
0.109914659 3.26180573
0.110160679 3.26717212
0.110407659 3.27255051
0.110655603 3.27794095
0.110904516 3.28334349
0.111154403 3.28875817
0.11140527 3.29418504
0.111657121 3.29962415
0.111909962 3.30507555
0.112163797 3.31053929
0.112418632 3.3160154
0.112674472 3.32150395
0.112931321 3.32700498
0.113189186 3.33251854
0.113448072 3.33804468
0.113707984 3.34358345
0.113968927 3.3491349
0.114230906 3.35469908
0.114493927 3.36027604
0.114757996 3.36586583
0.115023118 3.3714685
0.115289299 3.37708411
0.115556543 3.3827127
0.115824857 3.38835432
0.116094247 3.39400904
0.116364717 3.3996769
0.116636274 3.40535795
0.116908924 3.41105225
0.117182672 3.41675984
0.117457523 3.4224808
0.117733485 3.42821515
0.118010562 3.43396298
0.118288761 3.43972431
0.118568088 3.44549922
0.118848549 3.45128775
0.119130149 3.45708996
0.119412895 3.46290591
0.119696794 3.46873565
0.11998185 3.47457924
0.120268071 3.48043673
0.120555463 3.48630819
0.120844031 3.49219366
0.121133783 3.49809321
0.121424725 3.50400689
0.121716863 3.50993476
0.122010204 3.51587688
0.122304754 3.52183331
0.12260052 3.52780411
0.122897508 3.53378933
0.123195726 3.53978904
0.123495179 3.54580329
0.123795875 3.55183215
0.12409782 3.55787568
0.124401021 3.56393393
0.124705486 3.57000697
0.12501122 3.57609486
0.125318232 3.58219767
0.125626527 3.58831544
0.125936114 3.59444825
0.126246999 3.60059617
0.12655919 3.60675924
0.126872694 3.61293754
0.127187517 3.61913113
0.127503668 3.62534008
0.127821154 3.63156444
0.128139982 3.63780429
0.128460159 3.64405968
0.128781694 3.65033069
0.129104594 3.65661739
0.129428866 3.66291983
0.129754519 3.66923808
0.130081559 3.67557222
0.130409996 3.6819223
0.130739836 3.6882884
0.131071087 3.69467059
0.131403759 3.70106893
0.131737858 3.7074835
0.132073392 3.71391436
0.132410371 3.72036158
0.132748802 3.72682523
0.133088693 3.73330539
0.133430053 3.73980212
0.13377289 3.7463155
0.134117213 3.7528456
0.13446303 3.75939249
0.134810349 3.76595624
0.13515918 3.77253692
0.135509531 3.77913462
0.135861411 3.7857494
0.136214828 3.79238134
0.136569792 3.79903052
0.136926312 3.805697
0.137284396 3.81238087
0.137644054 3.81908219
0.138005294 3.82580106
0.138368127 3.83253754
0.13873256 3.83929171
0.139098605 3.84606365
0.139466269 3.85285344
0.139835563 3.85966115
0.140206496 3.86648687
0.140579079 3.87333068
0.140953319 3.88019265
0.141329228 3.88707287
0.141706815 3.89397142
0.14208609 3.90088838
0.142467063 3.90782383
0.142849744 3.91477786
0.143234144 3.92175054
0.143620272 3.92874197
0.144008139 3.93575222
0.144397755 3.94278138
0.14478913 3.94982953
0.145182277 3.95689677
0.145577203 3.96398317
0.145973922 3.97108883
0.146372442 3.97821383
0.146772776 3.98535826
0.147174934 3.9925222
0.147578927 3.99970575
0.147984767 4.00690899
0.148392464 4.01413202
0.148802029 4.02137493
0.149213475 4.0286378
0.149626812 4.03592073
0.150042053 4.04322381
0.150459208 4.05054713
0.150878289 4.05789078
0.151299309 4.06525487
0.151722279 4.07263948
0.152147211 4.0800447
0.152574117 4.08747064
0.15300301 4.09491739
0.153433901 4.10238505
0.153866804 4.10987371
0.15430173 4.11738347
0.154738692 4.12491444
0.155177703 4.1324667
0.155618775 4.14004036
0.156061922 4.14763552
0.156507156 4.15525227
0.15695449 4.16289073
0.157403938 4.170551
0.157855513 4.17823317
0.158309228 4.18593735
0.158765097 4.19366364
0.159223133 4.20141216
0.15968335 4.20918299
0.160145762 4.21697626
0.160610382 4.22479207
0.161077225 4.23263051
0.161546305 4.24049172
0.162017637 4.24837578
0.162491233 4.25628281
0.16296711 4.26421293
0.163445281 4.27216623
0.163925761 4.28014284
0.164408565 4.28814287
0.164893709 4.29616642
0.165381206 4.30421362
0.165871073 4.31228457
0.166363325 4.3203794
0.166857976 4.32849821
0.167355043 4.33664113
0.167854542 4.34480827
0.168356488 4.35299976
0.168860896 4.3612157
0.169367784 4.36945622
0.169877168 4.37772144
0.170389063 4.38601148
0.170903487 4.39432646
0.171420455 4.40266652
0.171939985 4.41103176
0.172462093 4.41942231
0.172986797 4.42783831
0.173514114 4.43627987
0.174044061 4.44474712
0.174576656 4.4532402
0.175111915 4.46175922
0.175649858 4.47030433
0.176190501 4.47887564
0.176733864 4.48747329
0.177279963 4.49609742
0.177828818 4.50474815
0.178380447 4.51342563
0.178934868 4.52212998
0.179492101 4.53086133
0.180052165 4.53961984
0.180615078 4.54840563
0.18118086 4.55721884
0.181749531 4.56605962
0.182321109 4.5749281
0.182895616 4.58382442
0.183473071 4.59274873
0.184053493 4.60170117
0.184636905 4.61068188
0.185223325 4.61969102
0.185812774 4.62872871
0.186405274 4.63779513
0.187000846 4.6468904
0.187599511 4.65601468
0.188201289 4.66516812
0.188806204 4.67435088
0.189414276 4.68356309
0.190025527 4.69280493
0.190639981 4.70207654
0.191257658 4.71137807
0.191878582 4.72070969
0.192502776 4.73007155
0.193130262 4.73946381
0.193761063 4.74888664
0.194395204 4.75834018
0.195032706 4.76782461
0.195673596 4.77734008
0.196317895 4.78688677
0.196965629 4.79646483
0.197616822 4.80607444
0.198271499 4.81571576
0.198929684 4.82538896
0.199591402 4.83509421
0.20025668 4.84483169
0.200925541 4.85460156
0.201598014 4.864404
0.202274122 4.87423919
0.202953893 4.88410729
0.203637352 4.8940085
0.204324528 4.90394299
0.205015446 4.91391094
0.205710134 4.92391252
0.206408619 4.93394793
0.20711093 4.94401735
0.207817093 4.95412097
0.208527138 4.96425896
0.209241092 4.97443153
0.209958985 4.98463885
0.210680846 4.99488112
0.211406703 5.00515854
0.212136587 5.0154713
0.212870527 5.02581958
0.213608553 5.0362036
0.214350696 5.04662354
0.215096987 5.05707961
0.215847456 5.06757202
0.216602134 5.07810095
0.217361054 5.08866661
0.218124247 5.09926922
0.218891745 5.10990898
0.219663581 5.1205861
0.220439787 5.13130078
0.221220397 5.14205325
0.222005443 5.15284371
0.222794961 5.16367238
0.223588983 5.17453947
0.224387544 5.18544521
0.225190679 5.19638982
0.225998422 5.20737351
0.22681081 5.21839651
0.227627877 5.22945905
0.228449661 5.24056135
0.229276197 5.25170364
0.230107521 5.26288616
0.230943672 5.27410913
0.231784687 5.28537279
0.232630603 5.29667737
0.233481458 5.30802311
0.234337292 5.31941026
0.235198143 5.33083904
0.236064051 5.34230972
0.236935055 5.35382252
0.237811195 5.36537771
0.238692513 5.37697552
0.239579048 5.38861621
0.240470843 5.40030003
0.241367939 5.41202724
0.242270377 5.42379809
0.243178202 5.43561284
0.244091455 5.44747176
0.245010181 5.45937511
0.245934423 5.47132314
0.246864225 5.48331614
0.247799633 5.49535436
0.248740691 5.50743809
0.249687445 5.51956759
0.250639942 5.53174314
0.251598227 5.54396501
0.252562349 5.5562335
0.253532354 5.56854888
0.254508291 5.58091144
0.255490209 5.59332146
0.256478156 5.60577923
0.257472182 5.61828506
0.258472337 5.63083922
0.259478672 5.64344202
0.260491238 5.65609375
0.261510086 5.66879473
0.26253527 5.68154525
0.263566841 5.69434562
0.264604852 5.70719615
0.265649359 5.72009715
0.266700415 5.73304893
0.267758075 5.74605182
0.268822395 5.75910613
0.269893431 5.77221219
0.270971239 5.78537032
0.272055879 5.79858084
0.273147406 5.8118441
0.27424588 5.82516042
0.275351361 5.83853013
0.276463908 5.85195359
0.277583581 5.86543112
0.278710442 5.87896308
0.279844553 5.89254982
0.280985976 5.90619167
0.282134775 5.91988901
0.283291013 5.93364218
0.284454755 5.94745154
0.285626066 5.96131746
0.286805013 5.97524031
0.287991662 5.98922045
0.28918608 6.00325825
0.290388336 6.0173541
0.291598499 6.03150837
0.292816638 6.04572144
0.294042825 6.0599937
0.29527713 6.07432554
0.296519625 6.08871735
0.297770384 6.10316953
0.29902948 6.11768247
0.300296988 6.13225659
0.301572983 6.14689228
0.302857541 6.16158996
0.30415074 6.17635004
0.305452658 6.19117294
0.306763373 6.20605908
0.308082965 6.22100889
0.309411515 6.23602279
0.310749105 6.25110122
0.312095817 6.26624462
0.313451735 6.28145342
0.314816943 6.29672807
0.316191526 6.31206902
0.317575572 6.32747672
0.318969167 6.34295164
0.3203724 6.35849422
0.321785361 6.37410494
0.32320814 6.38978427
0.324640829 6.40553268
0.32608352 6.42135065
0.327536308 6.43723866
0.328999287 6.4531972
0.330472553 6.46922677
0.331956203 6.48532785
0.333450337 6.50150096
0.334955052 6.51774659
0.336470451 6.53406526
0.337996635 6.55045748
0.339533706 6.56692378
0.341081771 6.58346468
0.342640933 6.60008071
0.344211301 6.6167724
0.345792981 6.6335403
0.347386085 6.65038495
0.348990722 6.66730691
0.350607006 6.68430673
0.352235049 6.70138496
0.353874967 6.71854219
0.355526876 6.73577898
0.357190895 6.75309592
0.358867141 6.77049357
0.360555737 6.78797254
0.362256805 6.80553342
0.363970468 6.82317681
0.365696853 6.84090332
0.367436085 6.85871357
0.369188294 6.87660816
0.370953611 6.89458773
0.372732166 6.91265291
0.374524093 6.93080434
0.376329528 6.94904265
0.378148608 6.96736851
0.379981472 6.98578257
0.381828259 7.00428549
0.383689113 7.02287795
0.385564178 7.04156062
0.387453599 7.06033418
0.389357526 7.07919933
0.391276107 7.09815677
0.393209494 7.1172072
0.395157842 7.13635134
0.397121306 7.1555899
0.399100044 7.17492361
0.401094217 7.19435321
0.403103986 7.21387945
0.405129515 7.23350306
0.407170971 7.25322481
0.409228524 7.27304548
0.411302343 7.29296582
0.413392602 7.31298662
0.415499477 7.33310868
0.417623145 7.35333279
0.419763787 7.37365976
0.421921586 7.39409041
0.424096728 7.41462557
0.426289399 7.43526605
0.42849979 7.45601272
0.430728095 7.47686642
0.432974509 7.49782801
0.435239231 7.51889836
0.437522461 7.54007835
0.439824404 7.56136887
0.442145267 7.58277082
0.444485259 7.60428511
0.446844592 7.62591266
0.449223483 7.64765439
0.451622151 7.66951125
0.454040816 7.69148418
0.456479704 7.71357414
0.458939043 7.73578212
0.461419064 7.75810908
0.463920002 7.78055601
0.466442096 7.80312394
0.468985586 7.82581386
0.471550718 7.8486268
0.47413774 7.87156381
0.476746905 7.89462593
0.479378468 7.91781422
0.482032688 7.94112976
0.48470983 7.96457364
0.487410161 7.98814694
0.490133951 8.0118508
0.492881477 8.03568632
0.495653017 8.05965464
0.498448855 8.08375693
0.501269279 8.10799433
0.504114581 8.13236803
0.506985057 8.15687922
0.509881009 8.18152911
0.512802742 8.2063189
0.515750565 8.23124985
0.518724795 8.25632319
0.521725751 8.28154019
0.524753757 8.30690213
0.527809144 8.33241031
0.530892246 8.35806602
0.534003402 8.3838706
0.537142959 8.40982539
0.540311267 8.43593175
0.543508681 8.46219105
0.546735565 8.48860468
0.549992285 8.51517405
0.553279214 8.54190058
0.556596733 8.56878572
0.559945225 8.59583093
0.563325083 8.62303769
0.566736704 8.65040749
0.570180492 8.67794185
0.573656859 8.70564231
0.57716622 8.73351042
0.580709002 8.76154775
0.584285633 8.78975591
0.587896553 8.81813649
0.591542207 8.84669114
0.595223048 8.87542151
0.598939535 8.90432929
0.602692137 8.93341616
0.60648133 8.96268384
0.610307596 8.99213409
0.614171427 9.02176867
0.618073324 9.05158936
0.622013796 9.08159798
0.625993358 9.11179635
0.630012538 9.14218636
0.63407187 9.17276986
0.638171898 9.20354878
0.642313176 9.23452506
0.646496268 9.26570064
0.650721745 9.29707752
0.654990192 9.32865772
0.659302201 9.36044326
0.663658376 9.39243623
0.668059331 9.42463872
0.672505691 9.45705285
0.676998093 9.48968078
0.681537183 9.52252469
0.686123623 9.5555868
0.690758082 9.58886935
0.695441244 9.62237462
0.700173804 9.65610491
0.704956471 9.69006257
0.709789967 9.72424997
0.714675025 9.75866952
0.719612394 9.79332365
0.724602836 9.82821485
0.729647127 9.86334561
0.734746057 9.8987185
0.739900432 9.93433609
0.745111073 9.97020101
0.750378816 10.0063159
0.755704513 10.0426835
0.761089031 10.0793065
0.766533257 10.1161877
0.772038091 10.1533299
0.777604454 10.1907359
0.783233282 10.2284088
0.788925531 10.2663513
0.794682175 10.3045666
0.800504206 10.3430576
0.806392639 10.3818274
0.812348506 10.4208791
0.81837286 10.460216
0.824466777 10.4998412
0.830631352 10.5397581
0.836867703 10.5799698
0.843176972 10.6204799
0.849560324 10.6612916
0.856018945 10.7024086
0.862554049 10.7438343
0.869166873 10.7855724
0.87585868 10.8276264
0.88263076 10.8700001
0.88948443 10.9126972
0.896421034 10.9557216
0.903441945 10.9990771
0.910548565 11.0427676
0.917742325 11.0867973
0.925024688 11.1311701
0.932397149 11.1758902
0.939861235 11.2209619
0.947418504 11.2663893
0.955070551 11.3121768
0.962819004 11.3583289
0.97066553 11.40485
0.978611831 11.4517447
0.986659645 11.4990176
0.994810753 11.5466736
1.00306697 11.5947173
1.01143017 11.6431536
1.01990224 11.6919876
1.02848513 11.7412242
1.03718084 11.7908687
1.04599141 11.8409262
1.05491891 11.8914021
1.06396548 11.9423018
1.07313331 11.9936307
1.08242464 12.0453946
1.09184174 12.097599
1.10138698 12.1502499
1.11106274 12.203353
1.12087149 12.2569145
1.13081574 12.3109405
1.14089808 12.3654371
1.15112115 12.4204108
1.16148767 12.475868
1.1720004 12.5318154
1.18266219 12.5882595
1.19347597 12.6452073
1.20444473 12.7026656
1.21557153 12.7606417
1.22685953 12.8191427
1.23831195 12.878176
1.24993212 12.9377491
1.26172342 12.9978696
1.27368935 13.0585454
1.2858335 13.1197843
1.29815954 13.1815946
1.31067124 13.2439843
1.3233725 13.306962
1.33626728 13.3705363
1.3493597 13.4347159
1.36265395 13.4995097
1.37615435 13.5649269
1.38986536 13.6309768
1.40379154 13.6976688
1.4179376 13.7650126
1.43230835 13.8330181
1.44690879 13.9016954
1.46174402 13.9710547
1.4768193 14.0411066
1.49214007 14.1118618
1.50771189 14.1833313
1.52354051 14.2555262
1.53963186 14.3284579
1.55599203 14.4021381
1.5726273 14.4765788
1.58954415 14.551792
1.60674925 14.6277903
1.62424949 14.7045863
1.64205198 14.7821931
1.66016403 14.8606238
1.67859321 14.9398921
1.69734731 15.0200119
1.7164344 15.1009973
1.73586279 15.1828627
1.75564107 15.2656232
1.77577813 15.3492938
1.79628314 15.43389
1.81716559 15.5194277
1.83843528 15.6059232
1.86010237 15.6933931
1.88217736 15.7818544
1.90467111 15.8713245
1.92759487 15.9618211
1.95096031 16.0533627
1.97477948 16.1459678
1.99906491 16.2396555
2.02382956 16.3344455
2.04908688 16.4303578
2.07485082 16.527413
2.10113586 16.6256321
2.12795702 16.7250366
2.15532993 16.8256488
2.18327078 16.9274911
2.21179642 17.0305869
2.24092438 17.1349598
2.27067287 17.2406343
2.30106085 17.3476354
2.33210804 17.4559886
2.36383499 17.5657203
2.3962631 17.6768573
2.42941467 17.7894271
2.46331296 17.9034582
2.49798223 18.0189795
2.53344779 18.1360208
2.56973606 18.2546125
2.60687466 18.3747858
2.64489244 18.4965729
2.68381956 18.6200066
2.72368758 18.7451205
2.76452951 18.8719491
2.80637995 19.0005278
2.84927513 19.1308928
2.89325301 19.2630811
2.93835344 19.3971308
2.98461821 19.5330806
3.03209121 19.6709705
3.08081853 19.8108409
3.13084864 19.9527336
3.1822325 20.096691
3.23502374 20.2427563
3.28927881 20.3909739
3.3450572 20.5413887
3.40242161 20.6940467
3.46143815 20.8489943
3.52217662 21.006279
3.58471066 21.1659486
3.64911812 21.3280518
3.71548123 21.4926372
3.78388697 21.6597543
3.85442735 21.8294524
3.92719975 22.0017808
4.00230728 22.1767887
4.07985914 22.3545246
4.15997104 22.5350364
4.24276558 22.7183707
4.32837271 22.9045724
4.41693016 23.0936847
4.50858392 23.2857477
4.60348867 23.4807987
4.70180826 23.6788704
4.80371617 23.8799911
4.90939592 24.0841828
5.01904149 24.2914604
5.13285761 24.5018307
5.25106003 24.7152902
5.37387561 24.9318239
5.50154233 25.1514034
5.63430897 25.3739844
5.77243463 25.5995046
5.91618785 25.8278812
6.06584528 26.0590077
6.22168985 26.2927513
6.3840083 26.5289497
6.55308794 26.7674078
6.72921248 27.0078948
6.91265691 27.250141
7.10368122 27.4938364
7.30252291 27.7386281
7.50938835 27.9841208
7.72444292 28.2298776
7.94780031 28.4754236
8.17951113 28.7202521
8.41955172 28.9638333
8.66781364 29.2056276
8.92409524 29.4451017
9.1880963 29.6817488
9.45941747 29.9151121
9.73756552 30.1448094
10.0219658 30.3705592
10.3119824 30.5922037
10.6069455 30.8097277
10.9061852 31.0232699
11.2090686 31.2331252
11.5150377 31.4397354
11.8236443 31.6436698
12.1345768 31.8455963
12.4476788 32.0462455
12.7629555 32.2463736
13.0805689 32.446725
13.4008244 32.6480017
13.7241501 32.8508385
14.0510728 33.0557877
14.3821945 33.2633117
14.7181697 33.4737824
15.059688 33.6874858
15.4074597 33.9046298
15.7622072 34.1253543
16.1246596 34.3497408
16.4955513 34.5778219
16.8756249 34.8095897
17.2656355 35.0450021
17.6663586 35.283987
18.0786002 35.5264427
18.5032081 35.7722355
18.9410844 36.021191
19.393197 36.2730811
19.8605888 36.5276039
20.3443819 36.7843583
20.8457749 37.0428132
21.3660301 37.3022737
21.9064487 37.5618482
22.468335 37.8204192
23.0529474 38.0766227
23.6614418 38.3288417
24.2948088 38.5752161
24.9538131 38.8136725
25.6389404 39.0419723
26.3503584 39.2577776
27.0878995 39.458728
27.8510668 39.6425219
28.639067 39.8069934
29.4508658 39.9501752
30.2852621 40.070341
31.1409712 40.1660202
32.0167081 40.2359834
32.9112598 40.2792013
33.8235383 40.2947811
34.7526081 40.2818904
35.6976857 40.239677
36.658114 40.1671941
37.6333143 40.0633393
38.6227237 39.9268097
39.6257224 39.7560772
40.6415581 39.549382
41.6692697 39.3047433
42.7076126 39.0199867
43.7549882 38.6927865
44.8093777 38.3207238
45.8682846 37.9013613
46.9286868 37.4323347
47.9870063 36.9114611
49.0390985 36.3368614
50.0802696 35.7070944
51.1053245 35.0212954
52.108651 34.2793118
53.0843396 33.4818266
54.0263395 32.6304589
54.9286445 31.7278301
55.785501 30.7775873
56.5916261 29.7843756
57.3424221 28.7537568
58.0341715 27.6920752
58.6641991 26.6062769
59.2309884 25.5036919
59.7342433 24.3917916
60.1748915 23.2779392
60.5550278 22.1691462
60.8778024 21.0718531
61.1472646 19.9917454
61.3681712 18.9336171
61.5457774 17.9012851
61.6856221 16.8975575
61.7933243 15.9242502
61.8743986 14.9822467
61.9341002 14.0715894
61.9773017 13.1915945
62.0084035 12.3409811
62.0312759 11.5180053
62.0492323 10.7205966
62.0650316 9.94648797
62.0809065 9.193339
62.0986198 8.45884409
62.1195433 7.74082139
62.1447568 7.03727512
62.1751606 6.34642528
62.2115904 5.66669986
62.2549246 4.99668841
62.3061694 4.33505967
62.3665114 3.68045066
62.4373274 3.03133915
62.520147 2.38591393
62.6165693 1.7419592
62.7281375 1.09676821
62.8561855 0.447098871
63.0016692 -0.210820614
63.1650005 -0.881233695
63.3459006 -1.56874864
63.5432863 -2.27819196
63.7551992 -3.0144352
63.9787818 -3.78220999
64.2102993 -4.58592585
64.4452007 -5.42950268
64.6782109 -6.31622575
64.9034426 -7.24862662
65.1145208 -8.22838908
65.3047139 -9.25627685
65.4670673 -10.3320784
65.594543 -11.4545656
65.6801659 -12.6214647
65.7171816 -13.8294429
65.6992273 -15.0741144
65.6205157 -16.3500761
65.4760262 -17.6509803
65.2616931 -18.9696525
64.9745776 -20.2982582
64.6130062 -21.6285164
64.1766605 -22.9519512
63.666605 -24.2601675
63.0852473 -25.5451305
62.436231 -26.7994292
61.7242686 -28.0165063
60.9549288 -29.1908392
60.1343925 -30.3180641
59.2691945 -31.3950412
58.3659646 -32.4198607
57.4311801 -33.3917962
56.4709395 -34.3112078
55.490765 -35.1794039
54.4954417 -35.998465
53.4889007 -36.7710395
52.4741532 -37.5001202
51.4532789 -38.1888135
50.4274712 -38.8401168
49.3971348 -39.4567188
48.3620281 -40.0408355
47.3214366 -40.5940945
46.2743625 -41.1174715
45.2197133 -41.6112792
44.1564762 -42.0752041
43.0838663 -42.5083797
42.0014431 -42.9094868
40.9091938 -43.2768672
39.8075849 -43.6086437
38.6975882 -43.902837
37.5806838 -44.1574795
36.4588455 -44.3707222
35.3345091 -44.5409354
34.2105236 -44.666804
33.0900855 -44.7474118
31.9766536 -44.7823146
30.8738499 -44.7715926
29.7853467 -44.7158806
28.7147505 -44.6163692
27.6654884 -44.474778
26.6407066 -44.2933029
25.6431874 -44.0745407
24.67529 -43.8214006
23.7389151 -43.5370082
22.8354951 -43.2246102
21.9660047 -42.8874859
21.1309888 -42.5288696
20.3306028 -42.151887
19.5646603 -41.7595053
18.8326845 -41.3544978
18.1339593 -40.9394218
17.4675788 -40.5166066
16.8324921 -40.0881508
16.2275433 -39.6559267
15.6515059 -39.2215899
15.1031128 -38.7865912
14.5810797 -38.3521926
14.0841247 -37.9194824
13.6109837 -37.4893921
13.1604223 -37.0627122
12.731244 -36.6401075
12.3222968 -36.2221315
11.9324771 -35.8092401
11.5607325 -35.401803
11.2060623 -35.0001154
10.8675185 -34.6044076
10.5442044 -34.2148538
10.235274 -33.8315796
9.93992991 -33.4546695
9.65742176 -33.0841723
9.38704395 -32.7201068
9.1281335 -32.3624662
8.88006778 -32.011222
8.64226226 -31.6663278
8.41416831 -31.3277222
8.19527101 -30.9953313
7.98508709 -30.6690708
7.78316294 -30.3488486
7.5890727 -30.0345656
7.40241647 -29.7261178
7.22281861 -29.4233973
7.04992615 -29.1262932
6.88340731 -28.8346927
6.72295006 -28.5484817
6.56826083 -28.2675458
6.41906331 -27.9917704
6.27509728 -27.7210413
6.13611756 -27.4552451
6.00189302 -27.1942698
5.87220566 -26.9380045
5.74684976 -26.6863401
5.62563107 -26.4391693
5.5083661 -26.1963867
5.3948814 -25.9578888
5.28501292 -25.7235744
5.17860546 -25.4933445
5.07551206 -25.2671023
4.97559352 -25.0447531
4.8787179 -24.8262047
4.7847601 -24.611367
4.69360143 -24.4001523
4.60512921 -24.1924749
4.51923643 -23.9882516
4.4358214 -23.7874013
4.35478746 -23.5898448
4.27604264 -23.3955053
4.19949945 -23.2043081
4.12507457 -23.0161802
4.05268862 -22.831051
3.98226599 -22.6488516
3.91373456 -22.4695148
3.84702553 -22.2929758
3.78207327 -22.119171
3.7188151 -21.9480389
3.65719116 -21.7795195
3.59714424 -21.6135547
3.53861966 -21.4500878
3.48156513 -21.2890637
3.4259306 -21.1304288
3.37166818 -20.974131
3.31873202 -20.8201197
3.26707818 -20.6683455
3.21666457 -20.5187605
3.16745083 -20.371318
3.11939827 -20.2259727
3.07246976 -20.0826803
3.02662967 -19.9413979
2.9818438 -19.8020837
2.93807929 -19.6646969
2.89530459 -19.5291979
2.85348937 -19.3955481
2.81260447 -19.2637099
2.77262185 -19.1336468
2.73351454 -19.0053231
2.69525658 -18.8787041
2.657823 -18.753756
2.62118973 -18.6304459
2.5853336 -18.5087416
2.5502323 -18.3886118
2.5158643 -18.2700262
2.48220887 -18.1529549
2.449246 -18.0373689
2.4169564 -17.9232402
2.38532147 -17.810541
2.35432323 -17.6992446
2.32394435 -17.5893246
2.29416808 -17.4807557
2.26497825 -17.3735127
2.23635923 -17.2675714
2.20829592 -17.1629081
2.18077373 -17.0594995
2.15377854 -16.9573231
2.12729671 -16.8563566
2.10131504 -16.7565786
2.07582075 -16.6579681
2.05080148 -16.5605043
2.02624527 -16.4641673
2.00214053 -16.3689373
1.97847605 -16.2747953
1.95524096 -16.1817225
1.93242472 -16.0897005
1.91001714 -15.9987115
1.88800833 -15.908738
1.8663887 -15.8197628
1.84514895 -15.7317693
1.82428007 -15.6447411
1.80377331 -15.5586621
1.78362019 -15.4735168
1.76381248 -15.3892899
1.74434217 -15.3059664
1.72520151 -15.2235315
1.70638298 -15.1419711
1.68787923 -15.0612711
1.66968319 -14.9814178
1.65178793 -14.9023977
1.63418674 -14.8241976
1.61687312 -14.7468048
1.59984071 -14.6702065
1.58308336 -14.5943905
1.56659508 -14.5193446
1.55037003 -14.445057
1.53440256 -14.3715162
1.51868714 -14.2987106
1.50321841 -14.2266293
1.48799115 -14.1552613
1.47300028 -14.0845958
1.45824085 -14.0146225
1.44370805 -13.945331
1.42939718 -13.8767113
1.41530368 -13.8087534
1.4014231 -13.7414478
1.3877511 -13.674785
1.37428345 -13.6087555
1.36101606 -13.5433503
1.3479449 -13.4785605
1.33506606 -13.4143773
1.32237573 -13.350792
1.3098702 -13.2877961
1.29754584 -13.2253815
1.28539912 -13.16354
1.2734266 -13.1022635
1.26162489 -13.0415442
1.24999073 -12.9813745
1.23852092 -12.9217468
1.22721232 -12.8626537
1.2160619 -12.8040878
1.20506666 -12.7460422
1.19422371 -12.6885096
1.1835302 -12.6314834
1.17298337 -12.5749565
1.1625805 -12.5189226
1.15231896 -12.4633749
1.14219616 -12.4083071
1.13220957 -12.3537129
1.12235674 -12.2995861
1.11263525 -12.2459206
1.10304274 -12.1927105
1.09357693 -12.1399498
1.08423554 -12.0876328
1.0750164 -12.0357538
1.06591734 -11.9843072
1.05693626 -11.9332876
1.04807111 -11.8826896
1.03931987 -11.8325078
1.03068058 -11.7827371
1.02215131 -11.7333723
1.01373018 -11.6844084
1.00541535 -11.6358405
0.997205012 -11.5876635
0.989097401 -11.5398729
0.981090792 -11.4924638
0.973183493 -11.4454317
0.96537385 -11.3987718
0.957660243 -11.3524799
0.950041085 -11.3065514
0.942514823 -11.260982
0.935079935 -11.2157674
0.927734932 -11.1709034
0.920478353 -11.1263859
0.91330877 -11.0822108
0.906224781 -11.038374
0.899225015 -10.9948717
0.892308127 -10.9516999
0.885472799 -10.9088549
0.878717741 -10.8663327
0.872041686 -10.8241298
0.865443395 -10.7822425
0.858921651 -10.7406672
0.852475262 -10.6994003
0.846103061 -10.6584383
0.8398039 -10.6177778
0.833576656 -10.5774155
0.827420228 -10.5373479
0.821333535 -10.4975719
0.815315516 -10.4580841
0.809365133 -10.4188813
0.803481364 -10.3799605
0.79766321 -10.3413186
0.791909689 -10.3029524
0.786219838 -10.264859
0.780592711 -10.2270354
0.775027381 -10.1894787
0.769522938 -10.1521861
0.764078488 -10.1151546
0.758693154 -10.0783815
0.753366076 -10.0418641
0.748096408 -10.0055996
0.74288332 -9.9695853
0.737725999 -9.93381864
0.732623643 -9.89829697
0.727575468 -9.86301775
0.722580701 -9.82797843
0.717638587 -9.79317653
0.71274838 -9.75860958
0.707909349 -9.72427515
0.703120777 -9.69017086
0.698381958 -9.65629435
0.6936922 -9.62264329
0.689050821 -9.58921537
0.684457153 -9.55600834
0.679910538 -9.52301997
0.675410331 -9.49024805
0.670955896 -9.4576904
0.666546611 -9.42534488
0.66218186 -9.39320938
0.657861043 -9.36128181
0.653583565 -9.3295601
0.649348846 -9.29804222
0.645156312 -9.26672617
0.641005399 -9.23560996
0.636895556 -9.20469165
0.632826236 -9.1739693
0.628796906 -9.14344101
0.624807038 -9.1131049
0.620856115 -9.08295912
0.616943628 -9.05300183
0.613069076 -9.02323124
0.609231966 -8.99364554
0.605431813 -8.96424299
0.601668142 -8.93502185
0.597940483 -8.90598039
0.594248374 -8.87711692
0.590591362 -8.84842977
0.586968999 -8.81991729
0.583380847 -8.79157784
0.579826472 -8.76340981
0.57630545 -8.73541161
0.57281736 -8.70758166
0.569361791 -8.67991842
0.565938336 -8.65242035
0.562546597 -8.62508594
0.559186179 -8.59791368
0.555856696 -8.57090211
0.552557767 -8.54404976
0.549289015 -8.51735518
0.546050073 -8.49081696
0.542840575 -8.46443369
0.539660164 -8.43820397
0.536508486 -8.41212644
0.533385195 -8.38619972
0.530289948 -8.36042249
0.527222409 -8.33479342
0.524182245 -8.30931119
0.521169129 -8.28397451
0.51818274 -8.25878211
0.51522276 -8.23373271
0.512288877 -8.20882508
0.509380784 -8.18405796
0.506498175 -8.15943015
0.503640754 -8.13494043
0.500808226 -8.11058762
0.498000299 -8.08637053
0.49521669 -8.062288
0.492457115 -8.03833888
0.489721298 -8.01452203
0.487008964 -7.99083632
0.484319845 -7.96728064
0.481653674 -7.9438539
0.479010189 -7.92055499
0.476389133 -7.89738284
0.473790251 -7.8743364
0.471213292 -7.85141461
0.468658008 -7.82861643
0.466124156 -7.80594083
0.463611496 -7.7833868
0.46111979 -7.76095332
0.458648805 -7.73863941
0.456198311 -7.71644408
0.45376808 -7.69436635
0.451357888 -7.67240527
0.448967515 -7.65055988
0.446596742 -7.62882924
0.444245355 -7.60721243
0.441913141 -7.58570851
0.439599892 -7.56431658
0.437305402 -7.54303573
0.435029467 -7.52186508
0.432771887 -7.50080375
0.430532464 -7.47985085
0.428311002 -7.45900552
0.426107309 -7.43826692
0.423921196 -7.4176342
0.421752474 -7.39710651
0.419600959 -7.37668304
0.417466469 -7.35636296
0.415348823 -7.33614546
0.413247844 -7.31602975
0.411163356 -7.29601502
0.409095187 -7.27610049
0.407043165 -7.25628539
0.405007123 -7.23656895
0.402986894 -7.2169504
0.400982314 -7.19742899
0.398993221 -7.17800398
0.397019455 -7.15867463
0.395060859 -7.13944021
0.393117276 -7.12029999
0.391188553 -7.10125326
0.389274538 -7.08229931
0.387375082 -7.06343744
0.385490036 -7.04466696
0.383619254 -7.02598717
0.381762593 -7.0073974
0.37991991 -6.98889698
0.378091064 -6.97048524
0.376275916 -6.95216151
0.37447433 -6.93392514
0.37268617 -6.9157755
0.370911303 -6.89771193
0.369149596 -6.8797338
0.367400919 -6.86184048
0.365665145 -6.84403136
0.363942144 -6.82630581
0.362231793 -6.80866323
0.360533966 -6.79110301
0.358848542 -6.77362455
0.3571754 -6.75622726
0.35551442 -6.73891055
0.353865483 -6.72167385
0.352228475 -6.70451658
0.350603278 -6.68743817
0.34898978 -6.67043804
0.347387868 -6.65351566
0.345797431 -6.63667045
0.344218359 -6.61990187
0.342650544 -6.60320939
0.341093879 -6.58659245
0.339548257 -6.57005053
0.338013575 -6.5535831
0.336489729 -6.53718964
0.334976617 -6.52086962
0.333474138 -6.50462254
0.331982192 -6.48844788
0.330500681 -6.47234515
0.329029508 -6.45631383
0.327568575 -6.44035345
0.326117788 -6.4244635
0.324677053 -6.40864351
0.323246277 -6.39289299
0.321825368 -6.37721146
0.320414236 -6.36159845
0.31901279 -6.3460535
0.317620942 -6.33057614
0.316238604 -6.31516591
0.31486569 -6.29982236
0.313502113 -6.28454503
0.31214779 -6.26933347
0.310802636 -6.25418725
0.309466568 -6.23910593
0.308139505 -6.22408906
0.306821365 -6.20913622
0.30551207 -6.19424699
0.304211538 -6.17942093
0.302919693 -6.16465762
0.301636457 -6.14995666
0.300361753 -6.13531762
0.299095506 -6.1207401
0.29783764 -6.1062237
0.296588083 -6.09176801
0.29534676 -6.07737263
0.294113599 -6.06303717
0.29288853 -6.04876123
0.29167148 -6.03454444
0.29046238 -6.0203864
0.289261161 -6.00628674
0.288067754 -5.99224506
0.286882092 -5.97826101
0.285704107 -5.96433421
0.284533733 -5.95046429
0.283370905 -5.93665089
0.282215558 -5.92289364
0.281067627 -5.90919218
0.279927049 -5.89554617
0.278793762 -5.88195524
0.277667704 -5.86841904
0.276548812 -5.85493724
0.275437026 -5.84150948
0.274332285 -5.82813542
0.273234532 -5.81481473
0.272143705 -5.80154707
0.271059748 -5.78833211
0.269982603 -5.77516952
0.268912212 -5.76205896
0.267848519 -5.74900013
0.266791468 -5.73599269
0.265741004 -5.72303632
0.264697073 -5.71013072
0.263659619 -5.69727556
0.26262859 -5.68447053
0.261603933 -5.67171534
0.260585595 -5.65900966
0.259573524 -5.6463532
0.258567669 -5.63374565
0.257567978 -5.62118672
0.256574403 -5.60867611
0.255586892 -5.59621353
0.254605396 -5.58379868
0.253629867 -5.57143128
0.252660257 -5.55911104
0.251696517 -5.54683767
0.2507386 -5.53461089
0.24978646 -5.52243043
0.248840049 -5.510296
0.247899323 -5.49820734
0.246964235 -5.48616415
0.24603474 -5.47416619
0.245110795 -5.46221317
0.244192354 -5.45030483
0.243279374 -5.4384409
0.242371813 -5.42662112
0.241469626 -5.41484524
0.240572773 -5.40311299
0.23968121 -5.39142412
0.238794896 -5.37977836
0.237913791 -5.36817548
0.237037852 -5.35661522
0.236167041 -5.34509732
0.235301317 -5.33362155
0.23444064 -5.32218766
0.233584972 -5.3107954
0.232734273 -5.29944454
0.231888505 -5.28813484
0.23104763 -5.27686605
0.230211611 -5.26563794
0.22938041 -5.25445029
0.22855399 -5.24330285
0.227732314 -5.2321954
0.226915347 -5.22112771
0.226103052 -5.21009955
0.225295394 -5.19911069
0.224492337 -5.18816093
0.223693848 -5.17725002
0.22289989 -5.16637775
0.22211043 -5.15554391
0.221325435 -5.14474828
0.220544869 -5.13399064
0.219768701 -5.12327078
0.218996898 -5.11258849
0.218229425 -5.10194356
0.217466253 -5.09133577
0.216707347 -5.08076492
0.215952677 -5.07023082
0.21520221 -5.05973324
0.214455917 -5.04927199
0.213713766 -5.03884687
0.212975726 -5.02845768
0.212241768 -5.01810423
0.21151186 -5.0077863
0.210785974 -4.99750372
0.21006408 -4.98725628
0.209346149 -4.97704379
0.208632152 -4.96686606
0.20792206 -4.95672291
0.207215844 -4.94661414
0.206513478 -4.93653957
0.205814932 -4.92649901
0.205120179 -4.91649228
0.204429192 -4.9065192
0.203741943 -4.89657957
0.203058407 -4.88667323
0.202378555 -4.8768
0.201702363 -4.86695969
0.201029802 -4.85715213
0.200360849 -4.84737714
0.199695476 -4.83763456
0.199033658 -4.8279242
0.198375371 -4.81824591
0.197720589 -4.80859949
0.197069288 -4.7989848
0.196421442 -4.78940166
0.195777027 -4.7798499
0.19513602 -4.77032935
0.194498396 -4.76083986
0.193864132 -4.75138127
0.193233204 -4.74195339
0.192605588 -4.73255609
0.191981263 -4.72318919
0.191360204 -4.71385255
0.190742389 -4.70454599
0.190127796 -4.69526937
0.189516402 -4.68602253
0.188908185 -4.67680531
0.188303123 -4.66761756
0.187701195 -4.65845913
0.187102379 -4.64932988
0.186506654 -4.64022964
0.185913997 -4.63115826
0.18532439 -4.62211561
0.184737809 -4.61310153
0.184154236 -4.60411588
0.183573649 -4.59515852
0.182996029 -4.58622929
0.182421354 -4.57732805
0.181849606 -4.56845467
0.181280764 -4.559609
0.180714809 -4.5507909
0.180151721 -4.54200023
0.179591481 -4.53323686
0.17903407 -4.52450064
0.178479469 -4.51579145
0.177927659 -4.50710913
0.177378622 -4.49845357
0.176832338 -4.48982462
0.176288791 -4.48122215
0.175747961 -4.47264603
0.17520983 -4.46409613
0.174674382 -4.45557232
0.174141597 -4.44707447
0.173611458 -4.43860245
0.173083948 -4.43015614
0.17255905 -4.42173539
0.172036747 -4.4133401
0.171517021 -4.40497013
0.170999855 -4.39662536
0.170485234 -4.38830567
0.169973139 -4.38001093
0.169463556 -4.37174102
0.168956467 -4.36349583
0.168451856 -4.35527522
0.167949707 -4.34707908
0.167450005 -4.33890729
0.166952734 -4.33075973
0.166457877 -4.32263629
0.16596542 -4.31453685
0.165475346 -4.30646129
0.164987641 -4.29840949
0.16450229 -4.29038135
0.164019277 -4.28237675
0.163538587 -4.27439558
0.163060206 -4.26643772
0.162584119 -4.25850306
0.162110311 -4.25059149
0.161638769 -4.2427029
0.161169477 -4.23483719
0.160702421 -4.22699424
0.160237587 -4.21917394
0.159774962 -4.21137619
0.159314531 -4.20360088
0.158856281 -4.19584791
0.158400198 -4.18811717
0.157946267 -4.18040855
0.157494477 -4.17272195
0.157044813 -4.16505727
0.156597263 -4.1574144
0.156151812 -4.14979324
0.155708449 -4.1421937
0.15526716 -4.13461566
0.154827932 -4.12705904
0.154390752 -4.11952372
0.153955609 -4.11200962
0.153522488 -4.10451662
0.153091379 -4.09704465
0.152662268 -4.08959359
0.152235143 -4.08216334
0.151809993 -4.07475383
0.151386804 -4.06736494
0.150965566 -4.05999659
0.150546266 -4.05264868
0.150128892 -4.04532111
0.149713433 -4.0380138
0.149299876 -4.03072664
0.148888212 -4.02345956
0.148478427 -4.01621245
0.148070511 -4.00898523
0.147664453 -4.0017778
0.147260241 -3.99459008
0.146857864 -3.98742198
0.146457311 -3.9802734
0.146058571 -3.97314427
0.145661634 -3.96603448
0.145266489 -3.95894396
0.144873124 -3.95187262
0.144481529 -3.94482037
0.144091695 -3.93778712
0.143703609 -3.9307728
0.143317263 -3.92377731
0.142932645 -3.91680057
0.142549746 -3.90984251
0.142168555 -3.90290303
0.141789062 -3.89598205
0.141411258 -3.88907949
0.141035132 -3.88219527
0.140660674 -3.87532931
0.140287875 -3.86848152
0.139916725 -3.86165183
0.139547214 -3.85484016
0.139179333 -3.84804643
0.138813073 -3.84127055
0.138448423 -3.83451246
0.138085375 -3.82777207
0.137723919 -3.8210493
0.137364046 -3.81434408
0.137005747 -3.80765633
0.136649013 -3.80098597
0.136293834 -3.79433294
0.135940203 -3.78769715
0.135588109 -3.78107853
0.135237545 -3.774477
0.1348885 -3.76789249
0.134540968 -3.76132493
0.134194938 -3.75477425
0.133850403 -3.74824036
0.133507354 -3.74172321
0.133165782 -3.73522271
0.132825679 -3.72873879
0.132487038 -3.72227139
0.132149848 -3.71582043
0.131814103 -3.70938585
0.131479794 -3.70296757
0.131146913 -3.69656552
0.130815452 -3.69017964
0.130485403 -3.68380985
0.130156758 -3.67745609
0.129829509 -3.67111829
0.129503649 -3.66479639
0.129179169 -3.6584903
0.128856062 -3.65219998
0.12853432 -3.64592534
0.128213936 -3.63966633
0.127894902 -3.63342288
0.127577211 -3.62719492
0.127260855 -3.6209824
0.126945827 -3.61478523
0.126632119 -3.60860337
0.126319724 -3.60243674
0.126008635 -3.59628529
0.125698845 -3.59014894
0.125390347 -3.58402764
0.125083133 -3.57792133
0.124777197 -3.57182993
0.124472531 -3.5657534
0.124169128 -3.55969166
0.123866983 -3.55364466
0.123566087 -3.54761234
0.123266434 -3.54159463
0.122968017 -3.53559148
0.12267083 -3.52960282
0.122374866 -3.5236286
0.122080118 -3.51766875
0.121786579 -3.51172322
0.121494244 -3.50579195
0.121203106 -3.49987489
0.120913158 -3.49397196
0.120624393 -3.48808312
0.120336806 -3.48220831
0.120050391 -3.47634747
0.11976514 -3.47050054
0.119481048 -3.46466747
0.119198108 -3.4588482
0.118916315 -3.45304268
0.118635662 -3.44725085
0.118356143 -3.44147265
0.118077752 -3.43570803
0.117800484 -3.42995694
0.117524331 -3.42421931
0.11724929 -3.41849511
0.116975352 -3.41278427
0.116702513 -3.40708673
0.116430768 -3.40140245
0.116160109 -3.39573138
0.115890532 -3.39007346
0.11562203 -3.38442863
0.115354599 -3.37879685
0.115088232 -3.37317806
0.114822924 -3.36757222
0.11455867 -3.36197927
0.114295464 -3.35639915
0.1140333 -3.35083183
0.113772173 -3.34527725
0.113512078 -3.33973535
0.113253009 -3.33420609
0.112994962 -3.32868942
0.11273793 -3.32318529
0.112481909 -3.31769365
0.112226893 -3.31221446
0.111972877 -3.30674765
0.111719857 -3.30129319
0.111467826 -3.29585102
0.11121678 -3.2904211
0.110966714 -3.28500338
0.110717623 -3.27959781
0.110469501 -3.27420435
0.110222345 -3.26882295
0.109976148 -3.26345355
0.109730907 -3.25809612
0.109486615 -3.25275061
0.109243269 -3.24741698
0.109000864 -3.24209517
0.108759395 -3.23678513
0.108518857 -3.23148684
0.108279245 -3.22620024
0.108040555 -3.22092528
0.107802782 -3.21566192
0.107565922 -3.21041012
0.10732997 -3.20516983
0.107094921 -3.19994101
0.106860771 -3.19472361
0.106627515 -3.18951759
0.10639515 -3.18432291
0.10616367 -3.17913953
0.105933071 -3.17396739
0.105703348 -3.16880647
0.105474498 -3.16365671
0.105246516 -3.15851807
0.105019398 -3.15339051
0.104793139 -3.148274
0.104567735 -3.14316848
0.104343183 -3.13807392
0.104119477 -3.13299028
0.103896613 -3.1279175
0.103674588 -3.12285557
0.103453398 -3.11780442
0.103233038 -3.11276403
0.103013504 -3.10773435
0.102794792 -3.10271534
0.102576898 -3.09770696
0.102359819 -3.09270917
0.102143549 -3.08772194
0.101928086 -3.08274522
0.101713425 -3.07777898
0.101499563 -3.07282317
0.101286495 -3.06787775
0.101074218 -3.0629427
0.100862728 -3.05801796
0.100652021 -3.05310351
0.100442093 -3.0481993
0.10023294 -3.0433053
0.10002456 -3.03842146
0.0998169475 -3.03354776
0.0996100996 -3.02868415
0.0994040125 -3.02383059
0.0991986824 -3.01898706
0.0989941059 -3.01415351
0.0987902792 -3.0093299
0.0985871989 -3.0045162
0.0983848614 -2.99971238
0.0981832631 -2.9949184
0.0979824005 -2.99013421
0.0977822702 -2.9853598
0.0975828686 -2.98059511
0.0973841923 -2.97584012
0.097186238 -2.97109479
0.0969890021 -2.96635908
0.0967924812 -2.96163296
0.0965966721 -2.9569164
0.0964015714 -2.95220936
0.0962071757 -2.94751181
0.0960134818 -2.94282371
0.0958204863 -2.93814502
0.0956281859 -2.93347573
0.0954365775 -2.92881578
0.0952456578 -2.92416515
0.0950554235 -2.9195238
0.0948658716 -2.9148917
0.0946769987 -2.91026882
0.0944888018 -2.90565513
0.0943012778 -2.90105058
0.0941144234 -2.89645516
0.0939282356 -2.89186882
0.0937427113 -2.88729153
0.0935578475 -2.88272327
0.0933736411 -2.878164
0.093190089 -2.87361368
0.0930071883 -2.86907229
0.092824936 -2.8645398
0.0926433291 -2.86001616
0.0924623646 -2.85550136
0.0922820396 -2.85099536
0.0921023511 -2.84649813
0.0919232963 -2.84200964
0.0917448723 -2.83752986
0.0915670761 -2.83305875
0.091389905 -2.82859629
0.0912133561 -2.82414244
0.0910374265 -2.81969719
0.0908621134 -2.81526048
0.0906874142 -2.81083231
0.0905133259 -2.80641263
0.0903398458 -2.80200142
0.0901669712 -2.79759864
0.0899946993 -2.79320427
0.0898230275 -2.78881829
0.089651953 -2.78444065
0.0894814731 -2.78007133
0.0893115852 -2.7757103
0.0891422866 -2.77135753
0.0889735748 -2.767013
0.0888054469 -2.76267668
0.0886379005 -2.75834853
0.088470933 -2.75402853
0.0883045418 -2.74971666
0.0881387242 -2.74541287
0.0879734778 -2.74111715
0.0878088001 -2.73682947
0.0876446884 -2.7325498
0.0874811404 -2.72827811
0.0873181534 -2.72401438
0.0871557251 -2.71975857
0.0869938529 -2.71551067
0.0868325344 -2.71127064
0.0866717672 -2.70703845
0.0865115488 -2.70281409
0.0863518768 -2.69859751
0.0861927489 -2.69438871
0.0860341626 -2.69018764
0.0858761156 -2.68599429
0.0857186056 -2.68180863
0.08556163 -2.67763063
0.0854051868 -2.67346027
0.0852492734 -2.66929751
0.0850938876 -2.66514234
0.0849390272 -2.66099473
0.0847846898 -2.65685465
0.0846308732 -2.65272208
0.084477575 -2.648597
0.0843247932 -2.64447936
0.0841725254 -2.64036917
0.0840207694 -2.63626638
0.083869523 -2.63217097
0.083718784 -2.62808292
0.0835685502 -2.6240022
0.0834188195 -2.61992879
0.0832695897 -2.61586267
0.0831208587 -2.6118038
0.0829726242 -2.60775217
0.0828248843 -2.60370775
0.0826776367 -2.59967052
0.0825308794 -2.59564046
0.0823846103 -2.59161753
0.0822388273 -2.58760172
0.0820935283 -2.583593
0.0819487113 -2.57959135
0.0818043743 -2.57559674
0.0816605151 -2.57160916
0.0815171318 -2.56762858
0.0813742224 -2.56365497
0.0812317849 -2.55968831
0.0810898172 -2.55572859
0.0809483174 -2.55177577
0.0808072835 -2.54782984
0.0806667136 -2.54389077
0.0805266057 -2.53995853
0.0803869579 -2.53603312
0.0802477682 -2.5321145
0.0801090348 -2.52820265
0.0799707556 -2.52429755
0.0798329289 -2.52039918
0.0796955527 -2.51650751
0.0795586252 -2.51262253
0.0794221445 -2.50874421
0.0792861087 -2.50487253
0.079150516 -2.50100747
0.0790153645 -2.49714901
0.0788806524 -2.49329713
0.078746378 -2.48945179
0.0786125393 -2.485613
0.0784791346 -2.48178071
0.0783461621 -2.47795492
0.07821362 -2.47413559
0.0780815066 -2.47032272
0.07794982 -2.46651627
0.0778185586 -2.46271623
0.0776877206 -2.45892258
0.0775573042 -2.45513529
0.0774273077 -2.45135435
0.0772977294 -2.44757974
0.0771685676 -2.44381143
END
