SIMP
NP=4096
SW=20000
TYPE=SPE
DATA
0.0770405967 -2.44007227
0.0769122603 -2.43631647
0.0767843354 -2.43256692
0.0766568203 -2.42882359
0.0765297132 -2.42508647
0.0764030126 -2.42135553
0.0762767168 -2.41763076
0.0761508241 -2.41391214
0.076025333 -2.41019964
0.0759002418 -2.40649324
0.0757755489 -2.40279294
0.0756512526 -2.3990987
0.0755273515 -2.39541051
0.0754038438 -2.39172835
0.0752807281 -2.3880522
0.0751580027 -2.38438204
0.0750356661 -2.38071786
0.0749137167 -2.37705963
0.074792153 -2.37340733
0.0746709734 -2.36976095
0.0745501764 -2.36612046
0.0744297605 -2.36248586
0.0743097242 -2.35885711
0.0741900659 -2.3552342
0.0740707842 -2.35161712
0.0739518775 -2.34800585
0.0738333444 -2.34440036
0.0737151834 -2.34080064
0.073597393 -2.33720667
0.0734799717 -2.33361843
0.0733629182 -2.33003591
0.0732462309 -2.32645908
0.0731299084 -2.32288793
0.0730139492 -2.31932244
0.072898352 -2.3157626
0.0727831153 -2.31220838
0.0726682378 -2.30865977
0.0725537179 -2.30511676
0.0724395543 -2.30157931
0.0723257456 -2.29804742
0.0722122905 -2.29452107
0.0720991875 -2.29100025
0.0719864352 -2.28748492
0.0718740324 -2.28397509
0.0717619776 -2.28047072
0.0716502695 -2.27697181
0.0715389068 -2.27347834
0.071427888 -2.26999029
0.071317212 -2.26650764
0.0712068773 -2.26303037
0.0710968826 -2.25955848
0.0709872267 -2.25609194
0.0708779082 -2.25263074
0.0707689258 -2.24917485
0.0706602782 -2.24572428
0.0705519642 -2.24227899
0.0704439825 -2.23883897
0.0703363317 -2.23540421
0.0702290107 -2.23197469
0.0701220181 -2.22855039
0.0700153527 -2.2251313
0.0699090133 -2.2217174
0.0698029986 -2.21830868
0.0696973074 -2.21490511
0.0695919384 -2.2115067
0.0694868904 -2.20811341
0.0693821623 -2.20472523
0.0692777527 -2.20134215
0.0691736605 -2.19796415
0.0690698846 -2.19459123
0.0689664236 -2.19122335
0.0688632764 -2.1878605
0.0687604418 -2.18450268
0.0686579186 -2.18114987
0.0685557057 -2.17780204
0.068453802 -2.17445919
0.0683522061 -2.1711213
0.0682509171 -2.16778836
0.0681499336 -2.16446034
0.0680492547 -2.16113724
0.0679488791 -2.15781905
0.0678488057 -2.15450573
0.0677490335 -2.15119729
0.0676495612 -2.14789371
0.0675503877 -2.14459497
0.067451512 -2.14130106
0.0673529329 -2.13801195
0.0672546493 -2.13472765
0.0671566602 -2.13144814
0.0670589645 -2.12817339
0.0669615609 -2.1249034
0.0668644486 -2.12163815
0.0667676264 -2.11837762
0.0666710932 -2.11512181
0.066574848 -2.1118707
0.0664788897 -2.10862428
0.0663832172 -2.10538252
0.0662878296 -2.10214543
0.0661927257 -2.09891297
0.0660979045 -2.09568515
0.066003365 -2.09246194
0.0659091062 -2.08924334
0.065815127 -2.08602932
0.0657214264 -2.08281988
0.0656280034 -2.079615
0.065534857 -2.07641467
0.0654419862 -2.07321887
0.0653493899 -2.0700276
0.0652570673 -2.06684083
0.0651650172 -2.06365856
0.0650732387 -2.06048076
0.0649817308 -2.05730744
0.0648904926 -2.05413857
0.0647995231 -2.05097414
0.0647088212 -2.04781415
0.0646183861 -2.04465856
0.0645282167 -2.04150738
0.0644383122 -2.03836059
0.0643486715 -2.03521818
0.0642592937 -2.03208013
0.0641701779 -2.02894643
0.0640813232 -2.02581707
0.0639927286 -2.02269204
0.0639043931 -2.01957132
0.0638163159 -2.0164549
0.063728496 -2.01334277
0.0636409325 -2.01023491
0.0635536246 -2.00713132
0.0634665712 -2.00403198
0.0633797715 -2.00093687
0.0632932246 -1.99784599
0.0632069296 -1.99475933
0.0631208856 -1.99167687
0.0630350917 -1.98859859
0.0629495471 -1.9855245
0.0628642508 -1.98245456
0.062779202 -1.97938879
0.0626943997 -1.97632715
0.0626098433 -1.97326964
0.0625255317 -1.97021625
0.0624414641 -1.96716696
0.0623576396 -1.96412176
0.0622740575 -1.96108065
0.0621907169 -1.95804361
0.0621076168 -1.95501062
0.0620247565 -1.95198168
0.0619421352 -1.94895678
0.061859752 -1.94593589
0.0617776061 -1.94291902
0.0616956966 -1.93990615
0.0616140227 -1.93689727
0.0615325837 -1.93389236
0.0614513787 -1.93089142
0.0613704068 -1.92789443
0.0612896674 -1.92490138
0.0612091595 -1.92191227
0.0611288824 -1.91892708
0.0610488353 -1.91594579
0.0609690174 -1.9129684
0.0608894279 -1.9099949
0.0608100661 -1.90702527
0.060730931 -1.90405951
0.0606520221 -1.9010976
0.0605733384 -1.89813954
0.0604948793 -1.8951853
0.0604166438 -1.89223489
0.0603386314 -1.88928828
0.0602608412 -1.88634547
0.0601832725 -1.88340645
0.0601059245 -1.88047121
0.0600287964 -1.87753974
0.0599518876 -1.87461202
0.0598751973 -1.87168804
0.0597987246 -1.8687678
0.059722469 -1.86585128
0.0596464296 -1.86293848
0.0595706058 -1.86002938
0.0594949967 -1.85712397
0.0594196018 -1.85422224
0.0593444202 -1.85132418
0.0592694512 -1.84842979
0.0591946941 -1.84553904
0.0591201483 -1.84265194
0.059045813 -1.83976846
0.0589716874 -1.8368886
0.058897771 -1.83401236
0.058824063 -1.83113971
0.0587505626 -1.82827065
0.0586772693 -1.82540518
0.0586041823 -1.82254327
0.0585313009 -1.81968492
0.0584586244 -1.81683012
0.0583861523 -1.81397885
0.0583138837 -1.81113112
0.058241818 -1.80828691
0.0581699545 -1.8054462
0.0580982927 -1.802609
0.0580268317 -1.79977528
0.057955571 -1.79694505
0.0578845098 -1.79411828
0.0578136476 -1.79129498
0.0577429836 -1.78847512
0.0576725173 -1.78565871
0.0576022479 -1.78284573
0.0575321748 -1.78003617
0.0574622974 -1.77723002
0.0573926151 -1.77442728
0.0573231271 -1.77162792
0.0572538329 -1.76883196
0.0571847319 -1.76603936
0.0571158233 -1.76325014
0.0570471066 -1.76046427
0.0569785811 -1.75768174
0.0569102463 -1.75490255
0.0568421015 -1.75212669
0.0567741461 -1.74935415
0.0567063794 -1.74658492
0.0566388009 -1.74381898
0.05657141 -1.74105634
0.056504206 -1.73829698
0.0564371884 -1.73554089
0.0563703565 -1.73278807
0.0563037098 -1.7300385
0.0562372476 -1.72729218
0.0561709694 -1.72454909
0.0561048745 -1.72180924
0.0560389624 -1.7190726
0.0559732326 -1.71633917
0.0559076843 -1.71360894
0.0558423171 -1.7108819
0.0557771303 -1.70815805
0.0557121234 -1.70543737
0.0556472958 -1.70271986
0.055582647 -1.7000055
0.0555181763 -1.6972943
0.0554538832 -1.69458623
0.0553897671 -1.69188129
0.0553258275 -1.68917948
0.0552620639 -1.68648078
0.0551984756 -1.68378518
0.0551350621 -1.68109269
0.0550718229 -1.67840328
0.0550087573 -1.67571695
0.0549458649 -1.67303369
0.0548831452 -1.6703535
0.0548205975 -1.66767636
0.0547582213 -1.66500226
0.0546960162 -1.66233121
0.0546339815 -1.65966318
0.0545721167 -1.65699818
0.0545104213 -1.65433618
0.0544488947 -1.6516772
0.0543875365 -1.64902121
0.0543263462 -1.6463682
0.0542653231 -1.64371818
0.0542044667 -1.64107113
0.0541437767 -1.63842704
0.0540832523 -1.63578591
0.0540228932 -1.63314773
0.0539626988 -1.63051249
0.0539026686 -1.62788017
0.0538428021 -1.62525079
0.0537830987 -1.62262431
0.0537235581 -1.62000075
0.0536641796 -1.61738009
0.0536049629 -1.61476231
0.0535459073 -1.61214743
0.0534870124 -1.60953541
0.0534282777 -1.60692627
0.0533697027 -1.60431999
0.0533112869 -1.60171656
0.0532530299 -1.59911597
0.0531949311 -1.59651822
0.0531369901 -1.59392331
0.0530792063 -1.59133121
0.0530215794 -1.58874193
0.0529641088 -1.58615545
0.052906794 -1.58357178
0.0528496347 -1.5809909
0.0527926302 -1.5784128
0.0527357802 -1.57583747
0.0526790841 -1.57326492
0.0526225416 -1.57069512
0.0525661521 -1.56812809
0.0525099152 -1.56556379
0.0524538304 -1.56300224
0.0523978973 -1.56044342
0.0523421154 -1.55788732
0.0522864843 -1.55533394
0.0522310034 -1.55278327
0.0521756724 -1.5502353
0.0521204909 -1.54769003
0.0520654582 -1.54514744
0.0520105741 -1.54260753
0.0519558381 -1.5400703
0.0519012497 -1.53753574
0.0518468085 -1.53500383
0.051792514 -1.53247457
0.0517383659 -1.52994796
0.0516843636 -1.52742399
0.0516305068 -1.52490264
0.0515767951 -1.52238392
0.0515232279 -1.51986782
0.0514698048 -1.51735433
0.0514165256 -1.51484343
0.0513633896 -1.51233514
0.0513103965 -1.50982943
0.0512575459 -1.5073263
0.0512048374 -1.50482575
0.0511522705 -1.50232776
0.0510998448 -1.49983233
0.0510475599 -1.49733946
0.0509954155 -1.49484913
0.050943411 -1.49236135
0.0508915461 -1.4898761
0.0508398204 -1.48739337
0.0507882334 -1.48491316
0.0507367848 -1.48243547
0.0506854742 -1.47996028
0.0506343011 -1.47748759
0.0505832652 -1.4750174
0.050532366 -1.47254969
0.0504816033 -1.47008446
0.0504309765 -1.4676217
0.0503804853 -1.4651614
0.0503301292 -1.46270357
0.050279908 -1.46024819
0.0502298212 -1.45779526
0.0501798684 -1.45534476
0.0501300493 -1.4528967
0.0500803634 -1.45045107
0.0500308105 -1.44800786
0.04998139 -1.44556706
0.0499321016 -1.44312866
0.049882945 -1.44069267
0.0498339197 -1.43825907
0.0497850255 -1.43582786
0.0497362618 -1.43339904
0.0496876284 -1.43097258
0.0496391249 -1.4285485
0.0495907509 -1.42612678
0.0495425061 -1.42370742
0.04949439 -1.4212904
0.0494464023 -1.41887573
0.0493985427 -1.4164634
0.0493508108 -1.4140534
0.0493032062 -1.41164572
0.0492557286 -1.40924036
0.0492083776 -1.40683732
0.0491611529 -1.40443658
0.0491140541 -1.40203814
0.0490670808 -1.399642
0.0490202328 -1.39724814
0.0489735096 -1.39485657
0.0489269109 -1.39246727
0.0488804364 -1.39008024
0.0488340856 -1.38769548
0.0487878584 -1.38531297
0.0487417542 -1.38293272
0.0486957729 -1.38055471
0.048649914 -1.37817894
0.0486041772 -1.37580541
0.0485585622 -1.3734341
0.0485130686 -1.37106502
0.0484676961 -1.36869815
0.0484224443 -1.36633349
0.048377313 -1.36397104
0.0483323018 -1.36161078
0.0482874103 -1.35925272
0.0482426383 -1.35689685
0.0481979854 -1.35454315
0.0481534513 -1.35219163
0.0481090357 -1.34984228
0.0480647381 -1.3474951
0.0480205584 -1.34515007
0.0479764962 -1.34280719
0.0479325512 -1.34046646
0.047888723 -1.33812787
0.0478450114 -1.33579142
0.047801416 -1.33345709
0.0477579365 -1.33112489
0.0477145726 -1.32879481
0.0476713239 -1.32646684
0.0476281903 -1.32414097
0.0475851713 -1.32181721
0.0475422666 -1.31949554
0.047499476 -1.31717597
0.0474567992 -1.31485848
0.0474142357 -1.31254306
0.0473717854 -1.31022972
0.0473294479 -1.30791845
0.047287223 -1.30560924
0.0472451102 -1.30330209
0.0472031094 -1.30099699
0.0471612202 -1.29869393
0.0471194424 -1.29639292
0.0470777756 -1.29409394
0.0470362195 -1.29179699
0.0469947738 -1.28950206
0.0469534383 -1.28720916
0.0469122127 -1.28491827
0.0468710966 -1.28262938
0.0468300898 -1.2803425
0.046789192 -1.27805762
0.0467484029 -1.27577473
0.0467077223 -1.27349382
0.0466671497 -1.2712149
0.046626685 -1.26893796
0.0465863279 -1.26666298
0.0465460781 -1.26438997
0.0465059352 -1.26211893
0.0464658991 -1.25984983
0.0464259695 -1.25758269
0.046386146 -1.2553175
0.0463464284 -1.25305424
0.0463068164 -1.25079292
0.0462673098 -1.24853353
0.0462279082 -1.24627606
0.0461886114 -1.24402051
0.0461494192 -1.24176688
0.0461103312 -1.23951515
0.0460713472 -1.23726533
0.046032467 -1.23501741
0.0459936901 -1.23277139
0.0459550165 -1.23052725
0.0459164458 -1.228285
0.0458779778 -1.22604462
0.0458396121 -1.22380612
0.0458013486 -1.22156949
0.045763187 -1.21933472
0.0457251269 -1.21710182
0.0456871683 -1.21487076
0.0456493107 -1.21264156
0.0456115539 -1.2104142
0.0455738978 -1.20818868
0.045536342 -1.20596499
0.0454988862 -1.20374313
0.0454615303 -1.2015231
0.0454242739 -1.19930489
0.0453871169 -1.19708849
0.0453500589 -1.1948739
0.0453130997 -1.19266112
0.0452762391 -1.19045014
0.0452394769 -1.18824096
0.0452028127 -1.18603356
0.0451662463 -1.18382795
0.0451297775 -1.18162413
0.0450934061 -1.17942208
0.0450571318 -1.1772218
0.0450209543 -1.17502329
0.0449848734 -1.17282654
0.0449488889 -1.17063155
0.0449130006 -1.16843831
0.0448772081 -1.16624682
0.0448415113 -1.16405708
0.04480591 -1.16186907
0.0447704038 -1.1596828
0.0447349926 -1.15749825
0.044699676 -1.15531544
0.044664454 -1.15313434
0.0446293263 -1.15095496
0.0445942925 -1.14877729
0.0445593526 -1.14660133
0.0445245062 -1.14442707
0.0444897531 -1.1422545
0.0444550932 -1.14008363
0.0444205261 -1.13791445
0.0443860517 -1.13574696
0.0443516697 -1.13358114
0.0443173799 -1.131417
0.0442831821 -1.12925452
0.0442490761 -1.12709372
0.0442150616 -1.12493457
0.0441811384 -1.12277709
0.0441473063 -1.12062125
0.0441135651 -1.11846707
0.0440799145 -1.11631452
0.0440463544 -1.11416362
0.0440128845 -1.11201435
0.0439795046 -1.10986672
0.0439462145 -1.1077207
0.0439130139 -1.10557631
0.0438799027 -1.10343354
0.0438468807 -1.10129238
0.0438139476 -1.09915283
0.0437811033 -1.09701489
0.0437483474 -1.09487854
0.0437156799 -1.09274379
0.0436831004 -1.09061064
0.0436506089 -1.08847906
0.043618205 -1.08634908
0.0435858886 -1.08422067
0.0435536594 -1.08209383
0.0435215173 -1.07996857
0.0434894621 -1.07784487
0.0434574935 -1.07572273
0.0434256114 -1.07360215
0.0433938155 -1.07148313
0.0433621057 -1.06936565
0.0433304817 -1.06724972
0.0432989434 -1.06513532
0.0432674905 -1.06302247
0.0432361229 -1.06091115
0.0432048403 -1.05880135
0.0431736426 -1.05669308
0.0431425295 -1.05458633
0.0431115009 -1.0524811
0.0430805565 -1.05037737
0.0430496962 -1.04827516
0.0430189199 -1.04617444
0.0429882271 -1.04407523
0.0429576179 -1.04197751
0.042927092 -1.03988129
0.0428966492 -1.03778655
0.0428662894 -1.03569329
0.0428360122 -1.03360152
0.0428058177 -1.03151122
0.0427757054 -1.02942238
0.0427456754 -1.02733502
0.0427157273 -1.02524912
0.042685861 -1.02316468
0.0426560764 -1.02108169
0.0426263731 -1.01900016
0.0425967512 -1.01692007
0.0425672103 -1.01484142
0.0425377502 -1.01276422
0.0425083709 -1.01068845
0.0424790721 -1.00861411
0.0424498536 -1.0065412
0.0424207153 -1.00446971
0.042391657 -1.00239964
0.0423626784 -1.00033099
0.0423337795 -0.998263746
0.0423049601 -0.996197912
0.0422762199 -0.994133483
0.0422475588 -0.992070454
0.0422189766 -0.990008821
0.0421904732 -0.987948581
0.0421620483 -0.98588973
0.0421337019 -0.983832263
0.0421054337 -0.981776178
0.0420772435 -0.979721469
0.0420491312 -0.977668134
0.0420210967 -0.975616169
0.0419931397 -0.973565569
0.04196526 -0.971516332
0.0419374576 -0.969468452
0.0419097322 -0.967421928
0.0418820836 -0.965376754
0.0418545118 -0.963332927
0.0418270165 -0.961290443
0.0417995976 -0.959249299
0.0417722549 -0.95720949
0.0417449883 -0.955171014
0.0417177975 -0.953133866
0.0416906824 -0.951098043
0.0416636429 -0.949063541
0.0416366788 -0.947030357
0.0416097899 -0.944998486
0.0415829761 -0.942967924
0.0415562372 -0.94093867
0.0415295731 -0.938910718
0.0415029835 -0.936884065
0.0414764684 -0.934858707
0.0414500276 -0.932834642
0.0414236608 -0.930811864
0.0413973681 -0.928790371
0.0413711491 -0.926770159
0.0413450038 -0.924751224
0.041318932 -0.922733564
0.0412929335 -0.920717173
0.0412670082 -0.918702049
0.041241156 -0.916688188
0.0412153766 -0.914675586
0.04118967 -0.912664241
0.041164036 -0.910654148
0.0411384743 -0.908645303
0.041112985 -0.906637704
0.0410875678 -0.904631347
0.0410622225 -0.902626228
0.0410369491 -0.900622344
0.0410117474 -0.898619691
0.0409866172 -0.896618267
0.0409615584 -0.894618066
0.0409365709 -0.892619086
0.0409116544 -0.890621324
0.0408868089 -0.888624775
0.0408620342 -0.886629437
0.0408373301 -0.884635306
0.0408126966 -0.882642378
0.0407881334 -0.880650651
0.0407636405 -0.87866012
0.0407392176 -0.876670783
0.0407148648 -0.874682635
0.0406905817 -0.872695674
0.0406663682 -0.870709896
0.0406422243 -0.868725297
0.0406181498 -0.866741875
0.0405941446 -0.864759625
0.0405702084 -0.862778545
0.0405463412 -0.860798632
0.0405225429 -0.858819881
0.0404988132 -0.856842289
0.0404751521 -0.854865854
0.0404515594 -0.852890571
0.040428035 -0.850916437
0.0404045788 -0.84894345
0.0403811906 -0.846971606
0.0403578702 -0.8450009
0.0403346177 -0.843031331
0.0403114327 -0.841062895
0.0402883152 -0.839095588
0.0402652651 -0.837129408
0.0402422822 -0.835164351
0.0402193664 -0.833200413
0.0401965175 -0.831237591
0.0401737355 -0.829275883
0.0401510201 -0.827315285
0.0401283714 -0.825355793
0.0401057891 -0.823397405
0.0400832731 -0.821440117
0.0400608233 -0.819483925
0.0400384395 -0.817528828
0.0400161217 -0.815574821
0.0399938697 -0.813621901
0.0399716833 -0.811670065
0.0399495626 -0.809719311
0.0399275072 -0.807769633
0.0399055172 -0.805821031
0.0398835923 -0.803873499
0.0398617325 -0.801927036
0.0398399377 -0.799981638
0.0398182076 -0.798037301
0.0397965423 -0.796094023
0.0397749415 -0.794151801
0.0397534052 -0.792210631
0.0397319331 -0.79027051
0.0397105254 -0.788331435
0.0396891816 -0.786393403
0.0396679019 -0.784456411
0.039646686 -0.782520455
0.0396255339 -0.780585533
0.0396044453 -0.778651642
0.0395834203 -0.776718778
0.0395624586 -0.774786938
0.0395415602 -0.772856119
0.039520725 -0.770926319
0.0394999527 -0.768997533
0.0394792434 -0.76706976
0.0394585969 -0.765142995
0.0394380131 -0.763217236
0.0394174918 -0.76129248
0.0393970331 -0.759368724
0.0393766366 -0.757445964
0.0393563024 -0.755524198
0.0393360303 -0.753603422
0.0393158202 -0.751683634
0.039295672 -0.749764831
0.0392755856 -0.747847009
0.0392555609 -0.745930166
0.0392355978 -0.744014298
0.0392156961 -0.742099403
0.0391958557 -0.740185477
0.0391760766 -0.738272518
0.0391563586 -0.736360522
0.0391367016 -0.734449487
0.0391171056 -0.732539409
0.0390975703 -0.730630286
0.0390780958 -0.728722115
0.0390586818 -0.726814893
0.0390393284 -0.724908616
0.0390200353 -0.723003282
0.0390008025 -0.721098888
0.0389816298 -0.71919543
0.0389625172 -0.717292907
0.0389434646 -0.715391315
0.0389244719 -0.713490651
0.0389055389 -0.711590912
0.0388866655 -0.709692095
0.0388678517 -0.707794198
0.0388490974 -0.705897218
0.0388304024 -0.704001151
0.0388117666 -0.702105994
0.03879319 -0.700211746
0.0387746724 -0.698318402
0.0387562138 -0.696425961
0.038737814 -0.694534418
0.038719473 -0.692643772
0.0387011906 -0.69075402
0.0386829668 -0.688865158
0.0386648014 -0.686977183
0.0386466943 -0.685090094
0.0386286455 -0.683203887
0.0386106549 -0.681318559
0.0385927223 -0.679434107
0.0385748477 -0.677550529
0.038557031 -0.675667821
0.038539272 -0.673785982
0.0385215707 -0.671905007
0.038503927 -0.670024895
0.0384863408 -0.668145642
0.038468812 -0.666267246
0.0384513404 -0.664389704
0.0384339261 -0.662513013
0.0384165689 -0.66063717
0.0383992687 -0.658762172
0.0383820255 -0.656888017
0.0383648391 -0.655014703
0.0383477094 -0.653142225
0.0383306364 -0.651270582
0.0383136199 -0.64939977
0.03829666 -0.647529788
0.0382797564 -0.645660631
0.0382629091 -0.643792298
0.038246118 -0.641924786
0.038229383 -0.640058091
0.0382127041 -0.638192212
0.038196081 -0.636327145
0.0381795139 -0.634462887
0.0381630025 -0.632599437
0.0381465468 -0.630736791
0.0381301466 -0.628874947
0.038113802 -0.627013901
0.0380975128 -0.625153652
0.0380812789 -0.623294195
0.0380651003 -0.62143553
0.0380489768 -0.619577653
0.0380329084 -0.617720561
0.038016895 -0.615864252
0.0380009365 -0.614008722
0.0379850328 -0.61215397
0.0379691839 -0.610299993
0.0379533896 -0.608446788
0.0379376499 -0.606594352
0.0379219646 -0.604742682
0.0379063338 -0.602891777
0.0378907574 -0.601041633
0.0378752351 -0.599192248
0.037859767 -0.597343618
0.0378443531 -0.595495742
0.0378289931 -0.593648617
0.037813687 -0.59180224
0.0377984348 -0.589956609
0.0377832363 -0.58811172
0.0377680916 -0.586267572
0.0377530004 -0.584424161
0.0377379628 -0.582581486
0.0377229786 -0.580739542
0.0377080478 -0.578898329
0.0376931703 -0.577057843
0.037678346 -0.575218081
0.0376635748 -0.573379042
0.0376488567 -0.571540721
0.0376341916 -0.569703118
0.0376195794 -0.567866229
0.03760502 -0.566030052
0.0375905134 -0.564194583
0.0375760595 -0.562359822
0.0375616582 -0.560525764
0.0375473094 -0.558692408
0.0375330131 -0.55685975
0.0375187692 -0.555027789
0.0375045776 -0.553196521
0.0374904383 -0.551365945
0.0374763511 -0.549536057
0.037462316 -0.547706856
0.0374483329 -0.545878338
0.0374344018 -0.5440505
0.0374205226 -0.542223342
0.0374066952 -0.540396859
0.0373929195 -0.53857105
0.0373791955 -0.536745912
0.0373655231 -0.534921442
0.0373519022 -0.533097638
0.0373383328 -0.531274497
0.0373248147 -0.529452017
0.037311348 -0.527630195
0.0372979326 -0.52580903
0.0372845683 -0.523988517
0.0372712551 -0.522168656
0.037257993 -0.520349443
0.0372447819 -0.518530875
0.0372316217 -0.516712951
0.0372185123 -0.514895668
0.0372054537 -0.513079023
0.0371924458 -0.511263015
0.0371794885 -0.509447639
0.0371665819 -0.507632895
0.0371537257 -0.505818779
0.03714092 -0.50400529
0.0371281647 -0.502192424
0.0371154597 -0.500380179
0.037102805 -0.498568552
0.0370902004 -0.496757542
0.037077646 -0.494947146
0.0370651416 -0.493137361
0.0370526872 -0.491328185
0.0370402828 -0.489519616
0.0370279283 -0.487711651
0.0370156235 -0.485904287
0.0370033685 -0.484097522
0.0369911632 -0.482291354
0.0369790075 -0.480485781
0.0369669014 -0.478680799
0.0369548448 -0.476876407
0.0369428376 -0.475072602
0.0369308798 -0.473269381
0.0369189714 -0.471466743
0.0369071122 -0.469664685
0.0368953022 -0.467863204
0.0368835413 -0.466062298
0.0368718295 -0.464261965
0.0368601668 -0.462462203
0.036848553 -0.460663008
0.0368369881 -0.458864378
0.0368254721 -0.457066312
0.0368140049 -0.455268806
0.0368025864 -0.453471859
0.0367912165 -0.451675467
0.0367798953 -0.44987963
0.0367686227 -0.448084343
0.0367573986 -0.446289606
0.0367462229 -0.444495414
0.0367350956 -0.442701767
0.0367240167 -0.440908662
0.036712986 -0.439116096
0.0367020036 -0.437324067
0.0366910694 -0.435532573
0.0366801832 -0.433741611
0.0366693452 -0.43195118
0.0366585551 -0.430161275
0.036647813 -0.428371897
0.0366371189 -0.426583041
0.0366264725 -0.424794706
0.036615874 -0.423006889
0.0366053232 -0.421219588
0.0365948201 -0.419432801
0.0365843647 -0.417646525
0.0365739568 -0.415860758
0.0365635965 -0.414075498
0.0365532837 -0.412290742
0.0365430183 -0.410506488
0.0365328002 -0.408722734
0.0365226296 -0.406939477
0.0365125062 -0.405156716
0.03650243 -0.403374447
0.036492401 -0.401592669
0.0364824192 -0.399811379
0.0364724844 -0.398030575
0.0364625967 -0.396250255
0.036452756 -0.394470415
0.0364429622 -0.392691055
0.0364332153 -0.390912172
0.0364235152 -0.389133763
0.0364138619 -0.387355826
0.0364042554 -0.385578359
0.0363946956 -0.38380136
0.0363851824 -0.382024826
0.0363757158 -0.380248755
0.0363662958 -0.378473145
0.0363569223 -0.376697994
0.0363475953 -0.374923298
0.0363383147 -0.373149057
0.0363290804 -0.371375267
0.0363198925 -0.369601927
0.0363107509 -0.367829034
0.0363016555 -0.366056586
0.0362926063 -0.36428458
0.0362836033 -0.362513016
0.0362746464 -0.360741889
0.0362657355 -0.358971198
0.0362568706 -0.357200941
0.0362480518 -0.355431115
0.0362392788 -0.353661718
0.0362305518 -0.351892749
0.0362218706 -0.350124204
0.0362132351 -0.348356081
0.0362046455 -0.346588379
0.0361961016 -0.344821095
0.0361876033 -0.343054227
0.0361791507 -0.341287772
0.0361707437 -0.339521728
0.0361623822 -0.337756094
0.0361540663 -0.335990866
0.0361457958 -0.334226044
0.0361375708 -0.332461623
0.0361293911 -0.330697603
0.0361212568 -0.328933981
0.0361131678 -0.327170755
0.0361051241 -0.325407922
0.0360971256 -0.323645481
0.0360891724 -0.321883428
0.0360812642 -0.320121763
0.0360734012 -0.318360483
0.0360655833 -0.316599585
0.0360578104 -0.314839067
0.0360500825 -0.313078928
0.0360423996 -0.311319165
0.0360347616 -0.309559775
0.0360271685 -0.307800757
0.0360196203 -0.306042109
0.0360121169 -0.304283828
0.0360046582 -0.302525911
0.0359972443 -0.300768358
0.0359898752 -0.299011165
0.0359825507 -0.297254331
0.0359752708 -0.295497853
0.0359680355 -0.293741729
0.0359608448 -0.291985958
0.0359536987 -0.290230536
0.035946597 -0.288475461
0.0359395398 -0.286720732
0.035932527 -0.284966347
0.0359255587 -0.283212302
0.0359186347 -0.281458596
0.035911755 -0.279705227
0.0359049196 -0.277952193
0.0358981285 -0.276199491
0.0358913816 -0.27444712
0.0358846789 -0.272695076
0.0358780204 -0.270943359
0.035871406 -0.269191965
0.0358648357 -0.267440893
0.0358583095 -0.265690141
0.0358518273 -0.263939706
0.0358453892 -0.262189586
0.035838995 -0.26043978
0.0358326447 -0.258690284
0.0358263384 -0.256941097
0.035820076 -0.255192217
0.0358138574 -0.253443641
0.0358076826 -0.251695367
0.0358015516 -0.249947394
0.0357954644 -0.248199719
0.035789421 -0.24645234
0.0357834212 -0.244705254
0.0357774651 -0.242958461
0.0357715527 -0.241211957
0.0357656839 -0.23946574
0.0357598587 -0.237719809
0.035754077 -0.23597416
0.0357483389 -0.234228793
0.0357426443 -0.232483705
0.0357369932 -0.230738894
0.0357313855 -0.228994357
0.0357258213 -0.227250093
0.0357203005 -0.225506099
0.035714823 -0.223762374
0.0357093889 -0.222018915
0.0357039981 -0.22027572
0.0356986506 -0.218532787
0.0356933464 -0.216790114
0.0356880855 -0.215047698
0.0356828677 -0.213305539
0.0356776932 -0.211563632
0.0356725618 -0.209821978
0.0356674736 -0.208080572
0.0356624285 -0.206339414
0.0356574265 -0.204598501
0.0356524675 -0.202857831
0.0356475517 -0.201117402
0.0356426788 -0.199377212
0.035637849 -0.197637258
0.0356330621 -0.195897539
0.0356283182 -0.194158053
0.0356236172 -0.192418797
0.0356189592 -0.190679769
0.035614344 -0.188940968
0.0356097717 -0.187202391
0.0356052423 -0.185464036
0.0356007557 -0.1837259
0.0355963118 -0.181987983
0.0355919108 -0.180250282
0.0355875525 -0.178512794
0.035583237 -0.176775518
0.0355789642 -0.175038451
0.0355747341 -0.173301592
0.0355705467 -0.171564938
0.0355664019 -0.169828487
0.0355622998 -0.168092238
0.0355582403 -0.166356188
0.0355542234 -0.164620335
0.0355502491 -0.162884677
0.0355463173 -0.161149211
0.0355424281 -0.159413937
0.0355385814 -0.157678851
0.0355347773 -0.155943952
0.0355310156 -0.154209237
0.0355272964 -0.152474706
0.0355236196 -0.150740354
0.0355199853 -0.149006181
0.0355163934 -0.147272184
0.0355128439 -0.145538361
0.0355093368 -0.143804711
0.0355058721 -0.142071231
0.0355024497 -0.140337918
0.0354990697 -0.138604772
0.035495732 -0.136871789
0.0354924365 -0.135138969
0.0354891834 -0.133406308
0.0354859726 -0.131673805
0.035482804 -0.129941457
0.0354796776 -0.128209263
0.0354765935 -0.126477221
0.0354735516 -0.124745328
0.0354705519 -0.123013583
0.0354675944 -0.121281982
0.035464679 -0.119550525
0.0354618058 -0.11781921
0.0354589748 -0.116088033
0.0354561859 -0.114356994
0.0354534391 -0.11262609
0.0354507344 -0.110895318
0.0354480718 -0.109164678
0.0354454513 -0.107434166
0.0354428728 -0.105703782
0.0354403364 -0.103973522
0.0354378421 -0.102243385
0.0354353897 -0.100513368
0.0354329794 -0.0987834707
0.0354306111 -0.0970536895
0.0354282848 -0.0953240228
0.0354260005 -0.0935944687
0.0354237582 -0.091865025
0.0354215578 -0.0901356896
0.0354193994 -0.0884064607
0.0354172829 -0.086677336
0.0354152084 -0.0849483136
0.0354131757 -0.0832193913
0.035411185 -0.0814905673
0.0354092362 -0.0797618393
0.0354073293 -0.0780332055
0.0354054643 -0.0763046636
0.0354036412 -0.0745762118
0.0354018599 -0.0728478478
0.0354001205 -0.0711195698
0.0353984229 -0.0693913756
0.0353967672 -0.0676632633
0.0353951533 -0.0659352307
0.0353935813 -0.0642072758
0.0353920511 -0.0624793967
0.0353905627 -0.0607515912
0.0353891161 -0.0590238572
0.0353877113 -0.0572961929
0.0353863482 -0.0555685961
0.035385027 -0.0538410648
0.0353837476 -0.0521135969
0.0353825099 -0.0503861904
0.035381314 -0.0486588433
0.0353801599 -0.0469315536
0.0353790475 -0.0452043191
0.0353779769 -0.0434771379
0.035376948 -0.041750008
0.0353759609 -0.0400229272
0.0353750155 -0.0382958936
0.0353741118 -0.036568905
0.0353732499 -0.0348419596
0.0353724297 -0.0331150552
0.0353716512 -0.0313881898
0.0353709145 -0.0296613614
0.0353702194 -0.0279345679
0.0353695661 -0.0262078073
0.0353689545 -0.0244810775
0.0353683846 -0.0227543766
0.0353678563 -0.0210277025
0.0353673698 -0.0193010532
0.035366925 -0.0175744265
0.0353665219 -0.0158478206
0.0353661604 -0.0141212333
0.0353658407 -0.0123946626
0.0353655627 -0.0106681065
0.0353653263 -0.00894156297
0.0353651316 -0.00721502995
0.0353649786 -0.00548850541
0.0353648673 -0.00376198731
0.0353647977 -0.00203547363
0.0353647698 -0.000308962332
0.0353647836 0.00141754862
0.035364839 0.00314406127
0.0353649362 0.00487057763
0.035365075 0.00659709976
0.0353652555 0.00832362967
0.0353654777 0.0100501694
0.0353657416 0.011776721
0.0353660471 0.0135032865
0.0353663944 0.0152298679
0.0353667834 0.0169564673
0.035367214 0.0186830867
0.0353676864 0.0204097281
0.0353682004 0.0221363936
0.0353687562 0.0238630852
0.0353693537 0.0255898049
0.0353699928 0.0273165548
0.0353706737 0.0290433368
0.0353713963 0.0307701532
0.0353721606 0.0324970058
0.0353729666 0.0342238967
0.0353738144 0.035950828
0.0353747039 0.0376778016
0.0353756351 0.0394048197
0.035376608 0.0411318843
0.0353776227 0.0428589973
0.0353786792 0.0445861609
0.0353797773 0.046313377
0.0353809173 0.0480406477
0.035382099 0.0497679751
0.0353833225 0.0514953612
0.0353845877 0.0532228079
0.0353858948 0.0549503175
0.0353872436 0.0566778918
0.0353886342 0.058405533
0.0353900666 0.060133243
0.0353915408 0.061861024
0.0353930568 0.0635888779
0.0353946147 0.0653168068
0.0353962143 0.0670448128
0.0353978558 0.0687728978
0.0353995392 0.070501064
0.0354012644 0.0722293133
0.0354030314 0.0739576478
0.0354048404 0.0756860696
0.0354066912 0.0774145806
0.0354085838 0.079143183
0.0354105184 0.0808718788
0.0354124949 0.0826006699
0.0354145133 0.0843295586
0.0354165736 0.0860585468
0.0354186758 0.0877876365
0.03542082 0.0895168298
0.0354230061 0.0912461288
0.0354252342 0.0929755354
0.0354275043 0.0947050518
0.0354298163 0.0964346801
0.0354321704 0.0981644221
0.0354345664 0.09989428
0.0354370045 0.101624256
0.0354394846 0.103354352
0.0354420067 0.10508457
0.0354445708 0.106814912
0.0354471771 0.10854538
0.0354498254 0.110275976
0.0354525158 0.112006703
0.0354552483 0.113737562
0.0354580229 0.115468555
0.0354608397 0.117199685
0.0354636986 0.118930953
0.0354665996 0.120662362
0.0354695428 0.122393913
0.0354725282 0.124125609
0.0354755558 0.125857452
0.0354786256 0.127589443
0.0354817376 0.129321585
0.0354848918 0.13105388
0.0354880883 0.13278633
0.0354913271 0.134518937
0.0354946082 0.136251704
0.0354979315 0.137984631
0.0355012972 0.139717721
0.0355047052 0.141450977
0.0355081556 0.1431844
0.0355116483 0.144917993
0.0355151834 0.146651756
0.0355187609 0.148385694
0.0355223809 0.150119807
0.0355260432 0.151854098
0.035529748 0.153588568
0.0355334953 0.15532322
0.035537285 0.157058057
0.0355411173 0.158793079
0.0355449921 0.160528289
0.0355489094 0.162263689
0.0355528693 0.163999282
0.0355568717 0.165735068
0.0355609168 0.167471051
0.0355650045 0.169207233
0.0355691348 0.170943615
0.0355733077 0.172680199
0.0355775233 0.174416989
0.0355817817 0.176153985
0.0355860827 0.177891189
0.0355904265 0.179628605
0.035594813 0.181366234
0.0355992423 0.183104078
0.0356037144 0.184842139
0.0356082294 0.186580419
0.0356127871 0.188318921
0.0356173878 0.190057646
0.0356220313 0.191796596
0.0356267177 0.193535774
0.0356314471 0.195275182
0.0356362194 0.197014822
0.0356410346 0.198754696
0.0356458929 0.200494805
0.0356507942 0.202235153
0.0356557385 0.203975741
0.035660726 0.205716571
0.0356657565 0.207457646
0.0356708301 0.209198967
0.0356759468 0.210940537
0.0356811067 0.212682358
0.0356863099 0.214424431
0.0356915562 0.21616676
0.0356968457 0.217909345
0.0357021786 0.21965219
0.0357075547 0.221395296
0.0357129741 0.223138665
0.0357184369 0.2248823
0.035723943 0.226626202
0.0357294926 0.228370374
0.0357350855 0.230114818
0.0357407219 0.231859536
0.0357464018 0.23360453
0.0357521252 0.235349802
0.0357578921 0.237095355
0.0357637025 0.23884119
0.0357695566 0.240587309
0.0357754543 0.242333716
0.0357813956 0.244080411
0.0357873805 0.245827397
0.0357934092 0.247574676
0.0357994816 0.249322251
0.0358055978 0.251070123
0.0358117577 0.252818294
0.0358179615 0.254566767
0.0358242091 0.256315544
0.0358305005 0.258064626
0.0358368359 0.259814017
0.0358432153 0.261563718
0.0358496385 0.263313731
0.0358561058 0.265064059
0.0358626171 0.266814704
0.0358691725 0.268565667
0.035875772 0.270316951
0.0358824156 0.272068559
0.0358891033 0.273820491
0.0358958353 0.275572751
0.0359026114 0.277325341
0.0359094318 0.279078262
0.0359162965 0.280831517
0.0359232056 0.282585108
0.0359301589 0.284339038
0.0359371567 0.286093308
0.0359441989 0.28784792
0.0359512855 0.289602877
0.0359584166 0.291358181
0.0359655923 0.293113834
0.0359728125 0.294869838
0.0359800772 0.296626196
0.0359873867 0.298382909
0.0359947408 0.30013998
0.0360021395 0.30189741
0.0360095831 0.303655203
0.0360170714 0.305413361
0.0360246045 0.307171884
0.0360321824 0.308930777
0.0360398052 0.31069004
0.036047473 0.312449676
0.0360551857 0.314209688
0.0360629433 0.315970077
0.0360707461 0.317730846
0.0360785938 0.319491996
0.0360864867 0.321253531
0.0360944248 0.323015451
0.036102408 0.324777761
0.0361104364 0.32654046
0.0361185101 0.328303553
0.0361266292 0.330067041
0.0361347935 0.331830926
0.0361430032 0.33359521
0.0361512584 0.335359896
0.036159559 0.337124987
0.0361679051 0.338890483
0.0361762967 0.340656387
0.0361847339 0.342422703
0.0361932168 0.344189431
0.0362017453 0.345956574
0.0362103195 0.347724134
0.0362189395 0.349492114
0.0362276053 0.351260515
0.0362363169 0.353029341
0.0362450743 0.354798592
0.0362538777 0.356568272
0.0362627271 0.358338383
0.0362716224 0.360108927
0.0362805638 0.361879906
0.0362895513 0.363651322
0.036298585 0.365423178
0.0363076648 0.367195476
0.0363167908 0.368968218
0.0363259631 0.370741406
0.0363351818 0.372515043
0.0363444468 0.374289132
0.0363537582 0.376063673
0.036363116 0.37783867
0.0363725203 0.379614124
0.0363819712 0.381390039
0.0363914687 0.383166416
0.0364010128 0.384943257
0.0364106036 0.386720565
0.0364202412 0.388498343
0.0364299255 0.390276592
0.0364396566 0.392055314
0.0364494346 0.393834512
0.0364592596 0.395614189
0.0364691315 0.397394346
0.0364790504 0.399174986
0.0364890164 0.400956112
0.0364990295 0.402737724
0.0365090898 0.404519827
0.0365191973 0.406302421
0.0365293521 0.40808551
0.0365395542 0.409869095
0.0365498036 0.41165318
0.0365601005 0.413437765
0.0365704449 0.415222854
0.0365808368 0.417008449
0.0365912762 0.418794553
0.0366017633 0.420581167
0.036612298 0.422368294
0.0366228805 0.424155935
0.0366335108 0.425944095
0.0366441889 0.427732774
0.0366549149 0.429521976
0.0366656888 0.431311702
0.0366765107 0.433101955
0.0366873807 0.434892737
0.0366982988 0.436684051
0.036709265 0.438475899
0.0367202795 0.440268282
0.0367313422 0.442061205
0.0367424533 0.443854668
0.0367536127 0.445648675
0.0367648206 0.447443228
0.0367760769 0.449238328
0.0367873818 0.451033979
0.0367987353 0.452830183
0.0368101375 0.454626942
0.0368215883 0.456424259
0.036833088 0.458222135
0.0368446365 0.460020574
0.0368562339 0.461819577
0.0368678802 0.463619148
0.0368795755 0.465419288
0.0368913199 0.46722
0.0369031134 0.469021286
0.0369149561 0.470823149
0.0369268481 0.47262559
0.0369387893 0.474428614
0.03695078 0.476232221
0.03696282 0.478036414
0.0369749095 0.479841196
0.0369870486 0.481646569
0.0369992373 0.483452536
0.0370114756 0.485259099
0.0370237637 0.48706626
0.0370361016 0.488874022
0.0370484893 0.490682387
0.0370609269 0.492491357
0.0370734146 0.494300936
0.0370859522 0.496111125
0.03709854 0.497921928
0.0371111779 0.499733345
0.0371238661 0.501545381
0.0371366046 0.503358037
0.0371493934 0.505171316
0.0371622327 0.50698522
0.0371751225 0.508799751
0.0371880628 0.510614913
0.0372010537 0.512430707
0.0372140954 0.514247137
0.0372271878 0.516064204
0.037240331 0.517881911
0.0372535251 0.519700261
0.0372667702 0.521519256
0.0372800663 0.523338898
0.0372934135 0.52515919
0.0373068118 0.526980135
0.0373202614 0.528801735
0.0373337623 0.530623992
0.0373473145 0.53244691
0.0373609182 0.534270489
0.0373745734 0.536094734
0.0373882802 0.537919647
0.0374020386 0.539745229
0.0374158488 0.541571484
0.0374297107 0.543398414
0.0374436245 0.545226022
0.0374575902 0.54705431
0.0374716079 0.54888328
0.0374856777 0.550712936
0.0374997997 0.55254328
0.0375139738 0.554374314
0.0375282003 0.556206041
0.0375424791 0.558038463
0.0375568104 0.559871583
0.0375711942 0.561705404
0.0375856305 0.563539928
0.0376001196 0.565375157
0.0376146613 0.567211095
0.0376292559 0.569047744
0.0376439034 0.570885106
0.0376586038 0.572723184
0.0376733573 0.57456198
0.0376881639 0.576401498
0.0377030237 0.57824174
0.0377179367 0.580082707
0.0377329031 0.581924404
0.037747923 0.583766833
0.0377629963 0.585609995
0.0377781232 0.587453894
0.0377933038 0.589298533
0.0378085381 0.591143914
0.0378238262 0.592990039
0.0378391683 0.594836912
0.0378545643 0.596684534
0.0378700144 0.598532909
0.0378855186 0.600382039
0.037901077 0.602231927
0.0379166898 0.604082576
0.0379323569 0.605933987
0.0379480785 0.607786164
0.0379638546 0.60963911
0.0379796854 0.611492827
0.0379955709 0.613347318
0.0380115112 0.615202585
0.0380275063 0.617058631
0.0380435564 0.618915459
0.0380596616 0.620773071
0.0380758219 0.62263147
0.0380920375 0.62449066
0.0381083083 0.626350642
0.0381246345 0.628211419
0.0381410162 0.630072994
0.0381574535 0.631935369
0.0381739464 0.633798549
0.0381904951 0.635662534
0.0382070995 0.637527328
0.0382237599 0.639392933
0.0382404763 0.641259353
0.0382572488 0.64312659
0.0382740774 0.644994646
0.0382909624 0.646863525
0.0383079036 0.648733229
0.0383249014 0.650603761
0.0383419556 0.652475124
0.0383590665 0.654347321
0.0383762341 0.656220353
0.0383934585 0.658094225
0.0384107399 0.659968938
0.0384280782 0.661844496
0.0384454736 0.663720902
0.0384629261 0.665598157
0.038480436 0.667476266
0.0384980032 0.66935523
0.0385156279 0.671235053
0.0385333101 0.673115737
0.03855105 0.674997285
0.0385688476 0.6768797
0.0385867031 0.678762985
0.0386046165 0.680647143
0.0386225879 0.682532176
0.0386406174 0.684418087
0.0386587052 0.686304879
0.0386768513 0.688192555
0.0386950558 0.690081119
0.0387133189 0.691970571
0.0387316405 0.693860917
0.0387500209 0.695752157
0.0387684601 0.697644296
0.0387869582 0.699537336
0.0388055153 0.70143128
0.0388241315 0.703326131
0.0388428069 0.705221892
0.0388615417 0.707118565
0.0388803358 0.709016154
0.0388991895 0.710914661
0.0389181028 0.712814089
0.0389370759 0.714714442
0.0389561087 0.716615722
0.0389752015 0.718517932
0.0389943544 0.720421075
0.0390135673 0.722325154
0.0390328405 0.724230172
0.0390521741 0.726136132
0.0390715681 0.728043037
0.0390910227 0.729950889
0.0391105379 0.731859692
0.0391301139 0.733769448
0.0391497508 0.735680162
0.0391694487 0.737591834
0.0391892077 0.73950447
0.0392090279 0.741418071
0.0392289094 0.74333264
0.0392488523 0.745248181
0.0392688568 0.747164697
0.0392889229 0.74908219
0.0393090507 0.751000663
0.0393292404 0.75292012
0.0393494921 0.754840564
0.0393698059 0.756761997
0.0393901819 0.758684423
0.0394106202 0.760607845
0.0394311209 0.762532265
0.0394516841 0.764457687
0.03947231 0.766384114
0.0394929987 0.768311549
0.0395137503 0.770239995
0.0395345648 0.772169454
0.0395554425 0.774099931
0.0395763834 0.776031428
0.0395973876 0.777963948
0.0396184553 0.779897495
0.0396395865 0.781832071
0.0396607815 0.783767679
0.0396820403 0.785704324
0.039703363 0.787642007
0.0397247498 0.789580731
0.0397462007 0.791520501
0.039767716 0.793461319
0.0397892956 0.795403189
0.0398109398 0.797346113
0.0398326486 0.799290094
0.0398544223 0.801235136
0.0398762608 0.803181242
0.0398981643 0.805128415
0.039920133 0.807076659
0.0399421669 0.809025976
0.0399642663 0.810976369
0.0399864312 0.812927842
0.0400086617 0.814880399
0.0400309579 0.816834041
0.0400533201 0.818788773
0.0400757483 0.820744598
0.0400982427 0.822701518
0.0401208033 0.824659538
0.0401434303 0.826618659
0.0401661239 0.828578887
0.0401888841 0.830540223
0.0402117111 0.832502672
0.040234605 0.834466235
0.040257566 0.836430918
0.0402805942 0.838396722
0.0403036897 0.840363651
0.0403268526 0.842331709
0.0403500831 0.844300899
0.0403733813 0.846271223
0.0403967474 0.848242686
0.0404201814 0.850215291
0.0404436835 0.852189041
0.0404672539 0.854163939
0.0404908927 0.856139988
0.0405146 0.858117193
0.040538376 0.860095556
0.0405622207 0.86207508
0.0405861344 0.86405577
0.0406101171 0.866037628
0.0406341691 0.868020658
0.0406582904 0.870004863
0.0406824811 0.871990246
0.0407067415 0.873976812
0.0407310717 0.875964562
0.0407554717 0.877953502
0.0407799419 0.879943633
0.0408044822 0.881934961
0.0408290928 0.883927487
0.0408537739 0.885921215
0.0408785256 0.88791615
0.0409033481 0.889912294
0.0409282415 0.89190965
0.0409532059 0.893908223
0.0409782416 0.895908016
0.0410033486 0.897909031
0.041028527 0.899911274
0.0410537772 0.901914746
0.0410790991 0.903919453
0.0411044929 0.905925396
0.0411299588 0.90793258
0.041155497 0.909941008
0.0411811075 0.911950684
0.0412067906 0.913961611
0.0412325463 0.915973793
0.0412583749 0.917987234
0.0412842765 0.920001936
0.0413102513 0.922017904
0.0413362993 0.92403514
0.0413624208 0.92605365
0.0413886158 0.928073435
0.0414148847 0.930094501
0.0414412275 0.932116849
0.0414676443 0.934140485
0.0414941353 0.936165412
0.0415207008 0.938191632
0.0415473408 0.940219151
0.0415740555 0.942247971
0.0416008451 0.944278096
0.0416277096 0.94630953
0.0416546494 0.948342276
0.0416816645 0.950376339
0.0417087552 0.952411722
0.0417359215 0.954448428
0.0417631636 0.956486461
0.0417904817 0.958525825
0.041817876 0.960566524
0.0418453466 0.962608561
0.0418728937 0.96465194
0.0419005174 0.966696665
0.041928218 0.96874274
0.0419559956 0.970790167
0.0419838503 0.972838952
0.0420117824 0.974889098
0.0420397919 0.976940608
0.0420678791 0.978993487
0.0420960442 0.981047738
0.0421242872 0.983103365
0.0421526084 0.985160372
0.042181008 0.987218762
0.0422094861 0.98927854
0.0422380429 0.991339709
0.0422666786 0.993402273
0.0422953933 0.995466236
0.0423241872 0.997531602
0.0423530605 0.999598374
0.0423820134 1.00166656
0.0424110461 1.00373615
0.0424401587 1.00580717
0.0424693514 1.00787961
0.0424986243 1.00995347
0.0425279778 1.01202877
0.0425574119 1.0141055
0.0425869268 1.01618366
0.0426165227 1.01826327
0.0426461998 1.02034432
0.0426759583 1.02242683
0.0427057984 1.02451079
0.0427357202 1.0265962
0.0427657239 1.02868308
0.0427958098 1.03077142
0.0428259779 1.03286123
0.0428562286 1.03495252
0.0428865619 1.03704529
0.0429169781 1.03913953
0.0429474774 1.04123526
0.0429780599 1.04333249
0.0430087258 1.0454312
0.0430394754 1.04753142
0.0430703088 1.04963313
0.0431012262 1.05173635
0.0431322278 1.05384109
0.0431633139 1.05594733
0.0431944845 1.0580551
0.04322574 1.06016439
0.0432570804 1.0622752
0.043288506 1.06438755
0.043320017 1.06650143
0.0433516136 1.06861685
0.043383296 1.07073382
0.0434150644 1.07285233
0.0434469189 1.0749724
0.0434788599 1.07709402
0.0435108874 1.0792172
0.0435430018 1.08134194
0.0435752031 1.08346826
0.0436074917 1.08559614
0.0436398677 1.08772561
0.0436723313 1.08985665
0.0437048827 1.09198929
0.0437375221 1.09412351
0.0437702498 1.09625933
0.043803066 1.09839674
0.0438359708 1.10053576
0.0438689645 1.10267638
0.0439020473 1.10481862
0.0439352193 1.10696248
0.0439684809 1.10910795
0.0440018322 1.11125505
0.0440352735 1.11340378
0.0440688049 1.11555414
0.0441024267 1.11770614
0.0441361391 1.11985978
0.0441699423 1.12201507
0.0442038366 1.12417201
0.044237822 1.12633061
0.044271899 1.12849086
0.0443060677 1.13065278
0.0443403282 1.13281637
0.0443746809 1.13498164
0.044409126 1.13714858
0.0444436637 1.1393172
0.0444782941 1.14148751
0.0445130177 1.14365952
0.0445478344 1.14583322
0.0445827447 1.14800862
0.0446177487 1.15018572
0.0446528467 1.15236454
0.0446880389 1.15454507
0.0447233255 1.15672731
0.0447587067 1.15891129
0.0447941828 1.16109699
0.044829754 1.16328442
0.0448654206 1.16547359
0.0449011828 1.16766451
0.0449370408 1.16985717
0.0449729949 1.17205158
0.0450090453 1.17424775
0.0450451923 1.17644568
0.045081436 1.17864537
0.0451177768 1.18084684
0.0451542148 1.18305008
0.0451907503 1.1852551
0.0452273836 1.1874619
0.045264115 1.1896705
0.0453009445 1.19188089
0.0453378726 1.19409307
0.0453748994 1.19630707
0.0454120252 1.19852287
0.0454492503 1.20074048
0.0454865748 1.20295991
0.0455239991 1.20518117
0.0455615234 1.20740425
0.045599148 1.20962917
0.045636873 1.21185592
0.0456746989 1.21408452
0.0457126257 1.21631496
0.0457506539 1.21854726
0.0457887836 1.22078142
0.0458270151 1.22301743
0.0458653486 1.22525532
0.0459037845 1.22749508
0.0459423229 1.22973671
0.0459809642 1.23198023
0.0460197086 1.23422563
0.0460585564 1.23647293
0.0460975078 1.23872212
0.0461365632 1.24097322
0.0461757227 1.24322623
0.0462149867 1.24548114
0.0462543554 1.24773798
0.0462938291 1.24999674
0.0463334081 1.25225743
0.0463730926 1.25452005
0.0464128829 1.25678461
0.0464527793 1.25905111
0.0464927821 1.26131956
0.0465328916 1.26358996
0.0465731079 1.26586233
0.0466134315 1.26813666
0.0466538625 1.27041295
0.0466944014 1.27269123
0.0467350482 1.27497148
0.0467758035 1.27725372
0.0468166673 1.27953795
0.04685764 1.28182417
0.046898722 1.2841124
0.0469399134 1.28640263
0.0469812147 1.28869488
0.0470226259 1.29098914
0.0470641476 1.29328543
0.0471057799 1.29558374
0.0471475231 1.29788409
0.0471893776 1.30018647
0.0472313437 1.3024909
0.0472734216 1.30479738
0.0473156116 1.30710592
0.047357914 1.30941651
0.0474003292 1.31172918
0.0474428575 1.31404391
0.0474854991 1.31636072
0.0475282543 1.31867962
0.0475711235 1.3210006
0.047614107 1.32332368
0.047657205 1.32564885
0.0477004179 1.32797613
0.0477437461 1.33030552
0.0477871897 1.33263703
0.0478307491 1.33497066
0.0478744247 1.33730642
0.0479182167 1.33964431
0.0479621255 1.34198434
0.0480061514 1.34432651
0.0480502947 1.34667084
0.0480945557 1.34901732
0.0481389348 1.35136596
0.0481834323 1.35371677
0.0482280484 1.35606976
0.0482727835 1.35842492
0.0483176381 1.36078227
0.0483626122 1.36314181
0.0484077064 1.36550354
0.048452921 1.36786748
0.0484982561 1.37023363
0.0485437123 1.37260199
0.0485892899 1.37497257
0.0486349891 1.37734537
0.0486808103 1.37972041
0.0487267539 1.38209769
0.0487728202 1.38447721
0.0488190095 1.38685898
0.0488653221 1.38924301
0.0489117585 1.3916293
0.048958319 1.39401786
0.0490050038 1.39640869
0.0490518135 1.3988018
0.0490987482 1.4011972
0.0491458084 1.40359489
0.0491929944 1.40599488
0.0492403066 1.40839717
0.0492877452 1.41080178
0.0493353108 1.4132087
0.0493830036 1.41561794
0.049430824 1.41802951
0.0494787724 1.42044342
0.049526849 1.42285968
0.0495750544 1.42527828
0.0496233888 1.42769923
0.0496718526 1.43012254
0.0497204461 1.43254823
0.0497691699 1.43497628
0.0498180241 1.43740672
0.0498670093 1.43983954
0.0499161257 1.44227475
0.0499653737 1.44471236
0.0500147538 1.44715238
0.0500642663 1.44959481
0.0501139115 1.45203966
0.0501636899 1.45448693
0.0502136019 1.45693663
0.0502636477 1.45938878
0.0503138279 1.46184336
0.0503641428 1.4643004
0.0504145928 1.46675989
0.0504651782 1.46922185
0.0505158995 1.47168628
0.0505667571 1.47415318
0.0506177513 1.47662257
0.0506688826 1.47909445
0.0507201514 1.48156883
0.050771558 1.48404571
0.0508231028 1.48652511
0.0508747863 1.48900702
0.0509266089 1.49149145
0.050978571 1.49397841
0.0510306729 1.49646792
0.0510829151 1.49895996
0.051135298 1.50145456
0.051187822 1.50395172
0.0512404876 1.50645144
0.0512932951 1.50895374
0.051346245 1.51145861
0.0513993376 1.51396607
0.0514525735 1.51647613
0.0515059529 1.51898878
0.0515594765 1.52150404
0.0516131445 1.52402191
0.0516669574 1.52654241
0.0517209156 1.52906553
0.0517750196 1.53159129
0.0518292699 1.53411969
0.0518836667 1.53665074
0.0519382106 1.53918445
0.0519929021 1.54172082
0.0520477415 1.54425986
0.0521027293 1.54680158
0.0521578659 1.54934599
0.0522131519 1.55189309
0.0522685875 1.55444289
0.0523241734 1.55699539
0.0523799099 1.55955062
0.0524357974 1.56210856
0.0524918366 1.56466923
0.0525480277 1.56723264
0.0526043713 1.56979879
0.0526608678 1.5723677
0.0527175177 1.57493937
0.0527743214 1.5775138
0.0528312795 1.580091
0.0528883923 1.58267099
0.0529456605 1.58525377
0.0530030843 1.58783934
0.0530606643 1.59042772
0.0531184011 1.59301891
0.053176295 1.59561292
0.0532343465 1.59820976
0.0532925561 1.60080943
0.0533509244 1.60341194
0.0534094517 1.60601731
0.0534681386 1.60862553
0.0535269856 1.61123662
0.0535859932 1.61385059
0.0536451618 1.61646743
0.053704492 1.61908717
0.0537639842 1.6217098
0.0538236389 1.62433534
0.0538834568 1.62696379
0.0539434382 1.62959516
0.0540035836 1.63222947
0.0540638937 1.63486671
0.0541243688 1.63750689
0.0541850095 1.64015003
0.0542458163 1.64279613
0.0543067898 1.6454452
0.0543679304 1.64809725
0.0544292387 1.65075228
0.0544907153 1.65341031
0.0545523605 1.65607134
0.054614175 1.65873538
0.0546761592 1.66140244
0.0547383138 1.66407252
0.0548006393 1.66674565
0.0548631361 1.66942181
0.0549258049 1.67210103
0.0549886461 1.67478331
0.0550516604 1.67746865
0.0551148482 1.68015708
0.0551782101 1.68284859
0.0552417467 1.68554319
0.0553054586 1.6882409
0.0553693461 1.69094172
0.0554334101 1.69364566
0.0554976509 1.69635272
0.0555620692 1.69906293
0.0556266655 1.70177628
0.0556914403 1.70449278
0.0557563944 1.70721245
0.0558215282 1.70993529
0.0558868422 1.71266131
0.0559523372 1.71539052
0.0560180136 1.71812293
0.0560838721 1.72085855
0.0561499132 1.72359738
0.0562161375 1.72633944
0.0562825457 1.72908473
0.0563491382 1.73183327
0.0564159158 1.73458505
0.0564828789 1.7373401
0.0565500282 1.74009842
0.0566173644 1.74286002
0.0566848879 1.7456249
0.0567525994 1.74839308
0.0568204996 1.75116457
0.056888589 1.75393938
0.0569568682 1.75671751
0.0570253379 1.75949897
0.0570939988 1.76228378
0.0571628513 1.76507195
0.0572318961 1.76786347
0.057301134 1.77065836
0.0573705654 1.77345664
0.0574401911 1.77625831
0.0575100116 1.77906338
0.0575800277 1.78187185
0.0576502399 1.78468375
0.0577206489 1.78749908
0.0577912554 1.79031784
0.05786206 1.79314005
0.0579330633 1.79596572
0.058004266 1.79879486
0.0580756689 1.80162747
0.0581472724 1.80446357
0.0582190774 1.80730317
0.0582910844 1.81014627
0.0583632942 1.81299289
0.0584357074 1.81584303
0.0585083247 1.81869672
0.0585811467 1.82155394
0.0586541743 1.82441473
0.0587274079 1.82727908
0.0588008485 1.830147
0.0588744965 1.83301852
0.0589483528 1.83589363
0.0590224179 1.83877234
0.0590966927 1.84165467
0.0591711779 1.84454063
0.0592458741 1.84743023
0.059320782 1.85032348
0.0593959024 1.85322038
0.0594712359 1.85612095
0.0595467834 1.8590252
0.0596225455 1.86193314
0.0596985229 1.86484477
0.0597747164 1.86776012
0.0598511268 1.87067919
0.0599277546 1.87360199
0.0600046008 1.87652853
0.060081666 1.87945883
0.060158951 1.88239288
0.0602364565 1.88533071
0.0603141834 1.88827233
0.0603921322 1.89121774
0.0604703039 1.89416696
0.0605486991 1.89712
0.0606273186 1.90007686
0.0607061633 1.90303756
0.0607852338 1.90600211
0.060864531 1.90897053
0.0609440556 1.91194281
0.0610238084 1.91491898
0.0611037902 1.91789904
0.0611840019 1.92088301
0.0612644441 1.9238709
0.0613451177 1.92686271
0.0614260235 1.92985846
0.0615071623 1.93285817
0.0615885349 1.93586183
0.0616701421 1.93886947
0.0617519848 1.9418811
0.0618340637 1.94489672
0.0619163797 1.94791634
0.0619989337 1.95093999
0.0620817263 1.95396767
0.0621647585 1.95699939
0.0622480312 1.96003517
0.0623315451 1.96307501
0.0624153011 1.96611893
0.0624993001 1.96916694
0.0625835429 1.97221905
0.0626680304 1.97527528
0.0627527634 1.97833563
0.0628377427 1.98140011
0.0629229694 1.98446875
0.0630084442 1.98754155
0.0630941681 1.99061852
0.0631801418 1.99369968
0.0632663663 1.99678504
0.0633528425 1.9998746
0.0634395713 2.00296839
0.0635265536 2.00606641
0.0636137903 2.00916869
0.0637012822 2.01227522
0.0637890303 2.01538602
0.0638770356 2.01850111
0.0639652989 2.02162049
0.0640538211 2.02474418
0.0641426033 2.0278722
0.0642316462 2.03100455
0.0643209509 2.03414125
0.0644105183 2.03728231
0.0645003494 2.04042774
0.064590445 2.04357756
0.0646808062 2.04673178
0.064771434 2.04989041
0.0648623291 2.05305347
0.0649534928 2.05622096
0.0650449258 2.0593929
0.0651366292 2.06256931
0.065228604 2.0657502
0.0653208512 2.06893558
0.0654133717 2.07212546
0.0655061666 2.07531986
0.0655992368 2.07851879
0.0656925834 2.08172227
0.0657862073 2.0849303
0.0658801096 2.0881429
0.0659742913 2.09136009
0.0660687534 2.09458188
0.066163497 2.09780828
0.0662585231 2.1010393
0.0663538327 2.10427497
0.0664494268 2.10751529
0.0665453066 2.11076027
0.066641473 2.11400994
0.0667379272 2.1172643
0.0668346702 2.12052338
0.066931703 2.12378717
0.0670290268 2.12705571
0.0671266425 2.13032899
0.0672245514 2.13360704
0.0673227545 2.13688987
0.0674212529 2.1401775
0.0675200476 2.14346994
0.0676191398 2.1467672
0.0677185307 2.1500693
0.0678182212 2.15337625
0.0679182126 2.15668806
0.068018506 2.16000476
0.0681191024 2.16332636
0.0682200031 2.16665287
0.0683212092 2.1699843
0.0684227218 2.17332068
0.0685245421 2.17666201
0.0686266712 2.18000832
0.0687291103 2.18335961
0.0688318607 2.1867159
0.0689349233 2.19007721
0.0690382995 2.19344355
0.0691419905 2.19681493
0.0692459973 2.20019138
0.0693503213 2.20357291
0.0694549636 2.20695953
0.0695599254 2.21035126
0.069665208 2.21374812
0.0697708126 2.21715011
0.0698767404 2.22055726
0.0699829926 2.22396958
0.0700895705 2.2273871
0.0701964754 2.23080981
0.0703037084 2.23423774
0.0704112709 2.23767091
0.0705191641 2.24110933
0.0706273893 2.24455302
0.0707359477 2.24800199
0.0708448407 2.25145626
0.0709540696 2.25491585
0.0710636356 2.25838077
0.07117354 2.26185104
0.0712837842 2.26532667
0.0713943694 2.26880769
0.0715052971 2.27229411
0.0716165685 2.27578594
0.0717281849 2.27928321
0.0718401478 2.28278592
0.0719524584 2.2862941
0.0720651182 2.28980776
0.0721781284 2.29332693
0.0722914904 2.29685161
0.0724052057 2.30038182
0.0725192756 2.30391759
0.0726337016 2.30745893
0.0727484849 2.31100585
0.072863627 2.31455837
0.0729791293 2.31811652
0.0730949933 2.32168031
0.0732112204 2.32524975
0.0733278119 2.32882487
0.0734447694 2.33240568
0.0735620943 2.3359922
0.0736797881 2.33958444
0.0737978521 2.34318243
0.073916288 2.34678619
0.0740350971 2.35039573
0.0741542809 2.35401107
0.074273841 2.35763222
0.0743937788 2.36125922
0.0745140959 2.36489207
0.0746347937 2.36853079
0.0747558739 2.37217541
0.0748773378 2.37582593
0.0749991871 2.37948239
0.0751214233 2.38314479
0.075244048 2.38681316
0.0753670627 2.39048752
0.075490469 2.39416788
0.0756142685 2.39785427
0.0757384628 2.4015467
0.0758630534 2.4052452
0.075988042 2.40894977
0.0761134301 2.41266045
0.0762392195 2.41637725
0.0763654117 2.42010019
0.0764920083 2.42382929
0.0766190111 2.42756457
0.0767464216 2.43130605
0.0768742416 2.43505375
0.0770024726 2.43880769
0.0771311165 2.44256789
0.0772601748 2.44633437
0.0773896493 2.45010716
0.0775195416 2.45388626
0.0776498536 2.4576717
0.0777805869 2.4614635
0.0779117432 2.46526169
0.0780433243 2.46906627
0.078175332 2.47287728
0.078307768 2.47669474
0.078440634 2.48051866
0.0785739319 2.48434906
0.0787076635 2.48818598
0.0788418305 2.49202942
0.0789764348 2.49587941
0.0791114781 2.49973597
0.0792469623 2.50359912
0.0793828893 2.50746889
0.0795192609 2.51134529
0.0796560789 2.51522835
0.0797933452 2.51911809
0.0799310617 2.52301452
0.0800692302 2.52691768
0.0802078527 2.53082759
0.0803469311 2.53474426
0.0804864673 2.53866772
0.0806264633 2.542598
0.0807669208 2.5465351
0.080907842 2.55047906
0.0810492287 2.55442991
0.081191083 2.55838765
0.0813334068 2.56235232
0.081476202 2.56632393
0.0816194708 2.57030251
0.0817632151 2.57428809
0.0819074369 2.57828069
0.0820521383 2.58228032
0.0821973213 2.58628702
0.082342988 2.5903008
0.0824891404 2.5943217
0.0826357806 2.59834973
0.0827829107 2.60238491
0.0829305329 2.60642728
0.0830786491 2.61047686
0.0832272616 2.61453366
0.0833763724 2.61859772
0.0835259838 2.62266905
0.0836760978 2.62674769
0.0838267167 2.63083366
0.0839778426 2.63492698
0.0841294778 2.63902767
0.0842816243 2.64313577
0.0844342846 2.64725129
0.0845874607 2.65137426
0.0847411549 2.65550471
0.0848953695 2.65964266
0.0850501067 2.66378814
0.0852053689 2.66794118
0.0853611583 2.67210179
0.0855174772 2.67627
0.0856743279 2.68044584
0.0858317128 2.68462934
0.0859896343 2.68882053
0.0861480946 2.69301942
0.0863070961 2.69722604
0.0864666413 2.70144042
0.0866267325 2.7056626
0.0867873721 2.70989258
0.0869485626 2.71413041
0.0871103064 2.7183761
0.087272606 2.72262969
0.0874354637 2.7268912
0.0875988821 2.73116066
0.0877628638 2.73543809
0.0879274111 2.73972353
0.0880925266 2.744017
0.0882582128 2.74831853
0.0884244724 2.75262814
0.0885913078 2.75694587
0.0887587216 2.76127174
0.0889267165 2.76560579
0.089095295 2.76994803
0.0892644598 2.7742985
0.0894342135 2.77865722
0.0896045587 2.78302423
0.0897754981 2.78739956
0.0899470344 2.79178323
0.0901191703 2.79617527
0.0902919086 2.80057571
0.0904652518 2.80498458
0.0906392029 2.80940191
0.0908137645 2.81382773
0.0909889394 2.81826207
0.0911647305 2.82270496
0.0913411404 2.82715643
0.0915181721 2.83161651
0.0916958284 2.83608523
0.0918741121 2.84056262
0.0920530262 2.84504871
0.0922325734 2.84954353
0.0924127568 2.85404711
0.0925935792 2.85855949
0.0927750436 2.8630807
0.092957153 2.86761075
0.0931399102 2.8721497
0.0933233184 2.87669756
0.0935073805 2.88125438
0.0936920995 2.88582018
0.0938774785 2.89039499
0.0940635206 2.89497885
0.0942502288 2.89957179
0.0944376063 2.90417384
0.0946256561 2.90878504
0.0948143814 2.91340541
0.0950037854 2.91803499
0.0951938711 2.92267382
0.0953846419 2.92732192
0.095576101 2.93197933
0.0957682514 2.93664609
0.0959610966 2.94132222
0.0961546398 2.94600776
0.0963488842 2.95070275
0.0965438332 2.95540722
0.0967394901 2.9601212
0.0969358582 2.96484473
0.0971329409 2.96957784
0.0973307417 2.97432057
0.0975292638 2.97907295
0.0977285108 2.98383502
0.0979284861 2.98860681
0.0981291931 2.99338836
0.0983306354 2.9981797
0.0985328164 3.00298088
0.0987357398 3.00779192
0.0989394089 3.01261286
0.0991438275 3.01744374
0.0993489991 3.0222846
0.0995549273 3.02713546
0.0997616158 3.03199638
0.0999690683 3.03686738
0.100177288 3.04174851
0.10038628 3.04663979
0.100596046 3.05154128
0.100806592 3.056453
0.101017919 3.06137499
0.101230034 3.0663073
0.101442938 3.07124995
0.101656637 3.07620299
0.101871133 3.08116647
0.102086431 3.0861404
0.102302536 3.09112485
0.102519449 3.09611983
0.102737177 3.10112541
0.102955722 3.1061416
0.103175088 3.11116846
0.103395281 3.11620602
0.103616303 3.12125433
0.103838159 3.12631342
0.104060853 3.13138334
0.104284389 3.13646412
0.104508771 3.14155581
0.104734004 3.14665845
0.104960091 3.15177208
0.105187038 3.15689673
0.105414847 3.16203247
0.105643525 3.16717931
0.105873074 3.17233732
0.106103499 3.17750652
0.106334804 3.18268697
0.106566995 3.1878787
0.106800075 3.19308176
0.107034049 3.19829619
0.107268922 3.20352204
0.107504697 3.20875935
0.10774138 3.21400816
0.107978974 3.21926852
0.108217486 3.22454047
0.108456918 3.22982406
0.108697277 3.23511933
0.108938566 3.24042633
0.109180791 3.24574509
0.109423955 3.25107568
0.109668065 3.25641813
0.109913124 3.26177249
0.110159138 3.2671388
0.110406112 3.27251712
0.110654049 3.27790749
0.110902956 3.28330995
0.111152838 3.28872456
0.111403698 3.29415135
0.111655543 3.29959039
0.111908378 3.30504171
0.112162206 3.31050536
0.112417035 3.3159814
0.112672868 3.32146987
0.112929712 3.32697083
0.11318757 3.33248431
0.11344645 3.33801037
0.113706355 3.34354906
0.113967291 3.34910043
0.114229264 3.35466453
0.114492279 3.36024141
0.114756341 3.36583112
0.115021457 3.37143371
0.11528763 3.37704923
0.115554868 3.38267774
0.115823176 3.38831929
0.116092558 3.39397392
0.116363022 3.3996417
0.116634572 3.40532266
0.116907215 3.41101688
0.117180955 3.41672439
0.1174558 3.42244526
0.117731755 3.42817954
0.118008825 3.43392727
0.118287017 3.43968852
0.118566337 3.44546335
0.11884679 3.45125179
0.119128383 3.45705392
0.119411122 3.46286978
0.119695013 3.46869944
0.119980062 3.47454294
0.120266276 3.48040034
0.12055366 3.48627171
0.120842222 3.49215709
0.121131966 3.49805655
0.121422901 3.50397015
0.121715031 3.50989793
0.122008364 3.51583996
0.122302907 3.5217963
0.122598665 3.52776701
0.122895645 3.53375214
0.123193855 3.53975176
0.1234933 3.54576592
0.123793988 3.55179469
0.124095926 3.55783812
0.124399119 3.56389628
0.124703575 3.56996923
0.125009302 3.57605703
0.125316305 3.58215974
0.125624593 3.58827742
0.125934172 3.59441014
0.126245049 3.60055795
0.126557231 3.60672093
0.126870726 3.61289914
0.127185541 3.61909263
0.127501684 3.62530148
0.127819161 3.63152575
0.128137981 3.6377655
0.12845815 3.6440208
0.128779676 3.65029171
0.129102567 3.6565783
0.129426831 3.66288064
0.129752474 3.6691988
0.130079506 3.67553284
0.130407934 3.68188282
0.130737765 3.68824882
0.131069008 3.69463091
0.13140167 3.70102915
0.13173576 3.70744361
0.132071286 3.71387437
0.132408255 3.72032149
0.132746677 3.72678504
0.133086559 3.73326509
0.133427909 3.73976172
0.133770737 3.74627499
0.134115051 3.75280499
0.134460858 3.75935177
0.134808168 3.76591541
0.135156989 3.772496
0.135507331 3.77909359
0.135859201 3.78570826
0.136212609 3.79234009
0.136567563 3.79898916
0.136924072 3.80565553
0.137282147 3.81233929
0.137641794 3.81904051
0.138003025 3.82575926
0.138365847 3.83249563
0.138730271 3.83924969
0.139096305 3.84602152
0.139463959 3.85281119
0.139833243 3.8596188
0.140204166 3.8664444
0.140576737 3.8732881
0.140950967 3.88014996
0.141326865 3.88703006
0.141704442 3.8939285
0.142083706 3.90084534
0.142464668 3.90778067
0.142847339 3.91473458
0.143231727 3.92170715
0.143617845 3.92869846
0.1440057 3.93570859
0.144395306 3.94273763
0.14478667 3.94978567
0.145179805 3.95685278
0.145574721 3.96393907
0.145971428 3.9710446
0.146369937 3.97816948
0.146770259 3.98531378
0.147172406 3.99247761
0.147576387 3.99966103
0.147982215 4.00686415
0.1483899 4.01408706
0.148799454 4.02132984
0.149210887 4.02859258
0.149624213 4.03587539
0.150039441 4.04317834
0.150456584 4.05050153
0.150875653 4.05784506
0.151296661 4.06520901
0.151719618 4.07259349
0.152144538 4.07999859
0.152571432 4.0874244
0.153000312 4.09487102
0.153431191 4.10233855
0.15386408 4.10982707
0.154298993 4.1173367
0.154735943 4.12486753
0.15517494 4.13241966
0.155616 4.13999319
0.156059133 4.14758821
0.156504354 4.15520483
0.156951675 4.16284316
0.15740111 4.17050328
0.157852671 4.17818532
0.158306373 4.18588936
0.158762228 4.19361551
0.15922025 4.20136389
0.159680453 4.20913458
0.160142851 4.21692771
0.160607457 4.22474337
0.161074286 4.23258168
0.161543352 4.24044274
0.162014669 4.24832665
0.162488251 4.25623354
0.162964113 4.26416351
0.16344227 4.27211667
0.163922735 4.28009314
0.164405525 4.28809301
0.164890653 4.29611642
0.165378136 4.30416347
0.165867988 4.31223427
0.166360224 4.32032895
0.16685486 4.32844761
0.167351912 4.33659038
0.167851395 4.34475737
0.168353326 4.35294869
0.168857719 4.36116448
0.169364591 4.36940485
0.169873958 4.37766991
0.170385838 4.3859598
0.170900245 4.39427463
0.171417197 4.40261452
0.171936711 4.4109796
0.172458803 4.41937
0.172983491 4.42778583
0.173510791 4.43622723
0.174040721 4.44469432
0.174573299 4.45318724
0.175108541 4.4617061
0.175646467 4.47025104
0.176187093 4.47882219
0.176730438 4.48741967
0.17727652 4.49604363
0.177825357 4.5046942
0.178376968 4.5133715
0.178931372 4.52207568
0.179488587 4.53080687
0.180048633 4.5395652
0.180611528 4.54835082
0.181177292 4.55716386
0.181745944 4.56600446
0.182317504 4.57487277
0.182891992 4.58376892
0.183469428 4.59269305
0.184049832 4.60164531
0.184633224 4.61062585
0.185219625 4.6196348
0.185809055 4.62867232
0.186401536 4.63773855
0.186997088 4.64683364
0.187595733 4.65595774
0.188197492 4.665111
0.188802386 4.67429357
0.189410438 4.6835056
0.19002167 4.69274725
0.190636102 4.70201867
0.191253759 4.71132001
0.191874663 4.72065144
0.192498835 4.73001311
0.1931263 4.73940518
0.193757081 4.74882781
0.1943912 4.75828116
0.195028681 4.76776539
0.195669549 4.77728067
0.196313827 4.78682716
0.196961539 4.79640503
0.19761271 4.80601443
0.198267364 4.81565555
0.198925526 4.82532855
0.199587222 4.8350336
0.200252477 4.84477087
0.200921316 4.85454054
0.201593765 4.86434278
0.20226985 4.87417776
0.202949598 4.88404566
0.203633034 4.89394666
0.204320186 4.90388093
0.20501108 4.91384867
0.205705744 4.92385004
0.206404205 4.93388524
0.207106491 4.94395444
0.20781263 4.95405784
0.20852265 4.96419562
0.209236579 4.97436797
0.209954447 4.98457507
0.210676282 4.99481712
0.211402114 5.00509432
0.212131972 5.01540685
0.212865886 5.02575491
0.213603886 5.0361387
0.214346003 5.04655842
0.215092267 5.05701426
0.215842709 5.06750643
0.216597361 5.07803513
0.217356254 5.08860057
0.218119419 5.09920294
0.21888689 5.10984247
0.219658698 5.12051935
0.220434876 5.13123379
0.221215458 5.14198602
0.222000476 5.15277624
0.222789965 5.16360467
0.223583958 5.17447152
0.22438249 5.18537701
0.225185596 5.19632137
0.22599331 5.20730482
0.226805668 5.21832757
0.227622705 5.22938986
0.228444458 5.24049191
0.229270964 5.25163395
0.230102258 5.26281621
0.230938378 5.27403892
0.231779361 5.28530232
0.232625246 5.29660664
0.23347607 5.30795213
0.234331872 5.31933901
0.235192691 5.33076753
0.236058566 5.34223794
0.236929537 5.35375048
0.237805645 5.3653054
0.238686929 5.37690294
0.239573431 5.38854336
0.240465192 5.40022691
0.241362254 5.41195384
0.242264659 5.42372441
0.243172449 5.43553889
0.244085667 5.44739753
0.245004358 5.45930059
0.245928564 5.47124834
0.246858331 5.48324105
0.247793702 5.49527899
0.248734724 5.50736243
0.249681442 5.51949164
0.250633902 5.53166689
0.25159215 5.54388848
0.252556234 5.55615667
0.253526202 5.56847175
0.254502101 5.58083401
0.25548398 5.59324373
0.256471889 5.6057012
0.257465876 5.61820672
0.258465992 5.63076058
0.259472287 5.64336307
0.260484813 5.65601449
0.261503621 5.66871516
0.262528763 5.68146536
0.263560293 5.69426541
0.264598264 5.70711562
0.265642728 5.7200163
0.266693742 5.73296777
0.26775136 5.74597033
0.268815637 5.75902432
0.26988663 5.77213005
0.270964395 5.78528784
0.27204899 5.79849804
0.273140474 5.81176096
0.274238903 5.82507694
0.275344339 5.83844632
0.27645684 5.85186943
0.277576468 5.86534662
0.278703283 5.87887823
0.279837347 5.89246462
0.280978723 5.90610613
0.282127474 5.91980311
0.283283664 5.93355592
0.284447358 5.94736493
0.285618621 5.96123049
0.286797518 5.97515297
0.287984117 5.98913275
0.289178486 6.00317019
0.290380691 6.01726566
0.291590803 6.03141956
0.292808891 6.04563226
0.294035026 6.05990414
0.295269279 6.0742356
0.296511721 6.08862703
0.297762427 6.10307883
0.299021469 6.11759139
0.300288923 6.13216511
0.301564863 6.14680042
0.302849366 6.1614977
0.304142509 6.17625739
0.305444371 6.19107989
0.306755029 6.20596562
0.308074564 6.22091503
0.309403056 6.23592852
0.310740588 6.25100654
0.312087241 6.26614952
0.313443099 6.28135791
0.314808247 6.29663214
0.31618277 6.31197267
0.317566755 6.32737994
0.318960289 6.34285443
0.32036346 6.35839658
0.321776358 6.37400687
0.323199074 6.38968576
0.324631698 6.40543373
0.326074325 6.42125126
0.327527047 6.43713882
0.32898996 6.45309692
0.33046316 6.46912603
0.331946744 6.48522666
0.333440809 6.5013993
0.334945456 6.51764447
0.336460786 6.53396267
0.3379869 6.55035443
0.339523901 6.56682025
0.341071894 6.58336068
0.342630985 6.59997622
0.34420128 6.61666743
0.345782888 6.63343485
0.347375917 6.65027901
0.34898048 6.66720047
0.350596688 6.68419979
0.352224655 6.70127753
0.353864497 6.71843426
0.355516328 6.73567054
0.357180268 6.75298696
0.358856435 6.7703841
0.360544951 6.78786255
0.362245938 6.80542291
0.36395952 6.82306578
0.365685822 6.84079176
0.367424971 6.85860146
0.369177096 6.87649552
0.370942327 6.89447455
0.372720797 6.91253918
0.374512637 6.93069005
0.376317985 6.94892781
0.378136976 6.96725311
0.37996975 6.98566661
0.381816448 7.00416896
0.38367721 7.02276084
0.385552183 7.04144294
0.387441511 7.06021592
0.389345343 7.07908049
0.391263829 7.09803733
0.39319712 7.11708717
0.395145371 7.13623071
0.397108737 7.15546866
0.399087376 7.17480177
0.401081448 7.19423075
0.403091116 7.21375637
0.405116542 7.23337936
0.407157895 7.25310048
0.409215343 7.27292051
0.411289056 7.29284021
0.413379209 7.31286038
0.415485975 7.33298179
0.417609534 7.35320524
0.419750066 7.37353156
0.421907753 7.39396154
0.424082782 7.41449603
0.426275339 7.43513584
0.428485615 7.45588182
0.430713803 7.47673484
0.432960099 7.49769573
0.435224702 7.51876538
0.437507811 7.53994467
0.439809632 7.56123448
0.442130372 7.58263572
0.444470239 7.60414929
0.446829446 7.62577611
0.44920821 7.64751711
0.451606748 7.66937323
0.454025282 7.69134542
0.456464038 7.71343463
0.458923244 7.73564184
0.46140313 7.75796804
0.463903932 7.78041421
0.466425887 7.80298135
0.468969238 7.82567049
0.471534228 7.84848264
0.474121107 7.87141885
0.476730127 7.89448017
0.479361544 7.91766765
0.482015616 7.94098237
0.484692608 7.96442542
0.487392787 7.9879979
0.490116424 8.01170091
0.492863794 8.03553559
0.495635177 8.05950306
0.498430856 8.08360448
0.501251119 8.10784101
0.504096258 8.13221384
0.506966569 8.15672414
0.509862354 8.18137313
0.512783918 8.20616203
0.515731571 8.23109207
0.518705628 8.25616449
0.521706408 8.28138057
0.524734237 8.30674157
0.527789444 8.3322488
0.530872364 8.35790357
0.533983336 8.38370719
0.537122706 8.40966101
0.540290825 8.43576639
0.543488049 8.4620247
0.546714739 8.48843734
0.549971263 8.5150057
0.553257994 8.54173122
0.556575311 8.56861534
0.559923599 8.59565952
0.563303251 8.62286523
0.566714663 8.65023398
0.57015824 8.67776728
0.573634392 8.70546667
0.577143536 8.73333369
0.580686097 8.76136993
0.584262506 8.78957698
0.5878732 8.81795645
0.591518625 8.84650998
0.595199234 8.87523921
0.598915487 8.90414584
0.60266785 8.93323155
0.606456801 8.96249807
0.610282823 8.99194714
0.614146406 9.02158052
0.618048052 9.05140001
0.621988269 9.08140741
0.625967573 9.11160456
0.629986491 9.14199332
0.634045557 9.17257557
0.638145317 9.20335323
0.642286322 9.23432822
0.646469137 9.26550251
0.650694334 9.29687809
0.654962497 9.32845697
0.659274217 9.36024118
0.6636301 9.39223281
0.668030758 9.42443393
0.672476817 9.45684669
0.676968914 9.48947323
0.681507695 9.52231574
0.686093821 9.55537644
0.690727961 9.58865755
0.6954108 9.62216138
0.700143032 9.65589021
0.704925367 9.68984639
0.709758525 9.7240323
0.71464324 9.75845034
0.719580262 9.79310294
0.724570351 9.8279926
0.729614284 9.86312181
0.73471285 9.89849312
0.739866857 9.93410912
0.745077123 9.96997243
0.750344486 10.0060857
0.755669797 10.0424516
0.761053923 10.079073
0.766497751 10.1159525
0.772002181 10.153093
0.777568134 10.1904973
0.783196545 10.2281684
0.788888371 10.2661092
0.794644584 10.3043227
0.800466179 10.3428119
0.806354169 10.3815799
0.812309585 10.4206298
0.818333481 10.4599648
0.824426933 10.4995881
0.830591035 10.539503
0.836826906 10.5797129
0.843135687 10.620221
0.849518542 10.6610308
0.855976658 10.7021458
0.86251125 10.7435695
0.869123552 10.7853055
0.87581483 10.8273574
0.882586371 10.869729
0.889439494 10.912424
0.896375541 10.9554462
0.903395885 10.9987996
0.910501928 11.042488
0.917695102 11.0865154
0.92497687 11.130886
0.932348724 11.1756038
0.939812193 11.2206731
0.947368834 11.2660982
0.955020242 11.3118833
0.962768046 11.358033
0.97061391 11.4045517
0.978559537 11.451444
0.986606666 11.4987144
0.994757077 11.5463678
1.00301259 11.594409
1.01137506 11.6428428
1.01984639 11.6916741
1.02842854 11.7409081
1.03712348 11.7905499
1.04593327 11.8406047
1.05485998 11.8910778
1.06390574 11.9419747
1.07307275 11.9933008
1.08236324 12.0450618
1.09177949 12.0972633
1.10132385 12.1499112
1.11099873 12.2030114
1.12080657 12.2565699
1.1307499 12.3105928
1.1408313 12.3650863
1.15105342 12.4200569
1.16141895 12.4755109
1.17193068 12.531455
1.18259146 12.5878958
1.1934042 12.6448402
1.2043719 12.7022952
1.21549762 12.7602679
1.22678452 12.8187654
1.23823582 12.8777952
1.24985483 12.9373647
1.26164496 12.9974816
1.2736097 13.0581537
1.28575262 13.1193889
1.29807741 13.1811953
1.31058784 13.2435812
1.32328779 13.306555
1.33618124 13.3701253
1.3492723 13.4343009
1.36256516 13.4990907
1.37606414 13.5645037
1.3897737 13.6305493
1.40369839 13.697237
1.41784293 13.7645765
1.43221213 13.8325776
1.44681097 13.9012504
1.46164458 13.9706052
1.4767182 14.0406525
1.49203726 14.111403
1.50760734 14.1828676
1.52343418 14.2550577
1.5395237 14.3279845
1.55588199 14.4016597
1.57251535 14.4760953
1.58943024 14.5513033
1.60663333 14.6272963
1.62413151 14.704087
1.64193189 14.7816883
1.66004177 14.8601135
1.67846873 14.9393762
1.69722056 15.0194902
1.71630531 15.1004698
1.7357313 15.1823294
1.75550713 15.2650838
1.77564166 15.3487483
1.79614408 15.4333382
1.81702386 15.5188696
1.83829083 15.6053587
1.85995511 15.692822
1.88202721 15.7812765
1.904518 15.8707398
1.92743872 15.9612295
1.95080102 16.052764
1.97461697 16.1453619
1.99889908 16.2390423
2.02366032 16.3338248
2.04891413 16.4297295
2.07467445 16.526777
2.10095577 16.6249881
2.1277731 16.7243846
2.15514205 16.8249886
2.18307882 16.9268225
2.21160027 17.0299098
2.2407239 17.134274
2.27046792 17.2399397
2.30085129 17.3469317
2.33189372 17.4552757
2.36361575 17.564998
2.39603878 17.6761253
2.42918511 17.7886854
2.46307797 17.9027065
2.49774163 18.0182176
2.53320138 18.1352485
2.56948366 18.2538295
2.60661604 18.3739921
2.64462738 18.4957681
2.68354783 18.6191905
2.72340893 18.7442928
2.7642437 18.8711096
2.8060867 18.9996763
2.84897416 19.130029
2.89294403 19.2622048
2.93803613 19.3962416
2.98429225 19.5321784
3.03175625 19.6700549
3.08047422 19.8099117
3.1304946 19.9517905
3.18186832 20.0957336
3.23464899 20.2417844
3.28889306 20.3899871
3.34465997 20.5403868
3.40201239 20.6930292
3.46101643 20.8479611
3.52174183 21.0052297
3.58426223 21.1648829
3.6486554 21.3269692
3.71500358 21.4915376
3.78339368 21.6586373
3.85391767 21.8283176
3.9266729 22.000628
4.00176243 22.1756175
4.0792954 22.3533348
4.15938746 22.5338276
4.24216117 22.7171426
4.32774641 22.9033249
4.41628085 23.0924174
4.5079104 23.2844606
4.60278967 23.4794915
4.70108244 23.6775431
4.8029621 23.8786435
4.90861212 24.082815
5.01822636 24.2900725
5.13200948 24.5004228
5.25017713 24.7138627
5.37295611 24.9303771
5.50058428 25.1499379
5.63331038 25.3725008
5.77139342 25.5980039
5.91510189 25.8263644
6.06471238 26.0574762
6.22050783 26.2912067
6.38277497 26.5273938
6.55180116 26.7658428
6.72787021 27.0063231
6.91125725 27.2485658
7.10222248 27.4922607
7.30100372 27.7370557
7.50780771 27.9825557
7.72280033 28.2283242
7.94609584 28.4738866
8.17774559 28.7187364
8.41772669 28.962344
8.66593164 29.2041696
8.92215973 29.4436797
9.18611177 29.6803673
9.45738937 29.9137745
9.73550017 30.1435185
10.0198703 30.3693164
10.3098642 30.5910091
10.6048124 30.8085797
10.9040446 31.0221653
11.2069275 31.2320591
11.512902 31.4387014
11.8215185 31.6426603
12.1324639 31.8446025
12.4455801 32.0452582
12.7608703 32.2453832
13.0784948 32.4457224
13.3987573 32.646978
13.7220844 32.8497858
14.0490018 33.0546992
14.3801103 33.2621815
14.7160639 33.472606
15.0575516 33.6862597
15.4052835 33.9033519
15.7599819 34.1240235
16.1223757 34.3483568
16.4931998 34.5763854
16.8731966 34.8081021
17.2631212 35.0434653
17.6637493 35.2824034
18.0758865 35.5248153
18.5003803 35.7705678
18.9381325 36.0194876
19.3901104 36.2713474
19.8573566 36.5258467
20.340993 36.7825861
20.8422184 37.0410361
21.3622952 37.3005042
21.902526 37.5601008
22.4642162 37.8187105
23.0486263 38.0749712
23.6569145 38.3272676
24.2900744 38.5737406
24.9488738 38.8123173
25.6338016 39.0407591
26.3450288 39.2567273
27.0823908 39.4578599
27.8453933 39.641853
28.6332451 39.8065381
29.444913 39.949945
30.2791965 40.0703443
31.1348107 40.1662623
32.0104696 40.2364672
32.904959 40.2799275
33.8171892 40.2957489
34.7462226 40.2830981
35.6912743 40.2411224
36.6516854 40.1688751
37.6268759 40.0652542
38.6162815 39.9289575
39.6192816 39.758458
40.6351233 39.5519969
41.6628449 39.3075952
42.701202 39.02308
43.7485964 38.6961278
44.8030108 38.3243216
45.8619505 37.905226
46.9223964 37.4364784
47.9807739 36.9158967
49.0329427 36.3416019
50.0742135 35.7121518
51.099396 35.0266792
52.1028821 34.2850278
53.078766 33.4878759
54.0209994 32.6368364
54.9235774 31.7345241
55.7807462 30.7845788
56.5872212 29.7916383
57.3384011 28.7612573
58.0305634 27.6997741
58.6610267 26.6141296
59.2282672 25.5116498
59.7319813 24.399804
60.1730882 23.2859546
60.5536748 22.177114
60.8768838 21.0797248
61.1467573 19.9994764
61.3680465 18.9411675
61.5460014 17.9086204
61.6861576 16.9046494
61.7941314 15.9310769
61.8754362 14.9887927
61.9353272 14.0778456
61.9786779 13.1975576
62.0098904 12.3466531
62.0328376 11.523393
62.050836 10.7257102
62.0666475 9.95134098
62.0825086 9.1979469
62.1001851 8.46322369
62.1210517 7.74499011
62.1461907 7.04125051
62.1765041 6.35022474
62.2128287 5.67034061
62.2560436 5.00018779
62.3071549 4.33843556
62.3673491 3.68372222
62.438003 3.03452754
62.5206468 2.38904309
62.6168804 1.74505644
62.7282493 1.09986461
62.8560908 0.450229359
63.0013652 -0.207617574
63.1644902 -0.877916799
63.345194 -1.56527481
63.5424008 -2.27451773
63.7541603 -3.01051832
63.9776229 -3.7780111
64.2090614 -4.58141023
64.4439319 -5.42464181
64.6769646 -6.31099868
64.9022766 -7.24302108
65.1134955 -8.22240229
65.3038904 -9.24991593
65.466506 -10.3253605
65.5943017 -11.4475177
65.6802979 -12.6141231
65.7177343 -13.8218523
65.7002408 -15.0663269
65.6220216 -16.3421501
65.4780463 -17.6429787
65.2642389 -18.9616409
64.9776498 -20.2903032
64.6165946 -21.6206834
64.1807444 -22.9443027
63.6711542 -24.2527608
63.090223 -25.5380159
62.4415876 -26.7926489
61.7299556 -28.0100932
60.9608927 -29.1848163
60.1405791 -30.3124446
59.2755506 -31.3898284
58.37244 -32.4150494
57.4377291 -33.3873731
56.4775221 -34.3071536
55.4973477 -35.1756942
54.5019981 -35.9950722
53.4954119 -36.7679347
52.4806071 -37.4972742
51.4596699 -38.1861989
50.4337993 -38.8377089
49.4034046 -39.4544965
48.3682474 -40.0387823
47.3276152 -40.5921984
46.2805109 -41.1157251
45.2258415 -41.6096798
44.162593 -42.0737524
43.0899783 -42.5070796
42.0075546 -42.9083445
40.9153061 -43.2758906
39.8136966 -43.6078411
38.7036948 -43.9022171
37.5867785 -44.1570505
36.464919 -44.3704912
35.34055 -44.5409083
34.2165188 -44.6669847
33.0960204 -44.7478023
31.982513 -44.7829143
30.8796179 -44.7723987
29.7910077 -44.7168877
28.7202896 -44.6175693
27.6708917 -44.4761613
26.6459617 -44.2948573
25.648284 -44.0762528
24.6802196 -43.8232558
23.7436713 -43.5389912
22.8400737 -43.2267056
21.9704035 -42.8896783
21.1352074 -42.5311443
20.3346424 -42.1542297
19.5685236 -41.7619026
18.8363752 -41.3569375
18.1374823 -40.9418926
17.4709395 -40.5190983
16.8356963 -40.0906543
16.2305973 -39.6584342
15.6544164 -39.2240942
15.1058863 -38.7890863
14.5837227 -38.3546732
14.0866438 -37.921944
13.6133852 -37.4918309
13.1627123 -37.0651251
12.7334284 -36.6424918
12.3243813 -36.2244851
11.9344672 -35.8115612
11.5626333 -35.4040903
11.2078787 -35.002368
10.8692551 -34.6066246
10.5458656 -34.2170347
10.2368638 -33.8337242
9.94145231 -33.4567775
9.65888037 -33.0862439
9.3884422 -32.722142
9.12947461 -32.3644652
8.88135478 -32.0131852
8.643498 -31.6682557
8.41535546 -31.3296152
8.19641207 -30.9971898
7.98618443 -30.6708955
7.78421877 -30.35064
7.5900891 -30.0363243
7.4033954 -29.7278445
7.22376191 -29.4250925
7.05083556 -29.1279576
6.88428445 -28.8363269
6.72379646 -28.5500865
6.56907794 -28.2691217
6.41985249 -27.9933181
6.27585982 -27.7225614
6.13685467 -27.4567383
6.00260584 -27.1957366
5.87289527 -26.9394456
5.74751719 -26.687756
5.62627728 -26.4405607
5.508992 -26.197754
5.39548785 -25.9592327
5.28560075 -25.7248955
5.17917544 -25.4946432
5.07606493 -25.2683792
4.97612997 -25.0460087
4.87923859 -24.8274395
4.78526567 -24.6125815
4.69409247 -24.4013469
4.60560628 -24.1936501
4.51970008 -23.9894079
4.43627214 -23.788539
4.35522578 -23.5909644
4.27646901 -23.3966073
4.1999143 -23.2053928
4.12547833 -23.0172481
4.0530817 -22.8321024
3.98264877 -22.6498868
3.9141074 -22.4705343
3.84738879 -22.2939798
3.78242728 -22.12016
3.71916018 -21.9490131
3.65752762 -21.7804794
3.59747237 -21.6145005
3.53893975 -21.4510197
3.48187743 -21.2899821
3.42623538 -21.131334
3.37196569 -20.9750233
3.31902248 -20.8209993
3.26736183 -20.6692127
3.21694162 -20.5196156
3.1677215 -20.3721612
3.11966275 -20.2268043
3.07272825 -20.0835005
3.02688235 -19.9422069
2.98209085 -19.8028818
2.93832088 -19.6654843
2.89554088 -19.5299748
2.85372052 -19.3963147
2.81283063 -19.2644664
2.77284316 -19.1343934
2.73373115 -19.0060601
2.69546864 -18.8794316
2.65803062 -18.7544741
2.62139304 -18.6311548
2.58553273 -18.5094416
2.55042735 -18.389303
2.5160554 -18.2707087
2.48239612 -18.153629
2.4494295 -18.0380347
2.41713627 -17.9238978
2.38549779 -17.8111906
2.35449611 -17.6998863
2.32411387 -17.5899587
2.29433433 -17.4813821
2.26514132 -17.3741317
2.23651919 -17.2681832
2.20845287 -17.1635127
2.18092773 -17.060097
2.15392967 -16.9579136
2.12744505 -16.8569404
2.10146065 -16.7571557
2.0759637 -16.6585386
2.05094184 -16.5610683
2.0263831 -16.464725
2.0022759 -16.3694888
1.97860901 -16.2753406
1.95537156 -16.1822618
1.93255303 -16.0902339
1.91014322 -15.9992391
1.88813222 -15.9092598
1.86651045 -15.820279
1.84526862 -15.7322799
1.8243977 -15.6452462
1.80388896 -15.5591619
1.7837339 -15.4740113
1.76392428 -15.3897792
1.74445212 -15.3064505
1.72530964 -15.2240107
1.70648933 -15.1424453
1.68798385 -15.0617405
1.66978611 -14.9818823
1.65188919 -14.9028575
1.63428638 -14.8246528
1.61697117 -14.7472553
1.59993721 -14.6706525
1.58317834 -14.5948321
1.56668857 -14.5197818
1.55046206 -14.4454899
1.53449316 -14.3719448
1.51877635 -14.2991351
1.50330625 -14.2270497
1.48807765 -14.1556776
1.47308547 -14.0850081
1.45832476 -14.0150308
1.4437907 -13.9457355
1.4294786 -13.8771119
1.41538389 -13.8091503
1.40150212 -13.741841
1.38782896 -13.6751744
1.37436018 -13.6091414
1.36109167 -13.5437326
1.34801941 -13.4789393
1.3351395 -13.4147526
1.32244812 -13.3511639
1.30994156 -13.2881647
1.2976162 -13.2257467
1.28546848 -13.1639019
1.27349498 -13.1026222
1.26169232 -13.0418997
1.25005723 -12.9817269
1.2385865 -12.9220961
1.227277 -12.8629999
1.21612569 -12.804431
1.20512958 -12.7463824
1.19428577 -12.6888469
1.18359143 -12.6318177
1.17304377 -12.575288
1.1626401 -12.5192512
1.15237777 -12.4637008
1.14225419 -12.4086302
1.13226684 -12.3540333
1.12241325 -12.2999038
1.11269102 -12.2462357
1.1030978 -12.1930229
1.09363127 -12.1402596
1.08428918 -12.0879401
1.07506935 -12.0360586
1.06596961 -11.9846095
1.05698787 -11.9335875
1.04812207 -11.882987
1.03937019 -11.8328028
1.03073027 -11.7830298
1.02220038 -11.7336626
1.01377864 -11.6846964
1.00546321 -11.6361262
0.997252281 -11.587947
0.98914409 -11.5401541
0.98113691 -11.4927429
0.973229051 -11.4457085
0.965418856 -11.3990466
0.957704706 -11.3527525
0.950085014 -11.3068219
0.942558227 -11.2612504
0.935122822 -11.2160337
0.92777731 -11.1711677
0.920520231 -11.1266482
0.913350155 -11.0824711
0.906265681 -11.0386324
0.899265438 -10.9951282
0.89234808 -10.9519545
0.88551229 -10.9091075
0.878756777 -10.8665836
0.872080274 -10.8243788
0.865481542 -10.7824897
0.858959363 -10.7409125
0.852512547 -10.6996438
0.846139924 -10.6586801
0.839840349 -10.6180179
0.833612697 -10.5776538
0.827455866 -10.5375845
0.821368776 -10.4978068
0.815350367 -10.4583173
0.809399599 -10.4191129
0.803515451 -10.3801905
0.797696924 -10.3415469
0.791943035 -10.3031791
0.786252822 -10.2650842
0.780625338 -10.227259
0.775059656 -10.1897008
0.769554866 -10.1524066
0.764110074 -10.1153736
0.758724403 -10.078599
0.753396992 -10.0420801
0.748126997 -10.0058141
0.742913586 -9.96979839
0.737755947 -9.93403028
0.732653277 -9.89850719
0.727604792 -9.86322656
0.722609721 -9.82818585
0.717667306 -9.79338256
0.712776802 -9.75881425
0.707937479 -9.72447847
0.703148619 -9.69037284
0.698409516 -9.65649501
0.693719477 -9.62284263
0.689077821 -9.58941342
0.68448388 -9.5562051
0.679936996 -9.52321546
0.675436523 -9.49044227
0.670981827 -9.45788338
0.666572282 -9.42553662
0.662207277 -9.3933999
0.657886208 -9.36147111
0.653608482 -9.3297482
0.649373518 -9.29822913
0.645180742 -9.26691191
0.641029591 -9.23579454
0.636919512 -9.20487507
0.63284996 -9.17415158
0.6288204 -9.14362216
0.624830306 -9.11328493
0.620879159 -9.08313803
0.616966452 -9.05317965
0.613091681 -9.02340796
0.609254356 -8.99382119
0.605453992 -8.96441757
0.601690111 -8.93519536
0.597962244 -8.90615285
0.594269931 -8.87728835
0.590612717 -8.84860017
0.586990156 -8.82008666
0.583401807 -8.7917462
0.579847238 -8.76357717
0.576326023 -8.73557798
0.572837744 -8.70774705
0.569381988 -8.68008283
0.565958349 -8.6525838
0.562566427 -8.62524842
0.559205829 -8.59807522
0.555876167 -8.57106271
0.552577062 -8.54420942
0.549308137 -8.51751393
0.546069022 -8.49097479
0.542859355 -8.46459061
0.539678776 -8.43836
0.536526933 -8.41228157
0.533403478 -8.38635397
0.530308069 -8.36057587
0.52724037 -8.33494592
0.524200048 -8.30946284
0.521186776 -8.28412531
0.518200233 -8.25893206
0.515240101 -8.23388182
0.512306067 -8.20897335
0.509397824 -8.18420541
0.506515069 -8.15957679
0.503657502 -8.13508626
0.50082483 -8.11073265
0.498016762 -8.08651476
0.495233012 -8.06243144
0.492473298 -8.03848154
0.489737343 -8.01466391
0.487024874 -7.99097744
0.48433562 -7.96742099
0.481669317 -7.94399349
0.479025701 -7.92069383
0.476404515 -7.89752094
0.473805504 -7.87447376
0.471228418 -7.85155124
0.468673009 -7.82875233
0.466139033 -7.80607601
0.46362625 -7.78352126
0.461134423 -7.76108708
0.458663318 -7.73877246
0.456212705 -7.71657644
0.453782357 -7.69449802
0.451372049 -7.67253625
0.44898156 -7.65069018
0.446610674 -7.62895887
0.444259174 -7.60734139
0.44192685 -7.5858368
0.439613491 -7.56444422
0.437318892 -7.54316272
0.435042849 -7.52199142
0.432785163 -7.50092944
0.430545634 -7.4799759
0.428324068 -7.45912995
0.426120272 -7.43839072
0.423934057 -7.41775737
0.421765234 -7.39722907
0.41961362 -7.37680498
0.41747903 -7.35648429
0.415361286 -7.33626619
0.41326021 -7.31614987
0.411175627 -7.29613455
0.409107363 -7.27621944
0.407055247 -7.25640375
0.405019112 -7.23668672
0.402998791 -7.2170676
0.40099412 -7.19754562
0.399004937 -7.17812004
0.397031082 -7.15879013
0.395072398 -7.13955514
0.393128727 -7.12041437
0.391199918 -7.10136709
0.389285818 -7.08241259
0.387386277 -7.06355018
0.385501147 -7.04477916
0.383630283 -7.02609884
0.381773539 -7.00750854
0.379930774 -6.98900759
0.378101848 -6.97059532
0.37628662 -6.95227108
0.374484955 -6.9340342
0.372696717 -6.91588404
0.370921772 -6.89781996
0.369159989 -6.87984133
0.367411236 -6.86194751
0.365675386 -6.84413789
0.363952312 -6.82641185
0.362241886 -6.80876878
0.360543987 -6.79120807
0.358858491 -6.77372913
0.357185277 -6.75633136
0.355524226 -6.73901418
0.353875219 -6.72177701
0.352238141 -6.70461926
0.350612875 -6.68754038
0.348999309 -6.6705398
0.347397329 -6.65361695
0.345806825 -6.63677129
0.344227687 -6.62000226
0.342659806 -6.60330932
0.341103076 -6.58669194
0.33955739 -6.57014958
0.338022644 -6.55368171
0.336498735 -6.5372878
0.33498556 -6.52096735
0.333483019 -6.50471984
0.331991012 -6.48854476
0.33050944 -6.4724416
0.329038205 -6.45640986
0.327577213 -6.44044906
0.326126367 -6.4245587
0.324685573 -6.40873829
0.323254739 -6.39298736
0.321833772 -6.37730542
0.320422583 -6.36169201
0.31902108 -6.34614665
0.317629176 -6.33066889
0.316246783 -6.31525827
0.314873813 -6.29991432
0.313510182 -6.28463659
0.312155805 -6.26942465
0.310810597 -6.25427805
0.309474476 -6.23919634
0.30814736 -6.22417909
0.306829168 -6.20922587
0.305519821 -6.19433626
0.304219238 -6.17950982
0.302927342 -6.16474615
0.301644056 -6.15004481
0.300369302 -6.13540541
0.299103005 -6.12082753
0.29784509 -6.10631076
0.296595484 -6.09185471
0.295354113 -6.07745897
0.294120905 -6.06312316
0.292895788 -6.04884687
0.291678691 -6.03462973
0.290469544 -6.02047134
0.289268279 -6.00637133
0.288074826 -5.99232931
0.286889119 -5.97834492
0.285711089 -5.96441778
0.28454067 -5.95054753
0.283377798 -5.93673379
0.282222407 -5.9229762
0.281074433 -5.90927442
0.279933812 -5.89562807
0.278800482 -5.88203681
0.277674381 -5.86850029
0.276555447 -5.85501817
0.275443619 -5.84159009
0.274338838 -5.82821571
0.273241043 -5.81489471
0.272150176 -5.80162673
0.271066179 -5.78841146
0.269988993 -5.77524855
0.268918562 -5.76213769
0.26785483 -5.74907855
0.26679774 -5.7360708
0.265747238 -5.72311413
0.264703268 -5.71020823
0.263665777 -5.69735277
0.26263471 -5.68454745
0.261610015 -5.67179195
0.26059164 -5.65908598
0.259579532 -5.64642923
0.25857364 -5.63382139
0.257573914 -5.62126217
0.256580302 -5.60875128
0.255592756 -5.59628841
0.254611225 -5.58387328
0.253635661 -5.57150559
0.252666016 -5.55918507
0.251702241 -5.54691142
0.25074429 -5.53468437
0.249792116 -5.52250364
0.248845672 -5.51036893
0.247904912 -5.49827999
0.24696979 -5.48623654
0.246040263 -5.47423831
0.245116285 -5.46228502
0.244197812 -5.45037641
0.2432848 -5.43851222
0.242377207 -5.42669219
0.241474989 -5.41491604
0.240578104 -5.40318353
0.239686509 -5.3914944
0.238800165 -5.37984839
0.237919029 -5.36824525
0.23704306 -5.35668473
0.236172219 -5.34516659
0.235306464 -5.33369057
0.234445758 -5.32225643
0.23359006 -5.31086392
0.232739332 -5.29951281
0.231893535 -5.28820286
0.231052632 -5.27693383
0.230216584 -5.26570549
0.229385354 -5.25451759
0.228558906 -5.24336991
0.227737202 -5.23226222
0.226920207 -5.2211943
0.226107885 -5.2101659
0.225300199 -5.19917681
0.224497116 -5.18822681
0.223698599 -5.17731567
0.222904615 -5.16644318
0.222115129 -5.15560911
0.221330107 -5.14481325
0.220549515 -5.13405539
0.219773321 -5.1233353
0.219001492 -5.11265279
0.218233994 -5.10200763
0.217470796 -5.09139962
0.216711865 -5.08082856
0.21595717 -5.07029423
0.215206679 -5.05979643
0.214460361 -5.04933497
0.213718185 -5.03890964
0.212980121 -5.02852023
0.212246139 -5.01816656
0.211516207 -5.00784843
0.210790298 -4.99756563
0.21006838 -4.98731798
0.209350426 -4.97710529
0.208636405 -4.96692735
0.20792629 -4.956784
0.207220052 -4.94667502
0.206517662 -4.93660025
0.205819094 -4.92655949
0.205124318 -4.91655255
0.204433309 -4.90657927
0.203746039 -4.89663944
0.20306248 -4.8867329
0.202382607 -4.87685947
0.201706393 -4.86701897
0.201033811 -4.85721121
0.200364836 -4.84743603
0.199699442 -4.83769326
0.199037604 -4.82798271
0.198379296 -4.81830422
0.197724493 -4.80865762
0.197073171 -4.79904274
0.196425304 -4.7894594
0.19578087 -4.77990746
0.195139842 -4.77038673
0.194502198 -4.76089705
0.193867914 -4.75143827
0.193236966 -4.74201021
0.192609331 -4.73261273
0.191984986 -4.72324565
0.191363908 -4.71390882
0.190746074 -4.70460209
0.190131462 -4.69532529
0.189520049 -4.68607827
0.188911813 -4.67686087
0.188306733 -4.66767295
0.187704786 -4.65851435
0.187105952 -4.64938491
0.186510208 -4.6402845
0.185917534 -4.63121296
0.185327908 -4.62217013
0.18474131 -4.61315589
0.184157719 -4.60417007
0.183577114 -4.59521253
0.182999476 -4.58628313
0.182424784 -4.57738173
0.181853018 -4.56850818
0.181284159 -4.55966235
0.180718187 -4.55084408
0.180155082 -4.54205325
0.179594825 -4.53328972
0.179037398 -4.52455334
0.17848278 -4.51584398
0.177930954 -4.5071615
0.1773819 -4.49850578
0.1768356 -4.48987667
0.176292037 -4.48127404
0.17575119 -4.47269777
0.175213044 -4.46414771
0.174677579 -4.45562375
0.174144779 -4.44712574
0.173614624 -4.43865357
0.173087099 -4.4302071
0.172562186 -4.4217862
0.172039867 -4.41339076
0.171520125 -4.40502064
0.171002945 -4.39667572
0.170488308 -4.38835588
0.169976199 -4.38006099
0.1694666 -4.37179093
0.168959496 -4.36354559
0.168454871 -4.35532483
0.167952708 -4.34712854
0.167452991 -4.33895661
0.166955705 -4.33080891
0.166460834 -4.32268532
0.165968363 -4.31458574
0.165478275 -4.30651003
0.164990556 -4.2984581
0.164505191 -4.29042982
0.164022164 -4.28242508
0.16354146 -4.27444376
0.163063066 -4.26648576
0.162586965 -4.25855096
0.162113144 -4.25063926
0.161641588 -4.24275053
0.161172282 -4.23488468
0.160705213 -4.22704159
0.160240367 -4.21922116
0.159777728 -4.21142328
0.159317284 -4.20364784
0.158859021 -4.19589473
0.158402925 -4.18816385
0.157948982 -4.1804551
0.157497179 -4.17276837
0.157047503 -4.16510356
0.156599939 -4.15746056
0.156154477 -4.14983927
0.155711101 -4.1422396
0.155269799 -4.13466144
0.154830559 -4.12710468
0.154393367 -4.11956924
0.153958212 -4.11205501
0.153525079 -4.10456189
0.153093958 -4.09708978
0.152664835 -4.0896386
0.152237699 -4.08220823
0.151812537 -4.07479859
0.151389337 -4.06740958
0.150968087 -4.06004111
0.150548775 -4.05269307
0.150131389 -4.04536538
0.149715919 -4.03805795
0.149302351 -4.03077067
0.148890676 -4.02350347
0.14848088 -4.01625624
0.148072953 -4.0090289
0.147666883 -4.00182136
0.14726266 -3.99463352
0.146860272 -3.9874653
0.146459709 -3.9803166
0.146060958 -3.97318735
0.14566401 -3.96607745
0.145268854 -3.95898681
0.144875479 -3.95191536
0.144483874 -3.94486299
0.144094029 -3.93782963
0.143705933 -3.93081519
0.143319576 -3.92381959
0.142934948 -3.91684275
0.142552039 -3.90988457
0.142170838 -3.90294497
0.141791335 -3.89602389
0.14141352 -3.88912122
0.141037384 -3.88223689
0.140662917 -3.87537082
0.140290108 -3.86852292
0.139918948 -3.86169313
0.139549428 -3.85488135
0.139181537 -3.84808751
0.138815267 -3.84131152
0.138450607 -3.83455332
0.13808755 -3.82781282
0.137726084 -3.82108995
0.137366202 -3.81438462
0.137007894 -3.80769677
0.13665115 -3.80102631
0.136295962 -3.79437317
0.135942322 -3.78773728
0.135590219 -3.78111855
0.135239645 -3.77451692
0.134890592 -3.76793232
0.13454305 -3.76136465
0.134197012 -3.75481387
0.133852468 -3.74827988
0.13350941 -3.74176263
0.133167829 -3.73526203
0.132827718 -3.72877801
0.132489067 -3.72231051
0.132151869 -3.71585946
0.131816115 -3.70942478
0.131481798 -3.7030064
0.131148908 -3.69660425
0.130817439 -3.69021827
0.130487381 -3.68384839
0.130158728 -3.67749453
0.129831471 -3.67115664
0.129505602 -3.66483463
0.129181114 -3.65852846
0.128857999 -3.65223804
0.128536249 -3.64596331
0.128215857 -3.6397042
0.127896815 -3.63346066
0.127579116 -3.62723261
0.127262752 -3.62101999
0.126947716 -3.61482273
0.126634 -3.60864078
0.126321598 -3.60247406
0.126010501 -3.59632251
0.125700703 -3.59018608
0.125392197 -3.58406469
0.125084976 -3.57795828
0.124779032 -3.5718668
0.124474358 -3.56579017
0.124170948 -3.55972835
0.123868795 -3.55368126
0.123567892 -3.54764885
0.123268231 -3.54163105
0.122969807 -3.53562781
0.122672613 -3.52963907
0.122376641 -3.52366476
0.122081886 -3.51770483
0.12178834 -3.51175922
0.121495998 -3.50582786
0.121204853 -3.49991071
0.120914897 -3.4940077
0.120626126 -3.48811877
0.120338532 -3.48224388
0.120052109 -3.47638295
0.119766851 -3.47053594
0.119482752 -3.46470279
0.119199806 -3.45888344
0.118918006 -3.45307783
0.118637346 -3.44728592
0.11835782 -3.44150764
0.118079423 -3.43574294
0.117802148 -3.42999176
0.117525989 -3.42425406
0.11725094 -3.41852977
0.116976996 -3.41281885
0.116704151 -3.40712124
0.116432399 -3.40143688
0.116161734 -3.39576572
0.11589215 -3.39010772
0.115623642 -3.38446282
0.115356204 -3.37883096
0.115089831 -3.37321209
0.114824517 -3.36760617
0.114560257 -3.36201314
0.114297044 -3.35643295
0.114034874 -3.35086555
0.113773741 -3.34531089
0.11351364 -3.33976892
0.113254565 -3.33423959
0.112996511 -3.32872284
0.112739473 -3.32321864
0.112483446 -3.31772692
0.112228424 -3.31224765
0.111974403 -3.30678077
0.111721376 -3.30132623
0.111469339 -3.29588399
0.111218288 -3.290454
0.110968216 -3.2850362
0.110719119 -3.27963056
0.110470991 -3.27423703
0.110223829 -3.26885555
0.109977627 -3.26348609
0.109732379 -3.25812859
0.109488083 -3.252783
0.109244731 -3.24744929
0.10900232 -3.24212741
0.108760845 -3.23681731
0.108520302 -3.23151895
0.108280684 -3.22623227
0.108041989 -3.22095724
0.107804211 -3.21569382
0.107567345 -3.21044194
0.107331387 -3.20520159
0.107096333 -3.19997269
0.106862178 -3.19475523
0.106628917 -3.18954914
0.106396546 -3.1843544
0.10616506 -3.17917094
0.105934456 -3.17399874
0.105704728 -3.16883775
0.105475873 -3.16368792
0.105247886 -3.15854922
0.105020763 -3.15342159
0.104794499 -3.14830501
0.10456909 -3.14319943
0.104344532 -3.1381048
0.104120821 -3.13302109
0.103897953 -3.12794826
0.103675923 -3.12288625
0.103454727 -3.11783504
0.103234362 -3.11279458
0.103014823 -3.10776484
0.102796106 -3.10274576
0.102578208 -3.09773732
0.102361123 -3.09273947
0.102144849 -3.08775218
0.101929381 -3.08277539
0.101714716 -3.07780909
0.101500848 -3.07285321
0.101287776 -3.06790774
0.101075494 -3.06297262
0.100863999 -3.05804783
0.100653287 -3.05313331
0.100443355 -3.04822904
0.100234198 -3.04333497
0.100025813 -3.03845108
0.0998181958 -3.03357731
0.0996113433 -3.02871364
0.0994052516 -3.02386003
0.099199917 -3.01901643
0.0989953359 -3.01418282
0.0987915048 -3.00935915
0.0985884201 -3.0045454
0.0983860781 -2.99974151
0.0981844754 -2.99494747
0.0979836084 -2.99016323
0.0977834737 -2.98538875
0.0975840677 -2.98062401
0.0973853871 -2.97586896
0.0971874284 -2.97112357
0.0969901882 -2.9663878
0.0967936632 -2.96166163
0.0965978498 -2.95694501
0.0964027448 -2.95223791
0.0962083449 -2.9475403
0.0960146468 -2.94285215
0.0958216471 -2.93817341
0.0956293426 -2.93350405
0.09543773 -2.92884405
0.0952468062 -2.92419336
0.0950565679 -2.91955196
0.0948670118 -2.9149198
0.0946781349 -2.91029687
0.094489934 -2.90568312
0.0943024059 -2.90107852
0.0941155475 -2.89648304
0.0939293557 -2.89189664
0.0937438275 -2.8873193
0.0935589597 -2.88275099
0.0933747493 -2.87819166
0.0931911934 -2.87364129
0.0930082888 -2.86909985
0.0928260326 -2.8645673
0.0926444218 -2.86004361
0.0924634534 -2.85552876
0.0922831246 -2.85102271
0.0921034323 -2.84652542
0.0919243737 -2.84203688
0.0917459459 -2.83755704
0.091568146 -2.83308588
0.0913909711 -2.82862337
0.0912144185 -2.82416947
0.0910384852 -2.81972416
0.0908631685 -2.81528741
0.0906884655 -2.81085918
0.0905143736 -2.80643945
0.0903408899 -2.80202819
0.0901680116 -2.79762536
0.0899957362 -2.79323095
0.0898240607 -2.78884491
0.0896529826 -2.78446722
0.0894824992 -2.78009785
0.0893126078 -2.77573677
0.0891433057 -2.77138396
0.0889745903 -2.76703938
0.0888064589 -2.762703
0.0886389091 -2.75837481
0.0884719381 -2.75405476
0.0883055434 -2.74974283
0.0881397224 -2.745439
0.0879744726 -2.74114323
0.0878097914 -2.7368555
0.0876456764 -2.73257578
0.0874821249 -2.72830405
0.0873191346 -2.72404026
0.0871567029 -2.71978441
0.0869948274 -2.71553646
0.0868335056 -2.71129638
0.0866727351 -2.70706415
0.0865125134 -2.70283973
0.0863528382 -2.69862311
0.086193707 -2.69441426
0.0860351175 -2.69021315
0.0858770673 -2.68601976
0.085719554 -2.68183405
0.0855625753 -2.677656
0.0854061288 -2.67348559
0.0852502122 -2.66932279
0.0850948233 -2.66516757
0.0849399598 -2.66101992
0.0847856192 -2.65687979
0.0846317995 -2.65274718
0.0844784982 -2.64862205
0.0843257133 -2.64450437
0.0841734424 -2.64039413
0.0840216833 -2.63629129
0.0838704339 -2.63219584
0.0837196918 -2.62810774
0.083569455 -2.62402698
0.0834197213 -2.61995353
0.0832704885 -2.61588736
0.0831217545 -2.61182845
0.0829735171 -2.60777678
0.0828257742 -2.60373232
0.0826785236 -2.59969504
0.0825317634 -2.59566493
0.0823854913 -2.59164196
0.0822397054 -2.58762611
0.0820944036 -2.58361735
0.0819495837 -2.57961565
0.0818052437 -2.57562101
0.0816613817 -2.57163338
0.0815179956 -2.56765276
0.0813750833 -2.56367911
0.081232643 -2.55971241
0.0810906725 -2.55575264
0.0809491699 -2.55179978
0.0808081332 -2.54785381
0.0806675605 -2.5439147
0.0805274498 -2.53998242
0.0803877993 -2.53605697
0.0802486068 -2.5321383
0.0801098706 -2.52822641
0.0799715888 -2.52432127
0.0798337594 -2.52042286
0.0796963805 -2.51653116
0.0795594503 -2.51264613
0.0794229669 -2.50876777
0.0792869284 -2.50489606
0.079151333 -2.50103096
0.0790161789 -2.49717246
0.0788814642 -2.49332053
0.0787471871 -2.48947516
0.0786133458 -2.48563632
0.0784799385 -2.481804
0.0783469634 -2.47797816
0.0782144188 -2.4741588
0.0780823028 -2.47034588
0.0779506136 -2.4665394
0.0778193497 -2.46273932
0.0776885091 -2.45894563
0.0775580902 -2.45515831
0.0774280912 -2.45137733
0.0772985104 -2.44760268
0.0771693461 -2.44383433
END
