SIMP
NP=4096
SW=20000
TYPE=SPE
DATA
0.0565332971 -1.74070045
0.0564662208 -1.73794295
0.0563993301 -1.73518871
0.0563326247 -1.73243773
0.0562661038 -1.72968999
0.0561997669 -1.7269455
0.0561336134 -1.72420424
0.0560676427 -1.7214662
0.0560018542 -1.71873137
0.0559362474 -1.71599974
0.0558708216 -1.71327131
0.0558055763 -1.71054607
0.0557405109 -1.707824
0.0556756248 -1.70510511
0.0556109175 -1.70238937
0.0555463884 -1.69967679
0.0554820369 -1.69696734
0.0554178624 -1.69426103
0.0553538645 -1.69155785
0.0552900425 -1.68885778
0.0552263959 -1.68616082
0.0551629242 -1.68346696
0.0550996267 -1.6807762
0.0550365029 -1.67808851
0.0549735524 -1.6754039
0.0549107745 -1.67272236
0.0548481686 -1.67004387
0.0547857344 -1.66736843
0.0547234711 -1.66469603
0.0546613784 -1.66202667
0.0545994556 -1.65936033
0.0545377022 -1.656697
0.0544761178 -1.65403668
0.0544147016 -1.65137936
0.0543534534 -1.64872504
0.0542923724 -1.64607369
0.0542314583 -1.64342532
0.0541707104 -1.64077992
0.0541101283 -1.63813748
0.0540497115 -1.63549798
0.0539894594 -1.63286143
0.0539293715 -1.63022781
0.0538694474 -1.62759712
0.0538096865 -1.62496935
0.0537500883 -1.62234449
0.0536906523 -1.61972253
0.053631378 -1.61710347
0.053572265 -1.61448729
0.0535133127 -1.611874
0.0534545206 -1.60926357
0.0533958883 -1.60665601
0.0533374152 -1.6040513
0.0532791009 -1.60144944
0.0532209448 -1.59885042
0.0531629466 -1.59625424
0.0531051057 -1.59366087
0.0530474216 -1.59107033
0.0529898939 -1.5884826
0.0529325221 -1.58589766
0.0528753057 -1.58331552
0.0528182443 -1.58073617
0.0527613373 -1.5781596
0.0527045844 -1.5755858
0.052647985 -1.57301476
0.0525915387 -1.57044648
0.052535245 -1.56788095
0.0524791034 -1.56531816
0.0524231136 -1.56275811
0.052367275 -1.56020078
0.0523115872 -1.55764617
0.0522560498 -1.55509428
0.0522006622 -1.55254509
0.0521454241 -1.5499986
0.052090335 -1.5474548
0.0520353945 -1.54491368
0.051980602 -1.54237523
0.0519259573 -1.53983946
0.0518714597 -1.53730635
0.051817109 -1.53477589
0.0517629046 -1.53224808
0.0517088461 -1.52972291
0.0516549332 -1.52720037
0.0516011653 -1.52468046
0.051547542 -1.52216317
0.0514940629 -1.51964849
0.0514407276 -1.51713641
0.0513875357 -1.51462694
0.0513344867 -1.51212005
0.0512815802 -1.50961575
0.0512288159 -1.50711402
0.0511761932 -1.50461487
0.0511237117 -1.50211827
0.0510713711 -1.49962424
0.051019171 -1.49713275
0.0509671109 -1.49464381
0.0509151904 -1.4921574
0.0508634091 -1.48967352
0.0508117667 -1.48719216
0.0507602626 -1.48471332
0.0507088965 -1.48223699
0.0506576681 -1.47976316
0.0506065769 -1.47729182
0.0505556224 -1.47482298
0.0505048044 -1.47235661
0.0504541224 -1.46989272
0.050403576 -1.4674313
0.0503531649 -1.46497234
0.0503028886 -1.46251584
0.0502527467 -1.46006178
0.0502027389 -1.45761017
0.0501528649 -1.455161
0.0501031241 -1.45271425
0.0500535162 -1.45026993
0.0500040409 -1.44782802
0.0499546978 -1.44538852
0.0499054864 -1.44295143
0.0498564065 -1.44051673
0.0498074575 -1.43808443
0.0497586393 -1.43565451
0.0497099513 -1.43322696
0.0496613933 -1.43080179
0.0496129648 -1.42837898
0.0495646655 -1.42595854
0.0495164951 -1.42354044
0.0494684531 -1.42112469
0.0494205392 -1.41871129
0.049372753 -1.41630021
0.0493250942 -1.41389147
0.0492775624 -1.41148504
0.0492301573 -1.40908093
0.0491828785 -1.40667913
0.0491357256 -1.40427963
0.0490886984 -1.40188243
0.0490417964 -1.39948752
0.0489950192 -1.3970949
0.0489483667 -1.39470455
0.0489018383 -1.39231648
0.0488554338 -1.38993067
0.0488091528 -1.38754713
0.048762995 -1.38516583
0.04871696 -1.38278679
0.0486710475 -1.38040999
0.0486252571 -1.37803542
0.0485795886 -1.37566309
0.0485340415 -1.37329298
0.0484886156 -1.37092509
0.0484433105 -1.36855941
0.0483981258 -1.36619594
0.0483530613 -1.36383467
0.0483081166 -1.3614756
0.0482632914 -1.35911871
0.0482185853 -1.35676401
0.0481739981 -1.35441149
0.0481295294 -1.35206114
0.0480851788 -1.34971295
0.0480409461 -1.34736693
0.047996831 -1.34502305
0.047952833 -1.34268133
0.047908952 -1.34034176
0.0478651876 -1.33800432
0.0478215394 -1.33566901
0.0477780071 -1.33333582
0.0477345906 -1.33100476
0.0476912893 -1.32867582
0.047648103 -1.32634898
0.0476050315 -1.32402425
0.0475620743 -1.32170161
0.0475192313 -1.31938107
0.047476502 -1.31706261
0.0474338862 -1.31474624
0.0473913835 -1.31243194
0.0473489938 -1.31011971
0.0473067166 -1.30780955
0.0472645516 -1.30550145
0.0472224986 -1.3031954
0.0471805573 -1.3008914
0.0471387274 -1.29858944
0.0470970086 -1.29628952
0.0470554005 -1.29399164
0.0470139029 -1.29169578
0.0469725155 -1.28940194
0.046931238 -1.28711012
0.0468900701 -1.28482031
0.0468490116 -1.2825325
0.046808062 -1.28024669
0.0467672213 -1.27796288
0.046726489 -1.27568106
0.0466858648 -1.27340123
0.0466453486 -1.27112337
0.0466049399 -1.26884748
0.0465646386 -1.26657357
0.0465244444 -1.26430162
0.0464843569 -1.26203162
0.0464443759 -1.25976358
0.0464045011 -1.25749749
0.0463647323 -1.25523334
0.0463250691 -1.25297112
0.0462855113 -1.25071084
0.0462460586 -1.24845249
0.0462067107 -1.24619605
0.0461674674 -1.24394154
0.0461283285 -1.24168894
0.0460892935 -1.23943824
0.0460503623 -1.23718944
0.0460115346 -1.23494254
0.0459728102 -1.23269754
0.0459341887 -1.23045442
0.0458956699 -1.22821318
0.0458572535 -1.22597382
0.0458189394 -1.22373632
0.0457807271 -1.2215007
0.0457426165 -1.21926694
0.0457046073 -1.21703503
0.0456666992 -1.21480498
0.045628892 -1.21257677
0.0455911855 -1.2103504
0.0455535793 -1.20812587
0.0455160732 -1.20590318
0.045478667 -1.20368231
0.0454413604 -1.20146326
0.0454041531 -1.19924603
0.045367045 -1.19703061
0.0453300357 -1.194817
0.045293125 -1.19260519
0.0452563127 -1.19039519
0.0452195985 -1.18818697
0.0451829822 -1.18598055
0.0451464635 -1.1837759
0.0451100422 -1.18157304
0.045073718 -1.17937195
0.0450374907 -1.17717263
0.0450013601 -1.17497508
0.0449653259 -1.17277928
0.0449293878 -1.17058524
0.0448935457 -1.16839295
0.0448577994 -1.16620241
0.0448221484 -1.16401361
0.0447865927 -1.16182655
0.044751132 -1.15964122
0.0447157661 -1.15745761
0.0446804946 -1.15527573
0.0446453175 -1.15309557
0.0446102345 -1.15091712
0.0445752452 -1.14874038
0.0445403496 -1.14656535
0.0445055473 -1.14439201
0.0444708382 -1.14222037
0.044436222 -1.14005042
0.0444016985 -1.13788216
0.0443672675 -1.13571558
0.0443329287 -1.13355068
0.0442986819 -1.13138745
0.044264527 -1.12922589
0.0442304636 -1.12706599
0.0441964915 -1.12490775
0.0441626106 -1.12275117
0.0441288206 -1.12059624
0.0440951213 -1.11844295
0.0440615125 -1.11629131
0.0440279939 -1.1141413
0.0439945654 -1.11199293
0.0439612267 -1.10984618
0.0439279776 -1.10770106
0.0438948179 -1.10555756
0.0438617474 -1.10341568
0.0438287659 -1.1012754
0.0437958731 -1.09913673
0.0437630689 -1.09699967
0.043730353 -1.0948642
0.0436977253 -1.09273033
0.0436651854 -1.09059804
0.0436327333 -1.08846735
0.0436003687 -1.08633823
0.0435680915 -1.08421069
0.0435359013 -1.08208472
0.043503798 -1.07996032
0.0434717814 -1.07783749
0.0434398512 -1.07571621
0.0434080074 -1.07359649
0.0433762496 -1.07147832
0.0433445778 -1.0693617
0.0433129916 -1.06724662
0.0432814909 -1.06513308
0.0432500755 -1.06302108
0.0432187451 -1.0609106
0.0431874997 -1.05880165
0.0431563389 -1.05669423
0.0431252627 -1.05458832
0.0430942707 -1.05248393
0.0430633629 -1.05038104
0.0430325389 -1.04827966
0.0430017987 -1.04617979
0.0429711421 -1.04408141
0.0429405687 -1.04198452
0.0429100785 -1.03988913
0.0428796713 -1.03779522
0.0428493468 -1.03570279
0.0428191049 -1.03361184
0.0427889455 -1.03152236
0.0427588682 -1.02943435
0.0427288729 -1.02734781
0.0426989595 -1.02526273
0.0426691277 -1.0231791
0.0426393774 -1.02109693
0.0426097083 -1.01901621
0.0425801204 -1.01693693
0.0425506134 -1.0148591
0.0425211871 -1.0127827
0.0424918413 -1.01070774
0.0424625759 -1.0086342
0.0424333908 -1.00656209
0.0424042856 -1.00449141
0.0423752603 -1.00242214
0.0423463146 -1.00035428
0.0423174484 -0.998287841
0.0422886615 -0.996222803
0.0422599538 -0.994159168
0.042231325 -0.992096932
0.0422027749 -0.99003609
0.0421743035 -0.987976639
0.0421459105 -0.985918575
0.0421175958 -0.983861895
0.0420893591 -0.981806594
0.0420612004 -0.979752669
0.0420331194 -0.977700115
0.042005116 -0.97564893
0.04197719 -0.973599109
0.0419493413 -0.971550649
0.0419215696 -0.969503545
0.0418938748 -0.967457794
0.0418662567 -0.965413393
0.0418387152 -0.963370337
0.0418112501 -0.961328623
0.0417838613 -0.959288247
0.0417565485 -0.957249206
0.0417293117 -0.955211495
0.0417021506 -0.953175111
0.041675065 -0.95114005
0.0416480549 -0.949106309
0.0416211201 -0.947073884
0.0415942603 -0.945042771
0.0415674755 -0.943012966
0.0415407655 -0.940984467
0.0415141301 -0.938957269
0.0414875691 -0.936931368
0.0414610825 -0.934906762
0.04143467 -0.932883446
0.0414083315 -0.930861417
0.0413820669 -0.928840671
0.0413558759 -0.926821204
0.0413297584 -0.924803014
0.0413037143 -0.922786096
0.0412777435 -0.920770447
0.0412518456 -0.918756063
0.0412260207 -0.916742941
0.0412002686 -0.914731077
0.0411745891 -0.912720467
0.041148982 -0.910711109
0.0411234472 -0.908702998
0.0410979846 -0.906696131
0.041072594 -0.904690505
0.0410472752 -0.902686116
0.0410220282 -0.90068296
0.0409968527 -0.898681035
0.0409717486 -0.896680336
0.0409467158 -0.894680859
0.0409217541 -0.892682603
0.0408968634 -0.890685563
0.0408720435 -0.888689735
0.0408472943 -0.886695116
0.0408226157 -0.884701703
0.0407980074 -0.882709493
0.0407734694 -0.880718481
0.0407490016 -0.878728665
0.0407246036 -0.876740041
0.0407002756 -0.874752606
0.0406760172 -0.872766355
0.0406518283 -0.870781287
0.0406277089 -0.868797397
0.0406036588 -0.866814682
0.0405796777 -0.864833139
0.0405557657 -0.862852764
0.0405319225 -0.860873554
0.0405081481 -0.858895506
0.0404844422 -0.856918616
0.0404608048 -0.85494288
0.0404372357 -0.852968297
0.0404137347 -0.850994862
0.0403903018 -0.849022571
0.0403669368 -0.847051422
0.0403436396 -0.845081412
0.04032041 -0.843112536
0.040297248 -0.841144793
0.0402741533 -0.839178177
0.0402511258 -0.837212687
0.0402281655 -0.835248319
0.0402052721 -0.833285069
0.0401824456 -0.831322934
0.0401596859 -0.829361912
0.0401369927 -0.827401998
0.040114366 -0.82544319
0.0400918056 -0.823485485
0.0400693114 -0.821528878
0.0400468833 -0.819573367
0.0400245212 -0.817618949
0.0400022248 -0.815665621
0.0399799942 -0.813713378
0.0399578292 -0.811762219
0.0399357296 -0.809812139
0.0399136954 -0.807863136
0.0398917263 -0.805915207
0.0398698223 -0.803968348
0.0398479833 -0.802022555
0.0398262091 -0.800077827
0.0398044997 -0.79813416
0.0397828548 -0.79619155
0.0397612744 -0.794249995
0.0397397583 -0.792309491
0.0397183065 -0.790370035
0.0396969187 -0.788431624
0.039675595 -0.786494256
0.0396543351 -0.784557926
0.039633139 -0.782622631
0.0396120065 -0.78068837
0.0395909376 -0.778755138
0.039569932 -0.776822932
0.0395489897 -0.77489175
0.0395281106 -0.772961588
0.0395072945 -0.771032443
0.0394865413 -0.769104312
0.039465851 -0.767177192
0.0394452234 -0.76525108
0.0394246584 -0.763325973
0.0394041558 -0.761401868
0.0393837156 -0.759478762
0.0393633377 -0.757556651
0.0393430219 -0.755635533
0.0393227681 -0.753715405
0.0393025762 -0.751796264
0.0392824462 -0.749878106
0.0392623778 -0.747960929
0.039242371 -0.746044729
0.0392224257 -0.744129504
0.0392025418 -0.742215251
0.0391827191 -0.740301967
0.0391629575 -0.738389648
0.039143257 -0.736478292
0.0391236174 -0.734567895
0.0391040386 -0.732658455
0.0390845206 -0.730749969
0.0390650631 -0.728842434
0.0390456662 -0.726935847
0.0390263296 -0.725030205
0.0390070534 -0.723125504
0.0389878373 -0.721221743
0.0389686813 -0.719318918
0.0389495853 -0.717417026
0.0389305492 -0.715516064
0.0389115728 -0.71361603
0.0388926561 -0.71171692
0.0388737989 -0.709818731
0.0388550013 -0.707921461
0.0388362629 -0.706025107
0.0388175839 -0.704129666
0.038798964 -0.702235134
0.0387804031 -0.70034151
0.0387619012 -0.69844879
0.0387434582 -0.696556971
0.0387250739 -0.69466605
0.0387067483 -0.692776025
0.0386884812 -0.690886893
0.0386702726 -0.688998651
0.0386521224 -0.687111295
0.0386340304 -0.685224824
0.0386159966 -0.683339234
0.0385980209 -0.681454523
0.0385801032 -0.679570687
0.0385622433 -0.677687724
0.0385444412 -0.675805631
0.0385266968 -0.673924405
0.03850901 -0.672044044
0.0384913807 -0.670164544
0.0384738088 -0.668285903
0.0384562942 -0.666408118
0.0384388368 -0.664531186
0.0384214366 -0.662655104
0.0384040933 -0.66077987
0.0383868071 -0.658905481
0.0383695776 -0.657031934
0.038352405 -0.655159226
0.0383352889 -0.653287355
0.0383182295 -0.651416317
0.0383012265 -0.649546111
0.03828428 -0.647676732
0.0382673897 -0.645808179
0.0382505557 -0.643940449
0.0382337778 -0.642073539
0.0382170559 -0.640207446
0.0382003899 -0.638342168
0.0381837799 -0.636477701
0.0381672255 -0.634614044
0.0381507269 -0.632751193
0.0381342839 -0.630889145
0.0381178964 -0.629027899
0.0381015643 -0.62716745
0.0380852875 -0.625307798
0.038069066 -0.623448938
0.0380528997 -0.621590868
0.0380367885 -0.619733585
0.0380207322 -0.617877088
0.0380047309 -0.616021372
0.0379887844 -0.614166436
0.0379728926 -0.612312277
0.0379570555 -0.610458891
0.037941273 -0.608606277
0.0379255449 -0.606754432
0.0379098713 -0.604903353
0.037894252 -0.603053037
0.037878687 -0.601203483
0.0378631762 -0.599354686
0.0378477194 -0.597506645
0.0378323166 -0.595659356
0.0378169678 -0.593812818
0.0378016728 -0.591967027
0.0377864316 -0.590121982
0.0377712441 -0.588277678
0.0377561102 -0.586434115
0.0377410298 -0.584591288
0.0377260029 -0.582749196
0.0377110293 -0.580907836
0.0376961091 -0.579067206
0.0376812421 -0.577227302
0.0376664282 -0.575388122
0.0376516674 -0.573549663
0.0376369595 -0.571711924
0.0376223046 -0.569874901
0.0376077025 -0.568038591
0.0375931532 -0.566202993
0.0375786566 -0.564368104
0.0375642126 -0.56253392
0.0375498211 -0.56070044
0.0375354821 -0.558867661
0.0375211955 -0.55703558
0.0375069612 -0.555204195
0.0374927792 -0.553373504
0.0374786493 -0.551543503
0.0374645715 -0.54971419
0.0374505458 -0.547885563
0.037436572 -0.546057619
0.0374226501 -0.544230355
0.03740878 -0.54240377
0.0373949616 -0.54057786
0.0373811949 -0.538752623
0.0373674798 -0.536928056
0.0373538162 -0.535104158
0.0373402041 -0.533280924
0.0373266434 -0.531458354
0.037313134 -0.529636444
0.0372996759 -0.527815192
0.0372862689 -0.525994596
0.0372729131 -0.524174652
0.0372596083 -0.522355359
0.0372463544 -0.520536714
0.0372331515 -0.518718714
0.0372199995 -0.516901358
0.0372068982 -0.515084641
0.0371938476 -0.513268563
0.0371808477 -0.51145312
0.0371678983 -0.509638311
0.0371549994 -0.507824132
0.037142151 -0.506010581
0.037129353 -0.504197656
0.0371166053 -0.502385354
0.0371039079 -0.500573673
0.0370912606 -0.49876261
0.0370786635 -0.496952163
0.0370661164 -0.495142329
0.0370536193 -0.493333107
0.0370411721 -0.491524493
0.0370287749 -0.489716485
0.0370164274 -0.487909081
0.0370041297 -0.486102278
0.0369918816 -0.484296074
0.0369796832 -0.482490466
0.0369675343 -0.480685453
0.036955435 -0.478881031
0.0369433851 -0.477077198
0.0369313845 -0.475273952
0.0369194333 -0.47347129
0.0369075313 -0.47166921
0.0368956785 -0.46986771
0.0368838749 -0.468066787
0.0368721203 -0.466266438
0.0368604148 -0.464466662
0.0368487582 -0.462667456
0.0368371505 -0.460868818
0.0368255917 -0.459070745
0.0368140817 -0.457273234
0.0368026204 -0.455476284
0.0367912077 -0.453679892
0.0367798437 -0.451884056
0.0367685282 -0.450088773
0.0367572612 -0.448294041
0.0367460427 -0.446499857
0.0367348726 -0.44470622
0.0367237508 -0.442913127
0.0367126772 -0.441120575
0.0367016519 -0.439328562
0.0366906748 -0.437537086
0.0366797458 -0.435746144
0.0366688648 -0.433955735
0.0366580318 -0.432165855
0.0366472468 -0.430376503
0.0366365097 -0.428587676
0.0366258204 -0.426799371
0.036615179 -0.425011587
0.0366045852 -0.423224321
0.0365940391 -0.421437571
0.0365835407 -0.419651334
0.0365730899 -0.417865609
0.0365626866 -0.416080392
0.0365523307 -0.414295681
0.0365420223 -0.412511475
0.0365317612 -0.410727771
0.0365215475 -0.408944566
0.0365113811 -0.407161858
0.0365012619 -0.405379645
0.0364911898 -0.403597925
0.0364811649 -0.401816695
0.036471187 -0.400035953
0.0364612562 -0.398255697
0.0364513724 -0.396475925
0.0364415354 -0.394696633
0.0364317454 -0.39291782
0.0364220022 -0.391139484
0.0364123057 -0.389361622
0.036402656 -0.387584232
0.036393053 -0.385807312
0.0363834966 -0.384030859
0.0363739868 -0.382254872
0.0363645236 -0.380479347
0.0363551069 -0.378704283
0.0363457366 -0.376929677
0.0363364127 -0.375155528
0.0363271352 -0.373381832
0.036317904 -0.371608587
0.0363087191 -0.369835792
0.0362995803 -0.368063445
0.0362904878 -0.366291541
0.0362814414 -0.364520081
0.0362724411 -0.362749061
0.0362634869 -0.360978478
0.0362545786 -0.359208332
0.0362457163 -0.357438619
0.0362369 -0.355669337
0.0362281295 -0.353900485
0.0362194048 -0.352132059
0.0362107259 -0.350364058
0.0362020928 -0.348596479
0.0361935054 -0.346829321
0.0361849636 -0.34506258
0.0361764674 -0.343296255
0.0361680169 -0.341530344
0.0361596118 -0.339764843
0.0361512523 -0.337999752
0.0361429382 -0.336235068
0.0361346696 -0.334470788
0.0361264463 -0.33270691
0.0361182683 -0.330943433
0.0361101356 -0.329180353
0.0361020482 -0.32741767
0.036094006 -0.325655379
0.036086009 -0.323893481
0.0360780571 -0.322131971
0.0360701504 -0.320370848
0.0360622887 -0.31861011
0.036054472 -0.316849754
0.0360467003 -0.315089779
0.0360389735 -0.313330182
0.0360312916 -0.31157096
0.0360236547 -0.309812113
0.0360160625 -0.308053637
0.0360085152 -0.30629553
0.0360010126 -0.304537791
0.0359935547 -0.302780416
0.0359861416 -0.301023405
0.0359787731 -0.299266754
0.0359714492 -0.297510461
0.0359641699 -0.295754525
0.0359569351 -0.293998943
0.0359497448 -0.292243713
0.0359425991 -0.290488832
0.0359354977 -0.288734299
0.0359284408 -0.286980112
0.0359214283 -0.285226268
0.0359144601 -0.283472765
0.0359075362 -0.281719601
0.0359006565 -0.279966773
0.0358938211 -0.27821428
0.03588703 -0.27646212
0.035880283 -0.27471029
0.0358735801 -0.272958788
0.0358669214 -0.271207612
0.0358603067 -0.26945676
0.0358537361 -0.26770623
0.0358472095 -0.265956019
0.0358407268 -0.264206126
0.0358342882 -0.262456548
0.0358278934 -0.260707283
0.0358215426 -0.258958329
0.0358152356 -0.257209684
0.0358089724 -0.255461345
0.035802753 -0.253713311
0.0357965774 -0.251965579
0.0357904456 -0.250218148
0.0357843574 -0.248471015
0.0357783129 -0.246724178
0.0357723121 -0.244977634
0.0357663549 -0.243231383
0.0357604413 -0.241485421
0.0357545713 -0.239739746
0.0357487448 -0.237994357
0.0357429618 -0.236249251
0.0357372223 -0.234504427
0.0357315263 -0.232759881
0.0357258737 -0.231015612
0.0357202645 -0.229271618
0.0357146986 -0.227527897
0.0357091761 -0.225784446
0.035703697 -0.224041263
0.0356982611 -0.222298347
0.0356928685 -0.220555695
0.0356875191 -0.218813305
0.035682213 -0.217071175
0.03567695 -0.215329303
0.0356717302 -0.213587687
0.0356665536 -0.211846324
0.0356614201 -0.210105213
0.0356563296 -0.208364351
0.0356512823 -0.206623737
0.035646278 -0.204883368
0.0356413167 -0.203143242
0.0356363984 -0.201403357
0.035631523 -0.199663711
0.0356266907 -0.197924302
0.0356219012 -0.196185128
0.0356171547 -0.194446186
0.035612451 -0.192707475
0.0356077902 -0.190968992
0.0356031722 -0.189230736
0.0355985971 -0.187492704
0.0355940647 -0.185754894
0.0355895751 -0.184017304
0.0355851283 -0.182279932
0.0355807242 -0.180542777
0.0355763628 -0.178805835
0.0355720441 -0.177069105
0.0355677681 -0.175332584
0.0355635347 -0.173596272
0.0355593439 -0.171860164
0.0355551957 -0.17012426
0.0355510902 -0.168388558
0.0355470271 -0.166653055
0.0355430067 -0.164917749
0.0355390288 -0.163182638
0.0355350933 -0.16144772
0.0355312004 -0.159712994
0.03552735 -0.157978456
0.035523542 -0.156244105
0.0355197764 -0.154509939
0.0355160533 -0.152775955
0.0355123725 -0.151042153
0.0355087342 -0.149308528
0.0355051382 -0.147575081
0.0355015845 -0.145841807
0.0354980732 -0.144108706
0.0354946042 -0.142375776
0.0354911775 -0.140643013
0.0354877931 -0.138910417
0.035484451 -0.137177985
0.0354811511 -0.135445715
0.0354778934 -0.133713605
0.035474678 -0.131981653
0.0354715048 -0.130249857
0.0354683737 -0.128518214
0.0354652848 -0.126786723
0.0354622381 -0.125055382
0.0354592336 -0.123324189
0.0354562712 -0.121593141
0.0354533508 -0.119862237
0.0354504726 -0.118131474
0.0354476365 -0.116400851
0.0354448425 -0.114670365
0.0354420905 -0.112940014
0.0354393806 -0.111209797
0.0354367127 -0.10947971
0.0354340868 -0.107749753
0.035431503 -0.106019923
0.0354289612 -0.104290219
0.0354264613 -0.102560637
0.0354240034 -0.100831176
0.0354215875 -0.0991018337
0.0354192135 -0.0973726085
0.0354168815 -0.0956434981
0.0354145914 -0.0939145006
0.0354123433 -0.0921856137
0.035410137 -0.0904568355
0.0354079727 -0.088728164
0.0354058502 -0.086999597
0.0354037696 -0.0852711326
0.0354017309 -0.0835427687
0.035399734 -0.0818145032
0.035397779 -0.0800863342
0.0353958659 -0.0783582596
0.0353939945 -0.0766302772
0.035392165 -0.0749023852
0.0353903773 -0.0731745814
0.0353886314 -0.0714468639
0.0353869273 -0.0697192305
0.035385265 -0.0679916792
0.0353836445 -0.066264208
0.0353820658 -0.0645368149
0.0353805288 -0.0628094978
0.0353790336 -0.0610822547
0.0353775801 -0.0593550836
0.0353761684 -0.0576279823
0.0353747984 -0.0559009489
0.0353734702 -0.0541739813
0.0353721837 -0.0524470775
0.0353709389 -0.0507202355
0.0353697358 -0.0489934532
0.0353685744 -0.0472667286
0.0353674548 -0.0455400597
0.0353663768 -0.0438134443
0.0353653405 -0.0420868806
0.0353643459 -0.0403603664
0.035363393 -0.0386338997
0.0353624818 -0.0369074785
0.0353616123 -0.0351811007
0.0353607844 -0.0334547644
0.0353599982 -0.0317284674
0.0353592536 -0.0300022078
0.0353585507 -0.0282759835
0.0353578895 -0.0265497925
0.0353572699 -0.0248236327
0.035356692 -0.0230975022
0.0353561557 -0.0213713988
0.0353556611 -0.0196453206
0.0353552081 -0.0179192655
0.0353547967 -0.0161932315
0.035354427 -0.0144672165
0.0353540989 -0.0127412186
0.0353538125 -0.0110152356
0.0353535677 -0.00928926566
0.0353533645 -0.00756330662
0.035353203 -0.00583735647
0.0353530831 -0.00411141319
0.0353530048 -0.00238547475
0.0353529681 -0.000659539109
0.0353529731 0.00106639576
0.0353530197 0.00279233188
0.035353108 0.0045182713
0.0353532378 0.00624421604
0.0353534093 0.00797016813
0.0353536225 0.0096961296
0.0353538772 0.0114221025
0.0353541736 0.0131480888
0.0353545117 0.0148740906
0.0353548914 0.01660011
0.0353553127 0.0183261488
0.0353557756 0.0200522093
0.0353562802 0.0217782933
0.0353568265 0.023504403
0.0353574144 0.0252305404
0.0353580439 0.0269567075
0.0353587151 0.0286829063
0.035359428 0.0304091388
0.0353601825 0.0321354072
0.0353609787 0.0338617134
0.0353618165 0.0355880595
0.035362696 0.0373144474
0.0353636172 0.0390408793
0.0353645801 0.0407673572
0.0353655847 0.0424938831
0.0353666309 0.044220459
0.0353677189 0.045947087
0.0353688485 0.047673769
0.0353700199 0.0494005073
0.0353712329 0.0511273037
0.0353724877 0.0528541603
0.0353737842 0.0545810791
0.0353751224 0.0563080622
0.0353765024 0.0580351117
0.0353779241 0.0597622295
0.0353793875 0.0614894177
0.0353808927 0.0632166783
0.0353824397 0.0649440134
0.0353840284 0.066671425
0.0353856589 0.0683989152
0.0353873312 0.0701264859
0.0353890453 0.0718541392
0.0353908012 0.0735818772
0.0353925989 0.0753097019
0.0353944384 0.0770376154
0.0353963198 0.0787656196
0.035398243 0.0804937167
0.035400208 0.0822219086
0.0354022148 0.0839501974
0.0354042636 0.0856785852
0.0354063542 0.0874070739
0.0354084867 0.0891356657
0.0354106611 0.0908643626
0.0354128773 0.0925931666
0.0354151355 0.0943220797
0.0354174356 0.0960511041
0.0354197777 0.0977802418
0.0354221617 0.0995094947
0.0354245877 0.101238865
0.0354270556 0.102968355
0.0354295655 0.104697966
0.0354321174 0.1064277
0.0354347113 0.108157561
0.0354373472 0.109887548
0.0354400251 0.111617666
0.0354427451 0.113347915
0.0354455072 0.115078298
0.0354483113 0.116808817
0.0354511575 0.118539473
0.0354540457 0.12027027
0.0354569761 0.122001208
0.0354599486 0.12373229
0.0354629633 0.125463519
0.0354660201 0.127194896
0.035469119 0.128926422
0.0354722602 0.130658101
0.0354754435 0.132389935
0.035478669 0.134121925
0.0354819368 0.135854073
0.0354852468 0.137586381
0.0354885991 0.139318852
0.0354919936 0.141051488
0.0354954304 0.142784291
0.0354989095 0.144517262
0.035502431 0.146250404
0.0355059947 0.147983719
0.0355096009 0.149717209
0.0355132494 0.151450875
0.0355169403 0.153184721
0.0355206735 0.154918748
0.0355244493 0.156652958
0.0355282674 0.158387354
0.035532128 0.160121937
0.0355360311 0.161856709
0.0355399767 0.163591673
0.0355439648 0.16532683
0.0355479955 0.167062183
0.0355520687 0.168797733
0.0355561844 0.170533484
0.0355603428 0.172269436
0.0355645438 0.174005592
0.0355687874 0.175741955
0.0355730736 0.177478525
0.0355774025 0.179215306
0.0355817742 0.180952298
0.0355861885 0.182689506
0.0355906456 0.184426929
0.0355951454 0.186164572
0.035599688 0.187902434
0.0356042734 0.18964052
0.0356089016 0.19137883
0.0356135727 0.193117367
0.0356182866 0.194856133
0.0356230434 0.196595131
0.0356278431 0.198334361
0.0356326858 0.200073827
0.0356375714 0.20181353
0.0356425 0.203553472
0.0356474716 0.205293656
0.0356524862 0.207034084
0.0356575439 0.208774757
0.0356626446 0.210515678
0.0356677885 0.212256849
0.0356729754 0.213998272
0.0356782056 0.21573995
0.0356834788 0.217481883
0.0356887953 0.219224075
0.0356941551 0.220966528
0.035699558 0.222709243
0.0357050043 0.224452222
0.0357104938 0.226195469
0.0357160267 0.227938984
0.0357216029 0.229682771
0.0357272225 0.231426831
0.0357328855 0.233171165
0.0357385919 0.234915778
0.0357443419 0.23666067
0.0357501353 0.238405843
0.0357559722 0.2401513
0.0357618526 0.241897043
0.0357677767 0.243643074
0.0357737443 0.245389395
0.0357797556 0.247136009
0.0357858105 0.248882917
0.0357919091 0.250630121
0.0357980514 0.252377624
0.0358042375 0.254125428
0.0358104674 0.255873535
0.0358167411 0.257621946
0.0358230586 0.259370665
0.0358294199 0.261119694
0.0358358252 0.262869033
0.0358422744 0.264618687
0.0358487675 0.266368656
0.0358553047 0.268118943
0.0358618859 0.26986955
0.0358685111 0.271620479
0.0358751804 0.273371733
0.0358818938 0.275123313
0.0358886514 0.276875222
0.0358954532 0.278627462
0.0359022991 0.280380034
0.0359091894 0.282132942
0.0359161239 0.283886187
0.0359231027 0.285639772
0.0359301259 0.287393698
0.0359371934 0.289147968
0.0359443054 0.290902584
0.0359514619 0.292657548
0.0359586628 0.294412862
0.0359659082 0.296168528
0.0359731982 0.29792455
0.0359805328 0.299680928
0.035987912 0.301437665
0.0359953359 0.303194763
0.0360028044 0.304952225
0.0360103177 0.306710052
0.0360178758 0.308468247
0.0360254787 0.310226812
0.0360331264 0.311985748
0.036040819 0.313745059
0.0360485566 0.315504747
0.036056339 0.317264813
0.0360641665 0.31902526
0.036072039 0.32078609
0.0360799566 0.322547306
0.0360879193 0.324308908
0.0360959271 0.326070901
0.0361039802 0.327833285
0.0361120784 0.329596063
0.0361202219 0.331359238
0.0361284108 0.333122811
0.0361366449 0.334886784
0.0361449245 0.336651161
0.0361532494 0.338415942
0.0361616199 0.340181131
0.0361700358 0.34194673
0.0361784973 0.34371274
0.0361870044 0.345479165
0.0361955571 0.347246005
0.0362041555 0.349013264
0.0362127996 0.350780944
0.0362214894 0.352549046
0.0362302251 0.354317574
0.0362390066 0.356086529
0.036247834 0.357855914
0.0362567073 0.35962573
0.0362656265 0.361395981
0.0362745918 0.363166668
0.0362836032 0.364937793
0.0362926606 0.366709359
0.0363017642 0.368481369
0.036310914 0.370253824
0.03632011 0.372026726
0.0363293523 0.373800078
0.036338641 0.375573882
0.036347976 0.377348141
0.0363573574 0.379122856
0.0363667853 0.38089803
0.0363762597 0.382673666
0.0363857806 0.384449765
0.0363953482 0.386226329
0.0364049624 0.388003361
0.0364146233 0.389780864
0.036424331 0.391558839
0.0364340854 0.39333729
0.0364438867 0.395116217
0.0364537349 0.396895623
0.03646363 0.398675512
0.0364735721 0.400455884
0.0364835612 0.402236742
0.0364935975 0.404018089
0.0365036808 0.405799927
0.0365138114 0.407582258
0.0365239892 0.409365085
0.0365342142 0.411148409
0.0365444866 0.412932234
0.0365548064 0.41471656
0.0365651736 0.416501392
0.0365755884 0.418286731
0.0365860506 0.420072578
0.0365965605 0.421858938
0.036607118 0.423645811
0.0366177232 0.425433201
0.0366283761 0.42722111
0.0366390769 0.429009539
0.0366498255 0.430798492
0.036660622 0.43258797
0.0366714665 0.434377976
0.036682359 0.436168513
0.0366932995 0.437959582
0.0367042882 0.439751187
0.0367153251 0.441543328
0.0367264102 0.44333601
0.0367375436 0.445129233
0.0367487254 0.446923001
0.0367599555 0.448717316
0.0367712341 0.45051218
0.0367825612 0.452307595
0.0367939369 0.454103564
0.0368053613 0.45590009
0.0368168343 0.457697174
0.036828356 0.459494819
0.0368399266 0.461293027
0.036851546 0.463091801
0.0368632143 0.464891144
0.0368749316 0.466691057
0.036886698 0.468491543
0.0368985134 0.470292604
0.036910378 0.472094243
0.0369222918 0.473896462
0.0369342548 0.475699263
0.0369462672 0.47750265
0.036958329 0.479306623
0.0369704403 0.481111187
0.036982601 0.482916343
0.0369948113 0.484722093
0.0370070713 0.48652844
0.037019381 0.488335387
0.0370317404 0.490142935
0.0370441497 0.491951088
0.0370566088 0.493759848
0.0370691179 0.495569216
0.037081677 0.497379197
0.0370942862 0.499189791
0.0371069455 0.501001002
0.037119655 0.502812831
0.0371324148 0.504625282
0.0371452249 0.506438357
0.0371580854 0.508252058
0.0371709964 0.510066388
0.0371839579 0.511881349
0.03719697 0.513696944
0.0372100328 0.515513175
0.0372231463 0.517330044
0.0372363105 0.519147555
0.0372495257 0.520965709
0.0372627917 0.522784509
0.0372761088 0.524603958
0.0372894769 0.526424058
0.0373028962 0.528244811
0.0373163666 0.530066221
0.0373298884 0.531888288
0.0373434614 0.533711017
0.0373570859 0.53553441
0.0373707618 0.537358468
0.0373844893 0.539183195
0.0373982684 0.541008593
0.0374120992 0.542834665
0.0374259818 0.544661412
0.0374399162 0.546488839
0.0374539024 0.548316946
0.0374679407 0.550145738
0.037482031 0.551975215
0.0374961734 0.553805381
0.037510368 0.555636239
0.0375246149 0.55746779
0.0375389141 0.559300038
0.0375532657 0.561132985
0.0375676698 0.562966634
0.0375821264 0.564800986
0.0375966357 0.566636045
0.0376111977 0.568471814
0.0376258125 0.570308294
0.0376404801 0.572145488
0.0376552007 0.5739834
0.0376699743 0.575822031
0.0376848009 0.577661384
0.0376996808 0.579501462
0.0377146138 0.581342268
0.0377296002 0.583183803
0.03774464 0.585026071
0.0377597332 0.586869074
0.03777488 0.588712814
0.0377900805 0.590557295
0.0378053346 0.592402519
0.0378206425 0.594248489
0.0378360043 0.596095207
0.0378514201 0.597942675
0.0378668898 0.599790897
0.0378824137 0.601639876
0.0378979918 0.603489613
0.0379136241 0.605340111
0.0379293108 0.607191374
0.037945052 0.609043403
0.0379608476 0.610896202
0.0379766979 0.612749772
0.0379926028 0.614604118
0.0380085625 0.616459241
0.038024577 0.618315143
0.0380406465 0.620171829
0.038056771 0.6220293
0.0380729506 0.623887559
0.0380891854 0.625746609
0.0381054755 0.627606452
0.0381218209 0.629467091
0.0381382218 0.63132853
0.0381546782 0.63319077
0.0381711902 0.635053814
0.038187758 0.636917665
0.0382043815 0.638782326
0.0382210609 0.6406478
0.0382377962 0.642514088
0.0382545877 0.644381195
0.0382714353 0.646249122
0.0382883391 0.648117873
0.0383052992 0.649987449
0.0383223158 0.651857855
0.0383393888 0.653729092
0.0383565185 0.655601164
0.0383737048 0.657474073
0.0383909479 0.659347822
0.0384082479 0.661222413
0.0384256049 0.66309785
0.0384430189 0.664974136
0.03846049 0.666851272
0.0384780184 0.668729262
0.0384956041 0.670608109
0.0385132473 0.672487815
0.038530948 0.674368384
0.0385487062 0.676249817
0.0385665223 0.678132118
0.0385843961 0.680015291
0.0386023278 0.681899336
0.0386203175 0.683784258
0.0386383653 0.685670059
0.0386564713 0.687556742
0.0386746356 0.68944431
0.0386928583 0.691332766
0.0387111394 0.693222112
0.0387294792 0.695112351
0.0387478776 0.697003487
0.0387663348 0.698895522
0.0387848509 0.700788459
0.038803426 0.702682301
0.0388220602 0.70457705
0.0388407535 0.70647271
0.0388595061 0.708369284
0.0388783181 0.710266774
0.0388971896 0.712165183
0.0389161207 0.714064515
0.0389351115 0.715964771
0.0389541621 0.717865956
0.0389732725 0.719768072
0.038992443 0.721671121
0.0390116736 0.723575108
0.0390309644 0.725480034
0.0390503155 0.727385903
0.039069727 0.729292717
0.0390891991 0.73120048
0.0391087318 0.733109195
0.0391283252 0.735018864
0.0391479795 0.73692949
0.0391676947 0.738841077
0.039187471 0.740753628
0.0392073085 0.742667144
0.0392272072 0.74458163
0.0392471674 0.746497089
0.039267189 0.748413523
0.0392872722 0.750330935
0.0393074172 0.752249329
0.039327624 0.754168707
0.0393478927 0.756089072
0.0393682235 0.758010428
0.0393886165 0.759932777
0.0394090717 0.761856123
0.0394295893 0.763780468
0.0394501695 0.765705816
0.0394708122 0.76763217
0.0394915177 0.769559532
0.039512286 0.771487906
0.0395331173 0.773417295
0.0395540117 0.775347702
0.0395749692 0.77727913
0.0395959901 0.779211581
0.0396170744 0.78114506
0.0396382222 0.78307957
0.0396594338 0.785015112
0.039680709 0.786951691
0.0397020482 0.78888931
0.0397234514 0.790827971
0.0397449188 0.792767678
0.0397664504 0.794708435
0.0397880463 0.796650243
0.0398097068 0.798593106
0.0398314319 0.800537028
0.0398532217 0.802482011
0.0398750764 0.804428059
0.0398969961 0.806375175
0.0399189809 0.808323362
0.0399410309 0.810272624
0.0399631463 0.812222962
0.0399853272 0.814174381
0.0400075737 0.816126884
0.0400298859 0.818080474
0.040052264 0.820035155
0.040074708 0.821990928
0.0400972182 0.823947799
0.0401197946 0.825905769
0.0401424374 0.827864842
0.0401651466 0.829825022
0.0401879225 0.831786311
0.0402107652 0.833748713
0.0402336747 0.835712231
0.0402566513 0.837676869
0.040279695 0.839642629
0.0403028059 0.841609515
0.0403259843 0.84357753
0.0403492302 0.845546678
0.0403725438 0.847516962
0.0403959252 0.849488385
0.0404193746 0.85146095
0.040442892 0.853434661
0.0404664776 0.855409521
0.0404901316 0.857385533
0.040513854 0.859362701
0.0405376451 0.861341028
0.0405615049 0.863320517
0.0405854336 0.865301173
0.0406094314 0.867282997
0.0406334983 0.869265994
0.0406576345 0.871250167
0.0406818401 0.873235519
0.0407061154 0.875222054
0.0407304603 0.877209775
0.0407548752 0.879198685
0.04077936 0.881188788
0.040803915 0.883180087
0.0408285403 0.885172587
0.040853236 0.887166289
0.0408780023 0.889161198
0.0409028393 0.891157317
0.0409277472 0.893154649
0.040952726 0.895153198
0.0409777761 0.897152968
0.0410028974 0.899153962
0.0410280902 0.901156183
0.0410533546 0.903159634
0.0410786908 0.905164321
0.0411040988 0.907170245
0.0411295789 0.90917741
0.0411551312 0.91118582
0.0411807558 0.913195479
0.0412064529 0.91520639
0.0412322227 0.917218556
0.0412580652 0.919231981
0.0412839807 0.921246669
0.0413099693 0.923262623
0.0413360311 0.925279846
0.0413621664 0.927298343
0.0413883752 0.929318117
0.0414146578 0.931339171
0.0414410142 0.93336151
0.0414674446 0.935385136
0.0414939493 0.937410053
0.0415205282 0.939436265
0.0415471817 0.941463776
0.0415739098 0.943492589
0.0416007128 0.945522707
0.0416275907 0.947554135
0.0416545438 0.949586877
0.0416815722 0.951620935
0.041708676 0.953656314
0.0417358555 0.955693016
0.0417631107 0.957731047
0.0417904419 0.959770409
0.0418178493 0.961811107
0.0418453329 0.963853143
0.0418728929 0.965896522
0.0419005295 0.967941248
0.041928243 0.969987323
0.0419560333 0.972034753
0.0419839008 0.974083541
0.0420118456 0.976133689
0.0420398678 0.978185203
0.0420679676 0.980238086
0.0420961452 0.982292342
0.0421244008 0.984347975
0.0421527345 0.986404988
0.0421811465 0.988463385
0.042209637 0.99052317
0.0422382061 0.992584347
0.0422668541 0.99464692
0.042295581 0.996710892
0.0423243871 0.998776267
0.0423532726 1.00084305
0.0423822376 1.00291124
0.0424112823 1.00498085
0.0424404069 1.00705188
0.0424696115 1.00912433
0.0424988964 1.01119821
0.0425282616 1.01327352
0.0425577075 1.01535026
0.0425872342 1.01742844
0.0426168418 1.01950807
0.0426465306 1.02158914
0.0426763007 1.02367166
0.0427061522 1.02575563
0.0427360855 1.02784107
0.0427661007 1.02992796
0.0427961979 1.03201632
0.0428263774 1.03410616
0.0428566394 1.03619746
0.0428869839 1.03829025
0.0429174113 1.04038451
0.0429479217 1.04248027
0.0429785152 1.04457751
0.0430091922 1.04667625
0.0430399527 1.04877649
0.043070797 1.05087823
0.0431017253 1.05298148
0.0431327377 1.05508623
0.0431638345 1.05719251
0.0431950158 1.0593003
0.0432262819 1.06140961
0.0432576329 1.06352046
0.043289069 1.06563283
0.0433205905 1.06774674
0.0433521975 1.06986219
0.0433838902 1.07197919
0.0434156689 1.07409773
0.0434475337 1.07621782
0.0434794849 1.07833947
0.0435115225 1.08046268
0.0435436469 1.08258746
0.0435758583 1.08471381
0.0436081568 1.08684173
0.0436405427 1.08897123
0.0436730161 1.09110231
0.0437055773 1.09323497
0.0437382264 1.09536923
0.0437709638 1.09750508
0.0438037895 1.09964253
0.0438367039 1.10178159
0.043869707 1.10392225
0.0439027992 1.10606452
0.0439359807 1.10820841
0.0439692515 1.11035392
0.0440026121 1.11250106
0.0440360625 1.11464983
0.044069603 1.11680023
0.0441032339 1.11895227
0.0441369553 1.12110595
0.0441707674 1.12326128
0.0442046705 1.12541826
0.0442386647 1.1275769
0.0442727504 1.1297372
0.0443069277 1.13189916
0.0443411969 1.13406279
0.0443755581 1.1362281
0.0444100117 1.13839508
0.0444445577 1.14056375
0.0444791965 1.14273411
0.0445139283 1.14490616
0.0445487533 1.1470799
0.0445836717 1.14925535
0.0446186838 1.1514325
0.0446537898 1.15361136
0.0446889898 1.15579193
0.0447242843 1.15797423
0.0447596733 1.16015825
0.0447951571 1.162344
0.044830736 1.16453148
0.0448664102 1.1667207
0.0449021799 1.16891166
0.0449380454 1.17110437
0.0449740068 1.17329883
0.0450100645 1.17549505
0.0450462187 1.17769303
0.0450824696 1.17989278
0.0451188174 1.18209429
0.0451552625 1.18429759
0.045191805 1.18650266
0.0452284451 1.18870952
0.0452651832 1.19091816
0.0453020195 1.19312861
0.0453389542 1.19534085
0.0453759876 1.19755489
0.0454131199 1.19977075
0.0454503514 1.20198841
0.0454876823 1.2042079
0.0455251129 1.20642921
0.0455626434 1.20865235
0.045600274 1.21087732
0.0456380051 1.21310413
0.0456758369 1.21533278
0.0457137697 1.21756329
0.0457518036 1.21979564
0.045789939 1.22202985
0.0458281761 1.22426593
0.0458665152 1.22650387
0.0459049566 1.22874368
0.0459435004 1.23098538
0.045982147 1.23322895
0.0460208967 1.23547441
0.0460597496 1.23772177
0.0460987061 1.23997102
0.0461377665 1.24222218
0.0461769309 1.24447524
0.0462161997 1.24673022
0.0462555732 1.24898712
0.0462950515 1.25124594
0.046334635 1.25350668
0.046374324 1.25576937
0.0464141187 1.25803399
0.0464540195 1.26030055
0.0464940265 1.26256906
0.04653414 1.26483953
0.0465743604 1.26711195
0.046614688 1.26938634
0.0466551229 1.2716627
0.0466956655 1.27394104
0.046736316 1.27622135
0.0467770749 1.27850366
0.0468179422 1.28078795
0.0468589184 1.28307424
0.0469000036 1.28536253
0.0469411983 1.28765282
0.0469825026 1.28994513
0.047023917 1.29223946
0.0470654416 1.29453581
0.0471070767 1.29683418
0.0471488227 1.29913459
0.0471906799 1.30143704
0.0472326485 1.30374154
0.0472747288 1.30604808
0.0473169212 1.30835668
0.047359226 1.31066734
0.0474016433 1.31298007
0.0474441736 1.31529487
0.0474868172 1.31761175
0.0475295743 1.31993071
0.0475724453 1.32225175
0.0476154304 1.32457489
0.0476585301 1.32690014
0.0477017445 1.32922748
0.0477450739 1.33155694
0.0477885188 1.33388851
0.0478320794 1.33622221
0.0478757561 1.33855803
0.0479195491 1.34089599
0.0479634587 1.34323608
0.0480074853 1.34557832
0.0480516292 1.34792271
0.0480958908 1.35026926
0.0481402703 1.35261797
0.048184768 1.35496885
0.0482293843 1.3573219
0.0482741196 1.35967713
0.0483189741 1.36203454
0.0483639481 1.36439414
0.0484090421 1.36675595
0.0484542562 1.36911995
0.0484995909 1.37148616
0.0485450466 1.37385459
0.0485906234 1.37622524
0.0486363218 1.37859811
0.0486821421 1.38097321
0.0487280846 1.38335056
0.0487741497 1.38573014
0.0488203377 1.38811198
0.048866649 1.39049607
0.0489130838 1.39288243
0.0489596426 1.39527105
0.0490063257 1.39766195
0.0490531335 1.40005512
0.0491000662 1.40245059
0.0491471243 1.40484834
0.049194308 1.4072484
0.0492416178 1.40965076
0.049289054 1.41205542
0.0493366169 1.41446241
0.049384307 1.41687172
0.0494321245 1.41928336
0.0494800698 1.42169733
0.0495281433 1.42411365
0.0495763454 1.42653231
0.0496246764 1.42895333
0.0496731367 1.43137671
0.0497217266 1.43380245
0.0497704465 1.43623057
0.0498192969 1.43866107
0.0498682779 1.44109395
0.0499173901 1.44352923
0.0499666339 1.4459669
0.0500160095 1.44840698
0.0500655173 1.45084948
0.0501151578 1.45329439
0.0501649314 1.45574172
0.0502148383 1.45819148
0.050264879 1.46064369
0.0503150538 1.46309833
0.0503653633 1.46555543
0.0504158077 1.46801499
0.0504663874 1.470477
0.0505171028 1.47294149
0.0505679543 1.47540846
0.0506189424 1.47787791
0.0506700674 1.48034985
0.0507213297 1.48282428
0.0507727296 1.48530122
0.0508242677 1.48778067
0.0508759443 1.49026264
0.0509277598 1.49274713
0.0509797147 1.49523415
0.0510318092 1.49772371
0.0510840439 1.50021582
0.0511364191 1.50271047
0.0511889353 1.50520769
0.0512415929 1.50770746
0.0512943922 1.51020981
0.0513473337 1.51271474
0.0514004179 1.51522226
0.0514536451 1.51773236
0.0515070158 1.52024507
0.0515605303 1.52276038
0.0516141892 1.52527831
0.0516679928 1.52779886
0.0517219416 1.53032203
0.051776036 1.53284784
0.0518302764 1.53537629
0.0518846633 1.53790739
0.0519391971 1.54044115
0.0519938782 1.54297757
0.0520487072 1.54551666
0.0521036843 1.54805843
0.0521588101 1.55060288
0.052214085 1.55315003
0.0522695095 1.55569987
0.052325084 1.55825243
0.052380809 1.56080769
0.0524366848 1.56336568
0.052492712 1.5659264
0.0525488911 1.56848985
0.0526052224 1.57105605
0.0526617065 1.573625
0.0527183437 1.5761967
0.0527751347 1.57877118
0.0528320797 1.58134842
0.0528891794 1.58392845
0.0529464341 1.58651127
0.0530038444 1.58909688
0.0530614106 1.59168529
0.0531191334 1.59427652
0.0531770131 1.59687057
0.0532350503 1.59946744
0.0532932454 1.60206715
0.0533515989 1.6046697
0.0534101113 1.6072751
0.053468783 1.60988336
0.0535276147 1.61249448
0.0535866066 1.61510847
0.0536457595 1.61772535
0.0537050737 1.62034512
0.0537645497 1.62296778
0.0538241881 1.62559335
0.0538839893 1.62822183
0.0539439539 1.63085323
0.0540040824 1.63348756
0.0540643752 1.63612482
0.0541248328 1.63876503
0.0541854559 1.64140819
0.0542462448 1.64405432
0.0543072002 1.64670341
0.0543683225 1.64935548
0.0544296123 1.65201053
0.05449107 1.65466858
0.0545526962 1.65732962
0.0546144915 1.65999368
0.0546764563 1.66266076
0.0547385912 1.66533086
0.0548008968 1.668004
0.0548633734 1.67068017
0.0549260218 1.6733594
0.0549888425 1.67604169
0.0550518359 1.67872705
0.0551150026 1.68141549
0.0551783432 1.684107
0.0552418582 1.68680162
0.0553055483 1.68949933
0.0553694138 1.69220015
0.0554334554 1.6949041
0.0554976737 1.69761117
0.0555620692 1.70032137
0.0556266424 1.70303473
0.055691394 1.70575123
0.0557563245 1.7084709
0.0558214344 1.71119374
0.0558867245 1.71391975
0.0559521951 1.71664896
0.0560178469 1.71938136
0.0560836806 1.72211697
0.0561496966 1.7248558
0.0562158955 1.72759785
0.056282278 1.73034313
0.0563488447 1.73309165
0.056415596 1.73584342
0.0564825327 1.73859846
0.0565496553 1.74135676
0.0566169644 1.74411834
0.0566844607 1.74688321
0.0567521447 1.74965137
0.056820017 1.75242284
0.0568880782 1.75519762
0.0569563291 1.75797573
0.0570247701 1.76075717
0.0570934019 1.76354195
0.0571622252 1.76633009
0.0572312405 1.76912158
0.0573004484 1.77191644
0.0573698497 1.77471469
0.0574394449 1.77751632
0.0575092347 1.78032136
0.0575792197 1.7831298
0.0576494006 1.78594165
0.057719778 1.78875694
0.0577903525 1.79157566
0.0578611247 1.79439783
0.0579320955 1.79722346
0.0580032653 1.80005255
0.0580746349 1.80288511
0.0581462049 1.80572116
0.058217976 1.80856071
0.0582899489 1.81140376
0.0583621242 1.81425032
0.0584345025 1.81710041
0.0585070847 1.81995404
0.0585798712 1.82281121
0.0586528629 1.82567193
0.0587260605 1.82853622
0.0587994645 1.83140408
0.0588730757 1.83427553
0.0589468948 1.83715057
0.0590209224 1.84002921
0.0590951594 1.84291148
0.0591696063 1.84579736
0.0592442639 1.84868688
0.0593191329 1.85158005
0.059394214 1.85447687
0.059469508 1.85737736
0.0595450154 1.86028153
0.0596207372 1.86318938
0.0596966739 1.86610093
0.0597728263 1.86901619
0.0598491952 1.87193517
0.0599257813 1.87485788
0.0600025853 1.87778433
0.0600796079 1.88071452
0.0601568499 1.88364848
0.0602343121 1.88658621
0.0603119952 1.88952772
0.0603899 1.89247303
0.0604680271 1.89542214
0.0605463774 1.89837507
0.0606249517 1.90133182
0.0607037507 1.90429241
0.0607827751 1.90725684
0.0608620258 1.91022514
0.0609415035 1.9131973
0.0610212091 1.91617335
0.0611011432 1.91915329
0.0611813067 1.92213713
0.0612617004 1.92512488
0.0613423251 1.92811656
0.0614231815 1.93111218
0.0615042705 1.93411175
0.0615855929 1.93711527
0.0616671495 1.94012277
0.061748941 1.94313425
0.0618309684 1.94614972
0.0619132325 1.9491692
0.061995734 1.9521927
0.0620784738 1.95522022
0.0621614527 1.95825179
0.0622446716 1.9612874
0.0623281313 1.96432708
0.0624118327 1.96737084
0.0624957766 1.97041868
0.0625799638 1.97347062
0.0626643952 1.97652667
0.0627490716 1.97958685
0.062833994 1.98265116
0.0629191632 1.98571961
0.0630045801 1.98879223
0.0630902455 1.99186901
0.0631761603 1.99494998
0.0632623255 1.99803514
0.0633487418 2.00112452
0.0634354102 2.00421811
0.0635223316 2.00731593
0.0636095068 2.010418
0.0636969369 2.01352432
0.0637846226 2.01663491
0.0638725649 2.01974978
0.0639607648 2.02286895
0.0640492231 2.02599243
0.0641379407 2.02912022
0.0642269187 2.03225235
0.0643161578 2.03538882
0.0644056592 2.03852964
0.0644954236 2.04167484
0.0645854521 2.04482442
0.0646757456 2.0479784
0.0647663051 2.05113679
0.0648571315 2.05429959
0.0649482258 2.05746683
0.0650395889 2.06063852
0.0651312219 2.06381468
0.0652231256 2.0669953
0.0653153012 2.07018041
0.0654077495 2.07337003
0.0655004716 2.07656415
0.0655934685 2.07976281
0.0656867411 2.082966
0.0657802905 2.08617375
0.0658741176 2.08938607
0.0659682236 2.09260297
0.0660626094 2.09582446
0.066157276 2.09905056
0.0662522246 2.10228129
0.066347456 2.10551665
0.0664429713 2.10875666
0.0665387717 2.11200133
0.0666348581 2.11525068
0.0667312316 2.11850472
0.0668278932 2.12176347
0.0669248441 2.12502694
0.0670220852 2.12829514
0.0671196177 2.13156809
0.0672174427 2.1348458
0.0673155612 2.13812829
0.0674139743 2.14141557
0.0675126831 2.14470765
0.0676116888 2.14800455
0.0677109924 2.15130629
0.067810595 2.15461287
0.0679104977 2.15792432
0.0680107017 2.16124065
0.0681112081 2.16456187
0.0682120181 2.16788799
0.0683131327 2.17121904
0.0684145531 2.17455502
0.0685162805 2.17789596
0.0686183161 2.18124186
0.0687206609 2.18459275
0.0688233161 2.18794863
0.068926283 2.19130952
0.0690295626 2.19467544
0.0691331562 2.19804641
0.069237065 2.20142243
0.0693412902 2.20480352
0.0694458329 2.2081897
0.0695506944 2.21158099
0.0696558758 2.2149774
0.0697613785 2.21837894
0.0698672036 2.22178563
0.0699733523 2.22519749
0.0700798259 2.22861454
0.0701866257 2.23203678
0.0702937528 2.23546423
0.0704012086 2.23889692
0.0705089942 2.24233485
0.070617111 2.24577804
0.0707255603 2.24922652
0.0708343432 2.25268028
0.0709434612 2.25613936
0.0710529154 2.25960377
0.0711627073 2.26307352
0.071272838 2.26654863
0.0713833089 2.27002911
0.0714941214 2.27351499
0.0716052766 2.27700628
0.0717167761 2.280503
0.0718286211 2.28400516
0.0719408129 2.28751278
0.072053353 2.29102588
0.0721662426 2.29454447
0.0722794831 2.29806857
0.072393076 2.30159821
0.0725070225 2.30513339
0.0726213241 2.30867413
0.0727359821 2.31222045
0.072850998 2.31577237
0.0729663731 2.3193299
0.073082109 2.32289307
0.0731982069 2.32646189
0.0733146683 2.33003637
0.0734314947 2.33361654
0.0735486875 2.33720242
0.0736662481 2.34079401
0.073784178 2.34439135
0.0739024787 2.34799444
0.0740211517 2.35160331
0.0741401983 2.35521797
0.0742596201 2.35883844
0.0743794186 2.36246474
0.0744995954 2.3660969
0.0746201518 2.36973491
0.0747410894 2.37337882
0.0748624098 2.37702863
0.0749841144 2.38068436
0.0751062049 2.38434603
0.0752286827 2.38801366
0.0753515494 2.39168727
0.0754748067 2.39536688
0.0755984559 2.39905251
0.0757224988 2.40274417
0.0758469369 2.40644189
0.0759717718 2.41014569
0.0760970052 2.41385557
0.0762226385 2.41757158
0.0763486736 2.42129371
0.0764751118 2.425022
0.0766019551 2.42875646
0.0767292048 2.43249711
0.0768568628 2.43624398
0.0769849307 2.43999707
0.0771134101 2.44375642
0.0772423027 2.44752204
0.0773716103 2.45129395
0.0775013344 2.45507218
0.0776314769 2.45885673
0.0777620395 2.46264764
0.0778930238 2.46644493
0.0780244316 2.4702486
0.0781562646 2.4740587
0.0782885246 2.47787523
0.0784212134 2.48169821
0.0785543327 2.48552767
0.0786878843 2.48936363
0.07882187 2.49320611
0.0789562915 2.49705513
0.0790911508 2.50091072
0.0792264496 2.50477288
0.0793621897 2.50864165
0.079498373 2.51251705
0.0796350013 2.51639909
0.0797720765 2.52028781
0.0799096004 2.52418321
0.080047575 2.52808533
0.080186002 2.53199418
0.0803248835 2.53590979
0.0804642212 2.53983218
0.0806040172 2.54376137
0.0807442733 2.54769739
0.0808849915 2.55164025
0.0810261738 2.55558998
0.081167822 2.55954661
0.0813099382 2.56351014
0.0814525243 2.56748062
0.0815955824 2.57145805
0.0817391143 2.57544247
0.0818831222 2.57943389
0.0820276081 2.58343234
0.0821725739 2.58743785
0.0823180218 2.59145043
0.0824639537 2.59547011
0.0826103718 2.59949692
0.0827572781 2.60353087
0.0829046748 2.60757199
0.0830525638 2.61162031
0.0832009474 2.61567585
0.0833498276 2.61973863
0.0834992066 2.62380867
0.0836490865 2.62788601
0.0837994695 2.63197066
0.0839503577 2.63606266
0.0841017533 2.64016202
0.0842536586 2.64426876
0.0844060757 2.64838293
0.0845590069 2.65250453
0.0847124543 2.6566336
0.0848664202 2.66077016
0.0850209068 2.66491423
0.0851759166 2.66906584
0.0853314516 2.67322502
0.0854875142 2.67739179
0.0856441067 2.68156618
0.0858012314 2.68574821
0.0859588907 2.68993791
0.0861170868 2.69413531
0.0862758222 2.69834042
0.0864350992 2.70255329
0.0865949202 2.70677393
0.0867552876 2.71100237
0.0869162038 2.71523864
0.0870776712 2.71948276
0.0872396922 2.72373476
0.0874022693 2.72799467
0.087565405 2.73226251
0.0877291017 2.73653832
0.087893362 2.74082212
0.0880581883 2.74511393
0.0882235831 2.74941379
0.088389549 2.75372172
0.0885560885 2.75803776
0.0887232042 2.76236192
0.0888908987 2.76669423
0.0890591745 2.77103474
0.0892280343 2.77538345
0.0893974806 2.77974041
0.0895675161 2.78410563
0.0897381435 2.78847916
0.0899093655 2.79286101
0.0900811846 2.79725122
0.0902536036 2.80164981
0.0904266252 2.80605682
0.0906002521 2.81047228
0.0907744871 2.81489621
0.090949333 2.81932864
0.0911247924 2.8237696
0.0913008682 2.82821913
0.0914775632 2.83267725
0.0916548802 2.837144
0.0918328221 2.8416194
0.0920113917 2.84610348
0.0921905918 2.85059628
0.0923704254 2.85509782
0.0925508953 2.85960814
0.0927320046 2.86412727
0.092913756 2.86865524
0.0930961526 2.87319208
0.0932791974 2.87773782
0.0934628932 2.88229249
0.0936472433 2.88685612
0.0938322504 2.89142876
0.0940179178 2.89601042
0.0942042484 2.90060114
0.0943912454 2.90520096
0.0945789117 2.9098099
0.0947672507 2.914428
0.0949562652 2.9190553
0.0951459586 2.92369181
0.095336334 2.92833759
0.0955273946 2.93299265
0.0957191436 2.93765704
0.0959115841 2.94233078
0.0961047195 2.94701392
0.096298553 2.95170648
0.0964930879 2.9564085
0.0966883275 2.96112002
0.0968842751 2.96584106
0.097080934 2.97057166
0.0972783077 2.97531187
0.0974763995 2.9800617
0.0976752127 2.9848212
0.0978747509 2.9895904
0.0980750174 2.99436934
0.0982760158 2.99915805
0.0984777495 3.00395657
0.0986802219 3.00876494
0.0988834367 3.01358318
0.0990873974 3.01841134
0.0992921076 3.02324946
0.0994975707 3.02809756
0.0997037906 3.03295569
0.0999107707 3.03782388
0.100118515 3.04270217
0.100327026 3.0475906
0.100536309 3.05248921
0.100746367 3.05739802
0.100957204 3.06231709
0.101168823 3.06724645
0.101381229 3.07218613
0.101594425 3.07713617
0.101808415 3.08209662
0.102023202 3.08706751
0.102238792 3.09204888
0.102455187 3.09704077
0.102672391 3.10204322
0.102890409 3.10705627
0.103109245 3.11207995
0.103328902 3.11711432
0.103549385 3.1221594
0.103770697 3.12721524
0.103992843 3.13228188
0.104215827 3.13735936
0.104439652 3.14244771
0.104664324 3.14754699
0.104889846 3.15265723
0.105116222 3.15777848
0.105343457 3.16291077
0.105571556 3.16805415
0.105800521 3.17320866
0.106030358 3.17837434
0.10626107 3.18355123
0.106492663 3.18873938
0.106725141 3.19393883
0.106958508 3.19914962
0.107192768 3.2043718
0.107427926 3.20960541
0.107663987 3.21485049
0.107900955 3.22010709
0.108138835 3.22537525
0.108377631 3.23065501
0.108617347 3.23594643
0.108857989 3.24124954
0.109099561 3.2465644
0.109342069 3.25189104
0.109585515 3.25722951
0.109829907 3.26257986
0.110075247 3.26794213
0.110321541 3.27331637
0.110568795 3.27870263
0.110817012 3.28410095
0.111066198 3.28951138
0.111316358 3.29493397
0.111567496 3.30036876
0.111819618 3.3058158
0.112072729 3.31127515
0.112326833 3.31674684
0.112581937 3.32223093
0.112838044 3.32772746
0.113095162 3.33323649
0.113353293 3.33875806
0.113612444 3.34429223
0.113872621 3.34983904
0.114133828 3.35539854
0.11439607 3.36097078
0.114659354 3.36655582
0.114923685 3.3721537
0.115189067 3.37776447
0.115455507 3.38338819
0.11572301 3.38902491
0.115991582 3.39467468
0.116261228 3.40033755
0.116531954 3.40601357
0.116803766 3.4117028
0.117076669 3.41740529
0.117350669 3.4231211
0.117625773 3.42885027
0.117901984 3.43459285
0.118179311 3.44034892
0.118457758 3.44611851
0.118737331 3.45190168
0.119018037 3.45769849
0.119299882 3.46350899
0.119582871 3.46933324
0.119867011 3.4751713
0.120152308 3.48102321
0.120438768 3.48688905
0.120726397 3.49276885
0.121015202 3.49866268
0.121305189 3.50457061
0.121596364 3.51049267
0.121888733 3.51642894
0.122182304 3.52237947
0.122477083 3.52834432
0.122773076 3.53432355
0.12307029 3.54031721
0.123368731 3.54632538
0.123668406 3.55234809
0.123969322 3.55838543
0.124271486 3.56443744
0.124574905 3.57050419
0.124879584 3.57658574
0.125185532 3.58268215
0.125492755 3.58879348
0.12580126 3.5949198
0.126111054 3.60106116
0.126422145 3.60721763
0.126734539 3.61338928
0.127048244 3.61957616
0.127363267 3.62577834
0.127679615 3.63199589
0.127997296 3.63822886
0.128316317 3.64447733
0.128636685 3.65074136
0.128958409 3.65702101
0.129281494 3.66331635
0.12960595 3.66962745
0.129931784 3.67595437
0.130259004 3.68229718
0.130587617 3.68865595
0.13091763 3.69503075
0.131249054 3.70142164
0.131581894 3.70782869
0.131916159 3.71425198
0.132251857 3.72069157
0.132588996 3.72714752
0.132927585 3.73361992
0.133267631 3.74010883
0.133609143 3.74661433
0.13395213 3.75313647
0.134296599 3.75967535
0.134642559 3.76623102
0.134990018 3.77280356
0.135338986 3.77939305
0.135689471 3.78599955
0.136041482 3.79262314
0.136395027 3.7992639
0.136750115 3.8059219
0.137106755 3.81259721
0.137464956 3.81928992
0.137824727 3.82600009
0.138186078 3.8327278
0.138549017 3.83947314
0.138913553 3.84623617
0.139279697 3.85301697
0.139647457 3.85981563
0.140016842 3.86663222
0.140387863 3.87346683
0.140760529 3.88031952
0.141134849 3.88719038
0.141510833 3.8940795
0.141888492 3.90098694
0.142267834 3.9079128
0.14264887 3.91485716
0.143031609 3.92182009
0.143416063 3.92880169
0.14380224 3.93580203
0.144190152 3.9428212
0.144579809 3.94985928
0.14497122 3.95691636
0.145364397 3.96399252
0.14575935 3.97108785
0.146156089 3.97820243
0.146554626 3.98533636
0.146954971 3.99248972
0.147357135 3.9996626
0.147761129 4.00685508
0.148166963 4.01406726
0.14857465 4.02129922
0.1489842 4.02855106
0.149395624 4.03582286
0.149808935 4.04311472
0.150224143 4.05042673
0.150641259 4.05775898
0.151060296 4.06511157
0.151481266 4.07248458
0.151904179 4.07987812
0.152329049 4.08729227
0.152755886 4.09472713
0.153184704 4.1021828
0.153615514 4.10965937
0.154048328 4.11715694
0.154483159 4.12467561
0.154920019 4.13221547
0.155358922 4.13977663
0.155799878 4.14735919
0.156242903 4.15496323
0.156688007 4.16258888
0.157135204 4.17023621
0.157584508 4.17790535
0.158035931 4.18559639
0.158489486 4.19330942
0.158945188 4.20104457
0.159403049 4.20880193
0.159863082 4.2165816
0.160325303 4.22438369
0.160789724 4.23220832
0.16125636 4.24005557
0.161725223 4.24792558
0.16219633 4.25581843
0.162669693 4.26373424
0.163145327 4.27167313
0.163623247 4.27963519
0.164103467 4.28762055
0.164586002 4.29562931
0.165070867 4.30366158
0.165558076 4.31171749
0.166047645 4.31979714
0.166539589 4.32790064
0.167033923 4.33602813
0.167530662 4.3441797
0.168029823 4.35235548
0.16853142 4.36055558
0.16903547 4.36878013
0.169541989 4.37702924
0.170050992 4.38530303
0.170562496 4.39360163
0.171076517 4.40192515
0.171593071 4.41027371
0.172112176 4.41864745
0.172633848 4.42704649
0.173158103 4.43547094
0.173684959 4.44392094
0.174214434 4.4523966
0.174746543 4.46089807
0.175281305 4.46942547
0.175818737 4.47797892
0.176358857 4.48655855
0.176901683 4.4951645
0.177447233 4.5037969
0.177995525 4.51245588
0.178546577 4.52114158
0.179100408 4.52985412
0.179657036 4.53859364
0.180216481 4.54736029
0.180778761 4.55615418
0.181343895 4.56497548
0.181911902 4.5738243
0.182482803 4.58270079
0.183056616 4.5916051
0.183633362 4.60053736
0.18421306 4.60949772
0.18479573 4.61848632
0.185381393 4.6275033
0.185970069 4.63654881
0.186561779 4.645623
0.187156544 4.65472601
0.187754384 4.663858
0.18835532 4.6730191
0.188959375 4.68220948
0.189566569 4.69142928
0.190176925 4.70067866
0.190790464 4.70995776
0.191407208 4.71926675
0.19202718 4.72860578
0.192650401 4.73797501
0.193276896 4.74737459
0.193906686 4.75680469
0.194539795 4.76626545
0.195176246 4.77575706
0.195816062 4.78527966
0.196459268 4.79483342
0.197105886 4.80441851
0.197755942 4.81403509
0.198409459 4.82368332
0.199066463 4.83336339
0.199726977 4.84307545
0.200391027 4.85281967
0.201058638 4.86259623
0.201729836 4.87240531
0.202404645 4.88224707
0.203083093 4.89212168
0.203765205 4.90202934
0.204451007 4.91197021
0.205140527 4.92194447
0.20583379 4.93195231
0.206530825 4.94199391
0.207231658 4.95206945
0.207936316 4.96217911
0.208644829 4.97232307
0.209357224 4.98250154
0.210073528 4.99271469
0.210793772 5.00296272
0.211517983 5.01324581
0.212246191 5.02356416
0.212978425 5.03391797
0.213714715 5.04430742
0.214455091 5.05473272
0.215199583 5.06519406
0.215948222 5.07569165
0.216701038 5.08622568
0.217458062 5.09679636
0.218219326 5.10740389
0.218984862 5.11804847
0.219754701 5.12873033
0.220528875 5.13944965
0.221307418 5.15020666
0.222090362 5.16100157
0.22287774 5.17183458
0.223669586 5.18270592
0.224465934 5.1936158
0.225266817 5.20456444
0.22607227 5.21555207
0.226882328 5.22657889
0.227697026 5.23764514
0.2285164 5.24875104
0.229340485 5.25989681
0.230169317 5.27108269
0.231002933 5.28230891
0.23184137 5.29357569
0.232684665 5.30488328
0.233532856 5.31623191
0.234385979 5.32762181
0.235244075 5.33905322
0.236107181 5.35052639
0.236975336 5.36204156
0.23784858 5.37359897
0.238726952 5.38519887
0.239610494 5.39684151
0.240499245 5.40852713
0.241393246 5.420256
0.242292539 5.43202837
0.243197165 5.44384449
0.244107168 5.45570462
0.245022588 5.46760903
0.245943471 5.47955796
0.246869858 5.4915517
0.247801794 5.50359051
0.248739324 5.51567465
0.249682491 5.5278044
0.250631342 5.53998002
0.251585923 5.55220181
0.252546278 5.56447002
0.253512456 5.57678495
0.254484502 5.58914688
0.255462465 5.60155608
0.256446394 5.61401285
0.257436335 5.62651748
0.258432339 5.63907025
0.259434455 5.65167146
0.260442733 5.66432141
0.261457224 5.6770204
0.262477978 5.68976872
0.263505049 5.70256668
0.264538487 5.71541459
0.265578345 5.72831275
0.266624677 5.74126148
0.267677537 5.75426108
0.268736979 5.76731188
0.269803057 5.7804142
0.270875828 5.79356835
0.271955348 5.80677466
0.273041673 5.82003345
0.274134861 5.83334506
0.27523497 5.84670982
0.276342057 5.86012806
0.277456183 5.87360012
0.278577407 5.88712635
0.27970579 5.90070708
0.280841392 5.91434266
0.281984276 5.92803344
0.283134503 5.94177978
0.284292137 5.95558203
0.285457242 5.96944054
0.286629882 5.98335568
0.287810122 5.99732782
0.288998028 6.01135732
0.290193666 6.02544456
0.291397105 6.0395899
0.292608411 6.05379372
0.293827654 6.06805641
0.295054903 6.08237835
0.296290229 6.09675993
0.297533702 6.11120153
0.298785394 6.12570356
0.300045379 6.14026641
0.301313729 6.15489047
0.302590519 6.16957616
0.303875823 6.18432388
0.305169719 6.19913405
0.306472282 6.21400708
0.30778359 6.22894339
0.309103722 6.2439434
0.310432757 6.25900754
0.311770776 6.27413624
0.313117859 6.28932993
0.314474089 6.30458906
0.31583955 6.31991406
0.317214324 6.33530538
0.318598497 6.35076347
0.319992155 6.36628878
0.321395384 6.38188178
0.322808274 6.39754293
0.324230913 6.41327269
0.32566339 6.42907153
0.327105797 6.44493993
0.328558226 6.46087837
0.33002077 6.47688733
0.331493523 6.49296731
0.332976582 6.50911879
0.334470041 6.52534227
0.335973999 6.54163826
0.337488555 6.55800726
0.339013809 6.57444978
0.340549861 6.59096635
0.342096814 6.60755748
0.343654772 6.62422369
0.345223839 6.64096553
0.346804122 6.65778352
0.348395727 6.67467821
0.349998764 6.69165014
0.351613342 6.70869988
0.353239573 6.72582796
0.354877568 6.74303496
0.356527443 6.76032144
0.358189311 6.77768798
0.359863291 6.79513515
0.361549501 6.81266354
0.363248059 6.83027375
0.364959087 6.84796636
0.366682708 6.86574197
0.368419046 6.8836012
0.370168226 6.90154466
0.371930376 6.91957296
0.373705624 6.93768674
0.375494101 6.95588662
0.377295939 6.97417324
0.379111272 6.99254725
0.380940234 7.01100929
0.382782963 7.02956003
0.384639598 7.04820012
0.38651028 7.06693024
0.38839515 7.08575107
0.390294353 7.10466329
0.392208036 7.12366758
0.394136345 7.14276465
0.39607943 7.1619552
0.398037445 7.18123994
0.400010541 7.2006196
0.401998875 7.22009489
0.404002604 7.23966656
0.406021889 7.25933534
0.40805689 7.27910198
0.410107773 7.29896724
0.412174702 7.31893188
0.414257847 7.33899668
0.416357378 7.35916242
0.418473467 7.37942989
0.42060629 7.39979987
0.422756024 7.42027319
0.424922849 7.44085064
0.427106947 7.46153306
0.429308503 7.48232127
0.431527703 7.50321612
0.433764737 7.52421845
0.436019797 7.54532912
0.438293079 7.566549
0.440584779 7.58787896
0.442895098 7.60931989
0.445224239 7.63087268
0.447572407 7.65253825
0.44993981 7.67431749
0.45232666 7.69621135
0.454733171 7.71822075
0.457159561 7.74034663
0.45960605 7.76258996
0.46207286 7.78495169
0.464560219 7.80743281
0.467068355 7.8300343
0.469597503 7.85275715
0.472147897 7.87560238
0.474719778 7.89857101
0.477313388 7.92166407
0.479928974 7.9448826
0.482566785 7.96822766
0.485227075 7.99170031
0.487910101 8.01530163
0.490616123 8.03903271
0.493345407 8.06289466
0.49609822 8.08688858
0.498874835 8.11101562
0.501675528 8.13527691
0.504500579 8.1596736
0.507350273 8.18420687
0.510224897 8.20887789
0.513124746 8.23368786
0.516050116 8.25863798
0.519001308 8.28372949
0.521978628 8.30896361
0.524982388 8.3343416
0.528012902 8.35986473
0.531070491 8.38553427
0.534155478 8.41135153
0.537268195 8.43731781
0.540408975 8.46343444
0.543578158 8.48970277
0.546776089 8.51612415
0.550003119 8.54269996
0.553259603 8.56943159
0.556545903 8.59632046
0.559862384 8.62336798
0.56320942 8.65057559
0.566587388 8.67794477
0.569996672 8.70547699
0.573437664 8.73317374
0.576910758 8.76103654
0.580416357 8.78906693
0.58395487 8.81726645
0.587526712 8.84563669
0.591132305 8.87417922
0.594772078 8.90289567
0.598446466 8.93178766
0.602155912 8.96085684
0.605900865 8.9901049
0.609681782 9.01953352
0.613499127 9.04914441
0.617353373 9.07893933
0.621244998 9.10892001
0.62517449 9.13908826
0.629142344 9.16944587
0.633149065 9.19999467
0.637195164 9.23073651
0.641281161 9.26167328
0.645407585 9.29280686
0.649574975 9.32413919
0.653783877 9.35567221
0.658034848 9.38740791
0.662328453 9.41934828
0.666665268 9.45149535
0.671045876 9.48385118
0.675470875 9.51641785
0.679940867 9.54919747
0.68445647 9.58219218
0.689018309 9.61540415
0.693627021 9.64883558
0.698283255 9.68248869
0.70298767 9.71636574
0.707740937 9.75046902
0.712543738 9.78480084
0.71739677 9.81936357
0.722300737 9.85415957
0.727256362 9.88919128
0.732264375 9.92446113
0.737325524 9.95997162
0.742440566 9.99572526
0.747610275 10.0317246
0.752835437 10.0679723
0.758116854 10.1044708
0.763455341 10.141223
0.768851728 10.1782314
0.774306863 10.2154989
0.779821606 10.2530282
0.785396834 10.2908221
0.791033443 10.3288835
0.796732341 10.3672153
0.802494457 10.4058205
0.808320736 10.4447019
0.81421214 10.4838627
0.820169651 10.523306
0.826194268 10.5630348
0.832287011 10.6030523
0.838448918 10.6433618
0.844681048 10.6839664
0.850984479 10.7248695
0.857360311 10.7660746
0.863809666 10.8075849
0.870333688 10.8494039
0.876933542 10.8915352
0.883610417 10.9339823
0.890365525 10.9767489
0.897200104 11.0198386
0.904115414 11.0632552
0.911112743 11.1070024
0.918193402 11.1510842
0.925358732 11.1955044
0.932610098 11.2402669
0.939948895 11.285376
0.947376546 11.3308356
0.954894504 11.3766498
0.96250425 11.4228231
0.970207298 11.4693596
0.978005192 11.5162637
0.98589951 11.5635398
0.993891862 11.6111926
1.00198389 11.6592265
1.01017728 11.7076462
1.01847374 11.7564564
1.02687503 11.8056621
1.03538293 11.855268
1.04399927 11.9052791
1.05272593 11.9557005
1.0615648 12.0065374
1.07051785 12.057795
1.07958706 12.1094785
1.08877447 12.1615935
1.09808217 12.2141454
1.10751229 12.2671397
1.117067 12.3205823
1.12674853 12.3744788
1.13655915 12.4288352
1.14650121 12.4836574
1.15657707 12.5389516
1.16678918 12.594724
1.17714002 12.6509808
1.18763216 12.7077286
1.19826821 12.7649738
1.20905082 12.822723
1.21998275 12.8809831
1.23106679 12.939761
1.2423058 12.9990637
1.25370273 13.0588983
1.26526057 13.1192721
1.27698242 13.1801926
1.28887141 13.2416672
1.30093079 13.3037037
1.31316386 13.3663099
1.32557401 13.4294937
1.33816472 13.4932634
1.35093955 13.5576272
1.36390216 13.6225935
1.37705629 13.6881709
1.39040577 13.7543682
1.40395455 13.8211944
1.41770666 13.8886585
1.43166625 13.9567698
1.44583756 14.0255378
1.46022495 14.0949721
1.47483291 14.1650826
1.48966601 14.2358793
1.50472898 14.3073724
1.52002666 14.3795724
1.53556402 14.4524899
1.55134615 14.5261358
1.56737831 14.6005211
1.58366587 14.6756572
1.60021438 14.7515556
1.61702951 14.8282281
1.63411711 14.9056867
1.65148319 14.9839437
1.66913393 15.0630115
1.68707568 15.142903
1.70531496 15.2236313
1.7238585 15.3052097
1.74271321 15.3876517
1.7618862 15.4709714
1.7813848 15.5551828
1.80121654 15.6403006
1.82138917 15.7263396
1.8419107 15.8133149
1.86278934 15.901242
1.88403357 15.9901368
1.90565213 16.0800154
1.92765402 16.1708944
1.95004851 16.2627907
1.97284518 16.3557215
1.99605387 16.4497047
2.01968477 16.5447583
2.04374837 16.6409008
2.06825549 16.7381511
2.09321731 16.8365287
2.11864537 16.9360532
2.14455157 17.0367452
2.17094821 17.1386252
2.19784799 17.2417146
2.22526405 17.3460351
2.25320995 17.451609
2.28169971 17.5584592
2.31074782 17.666609
2.34036929 17.7760823
2.37057962 17.8869038
2.40139485 17.9990984
2.43283161 18.112692
2.46490709 18.227711
2.49763909 18.3441823
2.53104606 18.4621338
2.56514711 18.5815938
2.59996203 18.7025916
2.63551138 18.8251568
2.67181642 18.9493203
2.70889926 19.0751135
2.7467828 19.2025686
2.78549082 19.3317186
2.82504802 19.4625976
2.86548004 19.5952404
2.90681352 19.7296827
2.94907614 19.8659613
2.99229668 20.0041137
3.03650507 20.1441788
3.08173243 20.2861961
3.12801117 20.4302066
3.17537499 20.576252
3.22385903 20.7243754
3.27349985 20.8746211
3.32433558 21.0270343
3.37640596 21.1816618
3.42975242 21.3385514
3.48441821 21.4977524
3.54044845 21.6593155
3.59789026 21.8232925
3.65679286 21.989737
3.71720767 22.1587038
3.77918845 22.3302495
3.84279145 22.504432
3.90807548 22.6813109
3.97510214 22.8609475
4.04393593 23.0434048
4.11464441 23.2287476
4.18729842 23.4170422
4.26197225 23.6083571
4.33874381 23.8027624
4.41769493 24.0003302
4.49891153 24.2011345
4.58248388 24.4052514
4.66850689 24.6127589
4.75708038 24.8237369
4.84830941 25.0382677
4.94230458 25.2564354
5.03918242 25.4783261
5.13906573 25.7040284
5.24208403 25.9336324
5.34837397 26.1672308
5.45807982 26.4049178
5.57135396 26.6467898
5.68835743 26.8929451
5.80926052 27.1434836
5.93424338 27.398507
6.06349669 27.6581182
6.1972224 27.9224218
6.3356345 28.1915229
6.47895981 28.4655278
6.62743891 28.7445427
6.78132706 29.0286742
6.94089522 29.318028
7.10643111 29.6127087
7.27824038 29.9128191
7.45664777 30.2184592
7.64199844 30.5297255
7.83465928 30.8467094
8.03502032 31.1694964
8.24349619 31.4981642
8.46052763 31.8327813
8.68658297 32.1734045
8.92215976 32.5200768
9.1677862 32.8728248
9.42402265 33.2316554
9.69146302 33.5965523
9.97073592 33.9674722
10.2625057 34.34434
10.5674732 34.7270442
10.8863757 35.1154306
11.2199871 35.5092965
11.5691165 35.9083839
11.9346069 36.3123719
12.3173316 36.7208683
12.718191 37.1334023
13.1381064 37.5494144
13.5780133 37.9682488
14.038852 38.3891439
14.5215575 38.8112245
15.0270456 39.2334943
15.5561991 39.6548298
16.10985 40.0739758
16.6887613 40.4895431
17.293607 40.900008
17.9249505 41.3037158
18.5832225 41.6988856
19.2686978 42.0836191
19.9814715 42.4559126
20.7214349 42.8136722
21.4882503 43.1547339
22.2813252 43.4768881
23.0997872 43.7779122
23.9424602 44.0556108
24.8078452 44.3078659
25.6941084 44.5326981
26.5990826 44.7283364
27.5202847 44.8932966
28.4549544 45.0264598
29.4001161 45.1271481
30.3526621 45.1951874
31.3094565 45.2309511
32.2674511 45.2353787
33.2238082 45.2099649
34.1760199 45.1567196
35.1220176 45.0780987
36.0602628 44.9769108
36.9898156 44.8562044
37.9103752 44.7191423
38.8222909 44.5688695
39.7265415 44.4083842
40.6246861 44.2404183
41.5187887 44.0673366
42.4113235 43.8910616
43.3050717 43.7130285
44.2030174 43.5341707
45.1082567 43.3549326
46.0239248 43.1753036
46.9531486 42.9948629
47.899025 42.8128251
48.8646213 42.6280765
49.8529933 42.4391955
50.867213 42.2444511
51.9103981 42.0417777
52.9857353 41.828726
54.0964903 41.6023902
55.2459963 41.3593151
56.4376143 41.0953857
57.6746545 40.8057066
58.9602545 40.4844807
60.2972057 40.1249004
61.687728 39.7190678
63.1331965 39.2579627
64.6338297 38.7314773
66.1883567 38.1285322
67.7936863 37.4372861
69.4446028 36.6454422
71.1335176 35.7406494
72.8503034 34.710986
74.5822355 33.5455086
76.3140628 32.2348407
78.0282211 30.7717681
79.7051979 29.1518046
81.3240444 27.3736883
82.8630202 25.4397639
84.3003438 23.3562159
85.6150069 21.133119
86.7876044 18.7842887
87.8011222 16.3269271
88.641627 13.7810804
89.2988075 11.1689388
89.7663284 8.51402532
90.0419742 5.8403323
90.1275801 3.17146241
90.0287634 0.52983447
89.7544877 -2.06399871
89.3165012 -4.59188442
88.7287006 -7.03843648
88.0064682 -9.39123082
87.1660302 -11.6408417
86.2238717 -13.7807423
85.1962335 -15.8070991
84.0987048 -17.7184945
82.9459135 -19.5156074
81.7513089 -21.2008793
80.5270238 -22.7781858
79.2838053 -24.2525273
78.0309973 -25.6297472
76.7765643 -26.9162818
75.5271451 -28.1189431
74.2881268 -29.2447345
73.0637327 -30.300697
71.8571158 -31.2937839
70.6704554 -32.2307614
69.5050493 -33.1181307
68.3614008 -33.9620679
67.2392979 -34.7683773
66.1378823 -35.5424527
65.0557115 -36.2892433
63.990814 -37.0132185
62.9407428 -37.7183306
61.9026307 -38.4079727
60.8732526 -39.0849346
59.8490983 -39.7513587
58.8264575 -40.4087018
57.8015164 -41.0577061
56.7704647 -41.6983865
55.7296066 -42.3300349
54.6754733 -42.9512445
53.6049312 -43.5599532
52.5152824 -44.1535038
51.4043551 -44.7287199
50.2705824 -45.281995
49.1130671 -45.8093931
47.9316331 -46.3067597
46.7268598 -46.7698425
45.5000981 -47.19442
44.2534646 -47.5764351
42.9898113 -47.9121316
41.7126686 -48.1981868
40.4261614 -48.4318343
39.1348983 -48.6109703
37.8438385 -48.7342353
36.5581431 -48.8010665
35.2830168 -48.811715
34.0235523 -48.7672278
32.7845836 -48.6693957
31.5705602 -48.5206712
30.3854451 -48.3240645
29.2326435 -48.083024
28.1149614 -47.8013114
27.0345936 -47.4828792
25.993137 -47.1317564
24.9916247 -46.7519483
24.0305753 -46.3473522
23.1100519 -45.9216919
22.2297259 -45.4784685
21.3889419 -45.0209278
20.5867802 -44.5520419
19.8221143 -44.074502
19.0936633 -43.5907206
18.4000373 -43.1028405
17.7397763 -42.6127489
17.1113824 -42.1220945
16.5133466 -41.6323064
15.9441695 -41.144614
15.4023781 -40.6600666
14.8865378 -40.179552
14.3952622 -39.7038153
13.9272187 -39.233475
13.481133 -38.7690384
13.0557912 -38.3109163
12.6500411 -37.8594345
12.2627916 -37.4148461
11.8930117 -36.9773406
11.5397292 -36.5470535
11.2020284 -36.1240736
10.8790479 -35.7084499
10.5699779 -35.3001977
10.2740579 -34.8993036
9.99057371 -34.5057303
9.71885493 -34.1194203
9.45827249 -33.7402992
9.20823599 -33.3682789
8.96819136 -33.0032601
8.73761855 -32.6451342
8.51602931 -32.2937856
8.30296518 -31.9490929
8.09799546 -31.6109305
7.90071547 -31.2791698
7.71074475 -30.9536801
7.5277255 -30.6343293
7.35132109 -30.3209851
7.18121461 -30.0135152
7.01710759 -29.7117878
6.85871882 -29.4156724
6.70578314 -29.1250396
6.55805046 -28.8397619
6.41528475 -28.5597138
6.27726313 -28.2847716
6.14377503 -28.0148143
6.01462139 -27.749723
5.88961394 -27.4893815
5.76857453 -27.2336758
5.65133446 -26.9824949
5.53773394 -26.7357303
5.42762151 -26.4932759
5.32085352 -26.2550285
5.21729368 -26.0208875
5.11681262 -25.7907547
5.01928744 -25.5645346
4.92460138 -25.3421343
4.8326434 -25.1234632
4.74330791 -24.9084332
4.65649438 -24.6969587
4.57210713 -24.4889564
4.49005499 -24.2843451
4.41025109 -24.0830461
4.33261259 -23.8849827
4.25706047 -23.6900803
4.18351933 -23.4982667
4.11191716 -23.3094712
4.04218519 -23.1236255
3.97425773 -22.9406628
3.90807193 -22.7605186
3.84356774 -22.5831298
3.78068766 -22.4084352
3.71937667 -22.2363754
3.65958211 -22.0668924
3.60125351 -21.89993
3.54434252 -21.7354335
3.48880278 -21.5733495
3.43458985 -21.4136262
3.38166108 -21.2562134
3.32997555 -21.1010619
3.27949399 -20.9481241
3.23017866 -20.7973536
3.18199332 -20.6487051
3.13490316 -20.5021346
3.08887468 -20.3575995
3.04387571 -20.2150579
2.99987527 -20.0744693
2.95684356 -19.9357942
2.91475192 -19.798994
2.87357272 -19.6640314
2.83327937 -19.5308696
2.79384625 -19.3994733
2.75524868 -19.2698076
2.71746285 -19.1418388
2.68046582 -19.0155339
2.64423546 -18.8908608
2.60875042 -18.7677883
2.57399009 -18.6462857
2.53993458 -18.5263234
2.50656469 -18.4078722
2.47386188 -18.2909039
2.44180823 -18.1753908
2.41038643 -18.061306
2.37957975 -17.9486231
2.34937201 -17.8373165
2.31974759 -17.7273611
2.29069134 -17.6187325
2.26218864 -17.5114068
2.23422533 -17.4053606
2.2067877 -17.3005712
2.17986249 -17.1970164
2.15343684 -17.0946743
2.12749832 -16.9935239
2.10203488 -16.8935443
2.07703483 -16.7947153
2.05248685 -16.6970171
2.02837999 -16.6004303
2.00470359 -16.504936
1.98144735 -16.4105158
1.95860127 -16.3171514
1.93615563 -16.2248254
1.91410103 -16.1335203
1.89242832 -16.0432192
1.87112864 -15.9539056
1.85019337 -15.8655634
1.82961416 -15.7781766
1.80938288 -15.6917298
1.78949164 -15.6062078
1.76993278 -15.5215957
1.75069886 -15.4378792
1.73178263 -15.3550438
1.71317707 -15.2730757
1.69487533 -15.1919613
1.67687076 -15.1116873
1.6591569 -15.0322404
1.64172745 -14.953608
1.62457629 -14.8757775
1.60769748 -14.7987366
1.59108521 -14.7224733
1.57473384 -14.6469757
1.55863789 -14.5722323
1.54279201 -14.4982318
1.527191 -14.4249631
1.51182978 -14.3524152
1.49670342 -14.2805776
1.4818071 -14.2094397
1.46713615 -14.1389913
1.452686 -14.0692224
1.43845219 -14.000123
1.4244304 -13.9316835
1.41061638 -13.8638944
1.39700602 -13.7967464
1.38359529 -13.7302304
1.37038028 -13.6643374
1.35735717 -13.5990586
1.34452221 -13.5343854
1.33187178 -13.4703093
1.31940232 -13.406822
1.30711036 -13.3439153
1.29499253 -13.2815813
1.28304553 -13.2198121
1.27126612 -13.1585999
1.25965116 -13.0979372
1.24819759 -13.0378165
1.2369024 -12.9782306
1.22576265 -12.9191723
1.21477549 -12.8606344
1.20393813 -12.8026101
1.19324782 -12.7450926
1.1827019 -12.6880752
1.17229776 -12.6315514
1.16203285 -12.5755146
1.15190467 -12.5199585
1.1419108 -12.464877
1.13204885 -12.4102638
1.12231648 -12.356113
1.11271143 -12.3024186
1.10323146 -12.2491749
1.0938744 -12.1963761
1.08463812 -12.1440166
1.07552052 -12.0920909
1.06651958 -12.0405935
1.05763329 -11.9895191
1.0488597 -11.9388624
1.04019691 -11.8886183
1.03164303 -11.8387817
1.02319625 -11.7893476
1.01485476 -11.740311
1.00661682 -11.6916672
0.9984807 -11.6434113
0.990444722 -11.5955387
0.982507239 -11.5480448
0.974666637 -11.500925
0.966921334 -11.4541748
0.959269784 -11.40779
0.951710469 -11.3617661
0.944241903 -11.3160989
0.93686263 -11.2707842
0.929571224 -11.2258179
0.922366285 -11.1811959
0.915246445 -11.1369143
0.90821036 -11.092969
0.901256714 -11.0493563
0.894384214 -11.0060722
0.887591598 -10.9631132
0.880877623 -10.9204753
0.874241074 -10.8781551
0.867680756 -10.8361489
0.861195502 -10.7944531
0.854784163 -10.7530644
0.848445613 -10.7119792
0.842178749 -10.6711942
0.835982488 -10.630706
0.829855767 -10.5905114
0.823797543 -10.5506072
0.817806795 -10.5109901
0.811882517 -10.4716571
0.806023725 -10.4326049
0.800229453 -10.3938307
0.79449875 -10.3553313
0.788830686 -10.3171038
0.783224347 -10.2791453
0.777678834 -10.241453
0.772193266 -10.2040239
0.766766778 -10.1668553
0.761398521 -10.1299444
0.756087659 -10.0932885
0.750833374 -10.056885
0.745634861 -10.0207311
0.740491328 -9.98482435
0.735402001 -9.94916209
0.730366115 -9.9137418
0.725382923 -9.87856099
0.720451687 -9.8436172
0.715571685 -9.80890799
0.710742205 -9.77443096
0.70596255 -9.74018375
0.701232034 -9.70616403
0.696549981 -9.6723695
0.691915729 -9.63879788
0.687328627 -9.60544693
0.682788035 -9.57231445
0.678293322 -9.53939824
0.673843871 -9.50669617
0.669439072 -9.47420611
0.665078328 -9.44192596
0.66076105 -9.40985365
0.65648666 -9.37798714
0.652254591 -9.34632442
0.648064281 -9.3148635
0.643915182 -9.28360242
0.639806753 -9.25253924
0.635738461 -9.22167205
0.631709784 -9.19099896
0.627720206 -9.16051811
0.623769221 -9.13022766
0.619856331 -9.10012579
0.615981046 -9.07021071
0.612142883 -9.04048065
0.608341369 -9.01093386
0.604576036 -8.98156862
0.600846424 -8.95238322
0.597152082 -8.92337597
0.593492565 -8.89454523
0.589867434 -8.86588933
0.586276258 -8.83740667
0.582718614 -8.80909564
0.579194083 -8.78095466
0.575702254 -8.75298217
0.572242723 -8.72517662
0.568815091 -8.6975365
0.565418965 -8.67006028
0.562053959 -8.6427465
0.558719694 -8.61559367
0.555415793 -8.58860034
0.552141889 -8.56176509
0.548897618 -8.53508648
0.545682622 -8.50856313
0.54249655 -8.48219365
0.539339053 -8.45597667
0.53620979 -8.42991084
0.533108424 -8.40399483
0.530034625 -8.37822731
0.526988064 -8.35260698
0.523968419 -8.32713255
0.520975375 -8.30180275
0.518008618 -8.27661631
0.51506784 -8.251572
0.512152738 -8.22666859
0.509263014 -8.20190485
0.506398371 -8.17727958
0.503558521 -8.1527916
0.500743177 -8.12843974
0.497952056 -8.10422282
0.495184882 -8.08013971
0.49244138 -8.05618927
0.48972128 -8.03237037
0.487024316 -8.0086819
0.484350225 -7.98512277
0.481698749 -7.96169189
0.479069634 -7.9383882
0.476462626 -7.91521062
0.473877479 -7.89215811
0.471313949 -7.86922963
0.468771793 -7.84642415
0.466250776 -7.82374067
0.463750661 -7.80117817
0.461271219 -7.77873567
0.458812221 -7.75641217
0.456373443 -7.73420672
0.453954663 -7.71211835
0.451555662 -7.6901461
0.449176225 -7.66828905
0.446816139 -7.64654625
0.444475195 -7.62491679
0.442153185 -7.60339977
0.439849905 -7.58199427
0.437565154 -7.5606994
0.435298734 -7.5395143
0.433050447 -7.51843807
0.430820102 -7.49746987
0.428607506 -7.47660884
0.426412473 -7.45585413
0.424234815 -7.43520491
0.42207435 -7.41466034
0.419930896 -7.39421962
0.417804276 -7.37388193
0.415694313 -7.35364647
0.413600833 -7.33351245
0.411523664 -7.31347907
0.409462638 -7.29354557
0.407417587 -7.27371118
0.405388346 -7.25397513
0.403374752 -7.23433667
0.401376645 -7.21479505
0.399393865 -7.19534954
0.397426256 -7.17599941
0.395473664 -7.15674393
0.393535935 -7.13758238
0.39161292 -7.11851406
0.389704468 -7.09953827
0.387810433 -7.08065431
0.385930671 -7.06186149
0.384065037 -7.04315914
0.38221339 -7.02454657
0.380375591 -7.00602313
0.378551502 -6.98758814
0.376740986 -6.96924096
0.374943908 -6.95098094
0.373160137 -6.93280744
0.37138954 -6.91471981
0.369631988 -6.89671744
0.367887353 -6.8787997
0.366155509 -6.86096596
0.364436331 -6.84321563
0.362729694 -6.8255481
0.361035478 -6.80796276
0.359353562 -6.79045903
0.357683827 -6.77303631
0.356026156 -6.75569403
0.354380432 -6.7384316
0.35274654 -6.72124846
0.351124369 -6.70414404
0.349513804 -6.68711778
0.347914737 -6.67016913
0.346327057 -6.65329753
0.344750657 -6.63650244
0.34318543 -6.61978332
0.34163127 -6.60313965
0.340088073 -6.58657088
0.338555736 -6.57007649
0.337034158 -6.55365597
0.335523238 -6.53730879
0.334022876 -6.52103446
0.332532975 -6.50483246
0.331053437 -6.48870229
0.329584165 -6.47264347
0.328125066 -6.45665548
0.326676046 -6.44073786
0.325237011 -6.42489012
0.323807871 -6.40911177
0.322388534 -6.39340235
0.320978911 -6.37776138
0.319578914 -6.3621884
0.318188455 -6.34668296
0.316807447 -6.33124458
0.315435805 -6.31587283
0.314073445 -6.30056725
0.312720283 -6.28532739
0.311376236 -6.27015282
0.310041223 -6.2550431
0.308715162 -6.23999779
0.307397974 -6.22501648
0.306089579 -6.21009872
0.304789901 -6.1952441
0.30349886 -6.18045221
0.302216381 -6.16572263
0.300942389 -6.15105494
0.299676809 -6.13644875
0.298419565 -6.12190365
0.297170587 -6.10741923
0.295929801 -6.09299511
0.294697135 -6.07863088
0.29347252 -6.06432616
0.292255885 -6.05008057
0.29104716 -6.03589372
0.289846278 -6.02176523
0.288653171 -6.00769473
0.287467771 -5.99368183
0.286290013 -5.97972618
0.285119831 -5.96582741
0.283957159 -5.95198515
0.282801935 -5.93819904
0.281654095 -5.92446872
0.280513575 -5.91079384
0.279380313 -5.89717406
0.278254249 -5.88360901
0.277135321 -5.87009836
0.276023469 -5.85664176
0.274918634 -5.84323887
0.273820756 -5.82988935
0.272729778 -5.81659288
0.271645642 -5.80334912
0.27056829 -5.79015774
0.269497667 -5.77701842
0.268433715 -5.76393082
0.267376381 -5.75089464
0.266325609 -5.73790956
0.265281346 -5.72497525
0.264243536 -5.71209141
0.263212128 -5.69925772
0.262187069 -5.68647389
0.261168307 -5.6737396
0.260155791 -5.66105454
0.259149469 -5.64841843
0.258149291 -5.63583096
0.257155207 -5.62329184
0.256167169 -5.61080078
0.255185126 -5.59835748
0.254209031 -5.58596165
0.253238836 -5.57361302
0.252274493 -5.56131129
0.251315956 -5.54905619
0.250363177 -5.53684743
0.249416112 -5.52468474
0.248474714 -5.51256785
0.247538938 -5.50049648
0.24660874 -5.48847036
0.245684075 -5.47648922
0.2447649 -5.4645528
0.243851171 -5.45266084
0.242942846 -5.44081306
0.242039882 -5.42900922
0.241142237 -5.41724905
0.240249869 -5.4055323
0.239362738 -5.39385871
0.238480801 -5.38222803
0.237604019 -5.37064002
0.236732352 -5.35909442
0.235865761 -5.34759098
0.235004205 -5.33612947
0.234147646 -5.32470964
0.233296045 -5.31333125
0.232449365 -5.30199406
0.231607567 -5.29069784
0.230770614 -5.27944235
0.22993847 -5.26822735
0.229111096 -5.25705262
0.228288458 -5.24591793
0.227470519 -5.23482304
0.226657243 -5.22376773
0.225848595 -5.21275178
0.22504454 -5.20177497
0.224245044 -5.19083707
0.223450071 -5.17993786
0.222659589 -5.16907713
0.221873563 -5.15825465
0.22109196 -5.14747022
0.220314747 -5.13672362
0.219541891 -5.12601465
0.21877336 -5.11534308
0.218009121 -5.10470871
0.217249143 -5.09411134
0.216493394 -5.08355076
0.215741843 -5.07302677
0.21499446 -5.06253916
0.214251212 -5.05208773
0.213512071 -5.04167229
0.212777005 -5.03129263
0.212045985 -5.02094857
0.211318981 -5.01063989
0.210595965 -5.00036642
0.209876906 -4.99012796
0.209161777 -4.97992431
0.208450549 -4.9697553
0.207743193 -4.95962072
0.207039682 -4.9495204
0.206339987 -4.93945415
0.205644082 -4.92942178
0.204951939 -4.91942312
0.204263531 -4.90945797
0.203578831 -4.89952617
0.202897813 -4.88962753
0.202220451 -4.87976187
0.201546718 -4.86992902
0.200876588 -4.86012881
0.200210037 -4.85036105
0.199547039 -4.84062558
0.198887568 -4.83092223
0.1982316 -4.82125082
0.19757911 -4.81161119
0.196930073 -4.80200316
0.196284466 -4.79242658
0.195642264 -4.78288128
0.195003443 -4.77336708
0.194367981 -4.76388384
0.193735852 -4.75443139
0.193107035 -4.74500956
0.192481506 -4.7356182
0.191859243 -4.72625714
0.191240222 -4.71692624
0.190624422 -4.70762533
0.190011819 -4.69835426
0.189402393 -4.68911287
0.188796121 -4.67990102
0.188192982 -4.67071854
0.187592954 -4.6615653
0.186996016 -4.65244113
0.186402146 -4.64334589
0.185811324 -4.63427942
0.18522353 -4.6252416
0.184638742 -4.61623226
0.18405694 -4.60725126
0.183478104 -4.59829846
0.182902214 -4.58937371
0.182329251 -4.58047688
0.181759193 -4.57160782
0.181192022 -4.56276639
0.180627719 -4.55395245
0.180066264 -4.54516587
0.179507638 -4.5364065
0.178951822 -4.52767421
0.178398798 -4.51896886
0.177848546 -4.51029033
0.177301049 -4.50163846
0.176756289 -4.49301314
0.176214246 -4.48441423
0.175674904 -4.4758416
0.175138244 -4.46729512
0.174604249 -4.45877465
0.174072901 -4.45028007
0.173544182 -4.44181126
0.173018076 -4.43336808
0.172494566 -4.42495041
0.171973634 -4.41655813
0.171455263 -4.4081911
0.170939438 -4.39984921
0.170426141 -4.39153232
0.169915356 -4.38324033
0.169407066 -4.37497311
0.168901257 -4.36673054
0.16839791 -4.3585125
0.167897012 -4.35031886
0.167398545 -4.34214952
0.166902494 -4.33400434
0.166408845 -4.32588323
0.16591758 -4.31778606
0.165428686 -4.30971271
0.164942147 -4.30166307
0.164457948 -4.29363704
0.163976074 -4.28563448
0.16349651 -4.2776553
0.163019242 -4.26969938
0.162544254 -4.2617666
0.162071534 -4.25385687
0.161601066 -4.24597006
0.161132836 -4.23810608
0.16066683 -4.23026481
0.160203034 -4.22244614
0.159741435 -4.21464997
0.159282018 -4.20687619
0.15882477 -4.1991247
0.158369677 -4.1913954
0.157916726 -4.18368816
0.157465903 -4.17600291
0.157017196 -4.16833952
0.15657059 -4.1606979
0.156126074 -4.15307795
0.155683635 -4.14547957
0.155243258 -4.13790265
0.154804932 -4.1303471
0.154368645 -4.12281281
0.153934383 -4.11529969
0.153502133 -4.10780764
0.153071885 -4.10033657
0.152643625 -4.09288637
0.152217342 -4.08545695
0.151793022 -4.07804822
0.151370656 -4.07066008
0.150950229 -4.06329243
0.150531732 -4.05594518
0.150115151 -4.04861824
0.149700476 -4.04131151
0.149287694 -4.03402491
0.148876795 -4.02675834
0.148467767 -4.01951171
0.148060599 -4.01228493
0.14765528 -4.00507791
0.147251798 -3.99789056
0.146850143 -3.99072279
0.146450304 -3.98357452
0.146052269 -3.97644565
0.145656029 -3.9693361
0.145261571 -3.96224578
0.144868887 -3.95517461
0.144477965 -3.94812249
0.144088795 -3.94108935
0.143701366 -3.9340751
0.143315669 -3.92707965
0.142931692 -3.92010292
0.142549427 -3.91314484
0.142168862 -3.9062053
0.141789988 -3.89928424
0.141412794 -3.89238158
0.141037272 -3.88549722
0.140663411 -3.87863109
0.140291202 -3.87178311
0.139920635 -3.86495319
0.1395517 -3.85814127
0.139184388 -3.85134726
0.13881869 -3.84457107
0.138454595 -3.83781265
0.138092096 -3.83107189
0.137731182 -3.82434874
0.137371845 -3.81764311
0.137014075 -3.81095492
0.136657863 -3.8042841
0.136303202 -3.79763058
0.13595008 -3.79099428
0.135598491 -3.78437512
0.135248424 -3.77777303
0.134899872 -3.77118794
0.134552825 -3.76461977
0.134207276 -3.75806845
0.133863215 -3.75153392
0.133520634 -3.74501608
0.133179525 -3.73851488
0.13283988 -3.73203025
0.132501689 -3.72556211
0.132164946 -3.71911039
0.131829641 -3.71267502
0.131495767 -3.70625593
0.131163316 -3.69985306
0.13083228 -3.69346633
0.13050265 -3.68709567
0.130174419 -3.68074102
0.129847579 -3.67440232
0.129522122 -3.66807948
0.129198041 -3.66177245
0.128875328 -3.65548116
0.128553975 -3.64920554
0.128233976 -3.64294553
0.127915321 -3.63670106
0.127598004 -3.63047206
0.127282018 -3.62425848
0.126967355 -3.61806024
0.126654007 -3.61187729
0.126341969 -3.60570955
0.126031231 -3.59955697
0.125721788 -3.59341948
0.125413633 -3.58729702
0.125106757 -3.58118953
0.124801154 -3.57509695
0.124496818 -3.56901921
0.124193741 -3.56295625
0.123891916 -3.55690801
0.123591338 -3.55087443
0.123291998 -3.54485546
0.12299389 -3.53885102
0.122697007 -3.53286106
0.122401344 -3.52688553
0.122106893 -3.52092436
0.121813648 -3.51497749
0.121521602 -3.50904487
0.121230749 -3.50312643
0.120941082 -3.49722212
0.120652596 -3.49133189
0.120365283 -3.48545566
0.120079138 -3.4795934
0.119794154 -3.47374504
0.119510325 -3.46791052
0.119227646 -3.46208979
0.118946109 -3.4562828
0.118665709 -3.45048948
0.118386439 -3.44470979
0.118108295 -3.43894366
0.117831269 -3.43319105
0.117555356 -3.42745189
0.117280551 -3.42172614
0.117006846 -3.41601374
0.116734237 -3.41031465
0.116462718 -3.40462879
0.116192283 -3.39895613
0.115922926 -3.39329661
0.115654642 -3.38765017
0.115387425 -3.38201678
0.115121269 -3.37639636
0.114856169 -3.37078888
0.11459212 -3.36519428
0.114329116 -3.35961251
0.114067152 -3.35404352
0.113806221 -3.34848725
0.11354632 -3.34294367
0.113287442 -3.33741272
0.113029583 -3.33189435
0.112772737 -3.3263885
0.112516898 -3.32089514
0.112262062 -3.31541421
0.112008224 -3.30994566
0.111755378 -3.30448945
0.111503519 -3.29904553
0.111252643 -3.29361384
0.111002744 -3.28819435
0.110753817 -3.282787
0.110505857 -3.27739175
0.11025886 -3.27200855
0.110012821 -3.26663736
0.109767734 -3.26127812
0.109523595 -3.25593079
0.109280399 -3.25059533
0.109038141 -3.24527168
0.108796817 -3.23995981
0.108556422 -3.23465967
0.108316951 -3.22937121
0.108078399 -3.2240944
0.107840763 -3.21882917
0.107604036 -3.2135755
0.107368216 -3.20833333
0.107133297 -3.20310262
0.106899274 -3.19788333
0.106666144 -3.19267542
0.106433902 -3.18747883
0.106202543 -3.18229354
0.105972063 -3.17711949
0.105742458 -3.17195664
0.105513723 -3.16680496
0.105285854 -3.16166439
0.105058847 -3.1565349
0.104832697 -3.15141644
0.104607401 -3.14630898
0.104382953 -3.14121246
0.104159351 -3.13612686
0.10393659 -3.13105213
0.103714665 -3.12598822
0.103493572 -3.1209351
0.103273308 -3.11589273
0.103053869 -3.11086107
0.102835249 -3.10584008
0.102617447 -3.10082971
0.102400456 -3.09582993
0.102184274 -3.0908407
0.101968897 -3.08586198
0.10175432 -3.08089373
0.10154054 -3.07593591
0.101327553 -3.07098848
0.101115356 -3.06605141
0.100903943 -3.06112465
0.100693312 -3.05620817
0.100483458 -3.05130194
0.100274379 -3.0464059
0.10006607 -3.04152003
0.0998585272 -3.03664429
0.0996517475 -3.03177863
0.0994457272 -3.02692303
0.0992404625 -3.02207745
0.0990359498 -3.01724184
0.0988321856 -3.01241618
0.0986291662 -3.00760043
0.0984268882 -3.00279455
0.0982253481 -2.9979985
0.0980245423 -2.99321225
0.0978244674 -2.98843576
0.0976251198 -2.98366901
0.0974264962 -2.97891194
0.0972285932 -2.97416454
0.0970314074 -2.96942675
0.0968349353 -2.96469855
0.0966391737 -2.95997991
0.0964441191 -2.95527078
0.0962497683 -2.95057114
0.096056118 -2.94588095
0.095863165 -2.94120018
0.0956709058 -2.93652879
0.0954793374 -2.93186674
0.0952884565 -2.92721401
0.0950982599 -2.92257057
0.0949087443 -2.91793637
0.0947199068 -2.91331139
0.094531744 -2.90869559
0.0943442529 -2.90408894
0.0941574304 -2.89949141
0.0939712734 -2.89490296
0.0937857788 -2.89032357
0.0936009435 -2.88575319
0.0934167646 -2.88119181
0.093233239 -2.87663938
0.0930503636 -2.87209587
0.0928681357 -2.86756126
0.092686552 -2.86303551
0.0925056098 -2.85851859
0.092325306 -2.85401047
0.0921456378 -2.84951112
0.0919666023 -2.84502051
0.0917881966 -2.84053861
0.0916104177 -2.83606538
0.091433263 -2.83160079
0.0912567295 -2.82714482
0.0910808144 -2.82269744
0.0909055149 -2.81825861
0.0907308283 -2.81382831
0.0905567517 -2.80940651
0.0903832824 -2.80499317
0.0902104178 -2.80058827
0.090038155 -2.79619177
0.0898664913 -2.79180365
0.0896954241 -2.78742389
0.0895249507 -2.78305244
0.0893550685 -2.77868928
0.0891857747 -2.77433439
0.0890170668 -2.76998773
0.0888489421 -2.76564928
0.0886813981 -2.761319
0.0885144321 -2.75699687
0.0883480416 -2.75268286
0.088182224 -2.74837695
0.0880169768 -2.7440791
0.0878522975 -2.73978929
0.0876881836 -2.73550749
0.0875246324 -2.73123367
0.0873616417 -2.72696781
0.0871992088 -2.72270988
0.0870373313 -2.71845984
0.0868760069 -2.71421768
0.086715233 -2.70998337
0.0865550072 -2.70575688
0.0863953272 -2.70153818
0.0862361905 -2.69732725
0.0860775948 -2.69312406
0.0859195376 -2.68892859
0.0857620168 -2.6847408
0.0856050298 -2.68056068
0.0854485744 -2.67638819
0.0852926484 -2.67222331
0.0851372492 -2.66806602
0.0849823748 -2.66391629
0.0848280228 -2.65977409
0.0846741909 -2.6556394
0.084520877 -2.65151219
0.0843680787 -2.64739244
0.0842157938 -2.64328013
0.0840640202 -2.63917522
0.0839127556 -2.6350777
0.0837619978 -2.63098753
0.0836117447 -2.6269047
0.0834619941 -2.62282918
0.0833127439 -2.61876094
0.0831639918 -2.61469997
0.0830157358 -2.61064623
0.0828679738 -2.6065997
0.0827207036 -2.60256036
0.0825739231 -2.59852819
0.0824276303 -2.59450316
0.0822818231 -2.59048524
0.0821364995 -2.58647442
0.0819916573 -2.58247067
0.0818472945 -2.57847397
0.0817034092 -2.57448429
0.0815599992 -2.57050161
0.0814170627 -2.5665259
0.0812745975 -2.56255715
0.0811326017 -2.55859534
0.0809910734 -2.55464043
0.0808500105 -2.5506924
0.0807094111 -2.54675124
0.0805692733 -2.54281692
0.0804295951 -2.53888942
0.0802903746 -2.53496872
0.0801516099 -2.53105478
0.0800132991 -2.5271476
0.0798754403 -2.52324715
0.0797380316 -2.51935341
0.0796010712 -2.51546635
0.0794645571 -2.51158596
0.0793284876 -2.50771221
0.0791928608 -2.50384508
0.0790576748 -2.49998455
0.0789229278 -2.49613059
0.078788618 -2.49228319
0.0786547436 -2.48844233
0.0785213029 -2.48460798
0.078388294 -2.48078013
0.0782557151 -2.47695874
0.0781235645 -2.47314381
0.0779918404 -2.46933531
0.0778605411 -2.46553322
0.0777296648 -2.46173751
0.0775992099 -2.45794818
0.0774691745 -2.45416519
0.077339557 -2.45038853
0.0772103556 -2.44661818
0.0770815687 -2.44285411
0.0769531946 -2.43909632
0.0768252316 -2.43534476
0.076697678 -2.43159944
0.0765705322 -2.42786032
0.0764437925 -2.42412739
0.0763174573 -2.42040062
0.076191525 -2.41668001
0.0760659938 -2.41296552
0.0759408623 -2.40925714
0.0758161288 -2.40555485
0.0756917916 -2.40185863
0.0755678492 -2.39816846
0.0754443001 -2.39448432
0.0753211425 -2.3908062
0.0751983751 -2.38713407
0.0750759961 -2.38346791
0.0749540041 -2.37980771
0.0748323975 -2.37615344
0.0747111747 -2.37250509
0.0745903343 -2.36886264
0.0744698747 -2.36522608
0.0743497944 -2.36159537
0.0742300919 -2.35797051
0.0741107657 -2.35435147
0.0739918143 -2.35073824
0.0738732362 -2.3471308
0.07375503 -2.34352913
0.0736371941 -2.33993322
0.0735197272 -2.33634304
0.0734026277 -2.33275857
0.0732858942 -2.3291798
0.0731695253 -2.32560672
0.0730535195 -2.3220393
0.0729378755 -2.31847752
0.0728225918 -2.31492137
0.0727076669 -2.31137084
0.0725930995 -2.30782589
0.0724788882 -2.30428653
0.0723650316 -2.30075272
0.0722515283 -2.29722445
0.072138377 -2.29370171
0.0720255762 -2.29018447
0.0719131247 -2.28667272
0.0718010209 -2.28316645
0.0716892637 -2.27966563
0.0715778517 -2.27617025
0.0714667834 -2.2726803
0.0713560577 -2.26919575
0.0712456732 -2.26571659
0.0711356285 -2.2622428
0.0710259223 -2.25877437
0.0709165534 -2.25531128
0.0708075204 -2.25185351
0.0706988221 -2.24840105
0.0705904572 -2.24495388
0.0704824244 -2.24151198
0.0703747223 -2.23807534
0.0702673499 -2.23464394
0.0701603058 -2.23121777
0.0700535887 -2.22779681
0.0699471974 -2.22438105
0.0698411306 -2.22097046
0.0697353872 -2.21756504
0.0696299659 -2.21416476
0.0695248655 -2.21076961
0.0694200848 -2.20737958
0.0693156224 -2.20399465
0.0692114774 -2.20061481
0.0691076483 -2.19724003
0.0690041342 -2.19387031
0.0689009337 -2.19050563
0.0687980457 -2.18714597
0.0686954689 -2.18379132
0.0685932024 -2.18044166
0.0684912448 -2.17709698
0.068389595 -2.17375726
0.0682882519 -2.17042249
0.0681872143 -2.16709265
0.068086481 -2.16376773
0.067986051 -2.16044772
0.0678859231 -2.15713259
0.0677860962 -2.15382234
0.0676865692 -2.15051695
0.0675873408 -2.1472164
0.0674884101 -2.14392068
0.067389776 -2.14062978
0.0672914373 -2.13734368
0.0671933929 -2.13406237
0.0670956417 -2.13078583
0.0669981827 -2.12751404
0.0669010148 -2.12424701
0.0668041369 -2.1209847
0.066707548 -2.11772711
0.0666112469 -2.11447422
0.0665152326 -2.11122602
0.0664195041 -2.10798249
0.0663240604 -2.10474362
0.0662289003 -2.1015094
0.0661340228 -2.09827981
0.0660394269 -2.09505484
0.0659451117 -2.09183448
0.0658510759 -2.0886187
0.0657573187 -2.08540751
0.0656638391 -2.08220088
0.0655706359 -2.0789988
0.0654777082 -2.07580125
0.0653850551 -2.07260823
0.0652926754 -2.06941973
0.0652005683 -2.06623571
0.0651087327 -2.06305619
0.0650171676 -2.05988113
0.0649258721 -2.05671053
0.0648348452 -2.05354438
0.064744086 -2.05038266
0.0646535934 -2.04722535
0.0645633666 -2.04407245
0.0644734045 -2.04092395
0.0643837062 -2.03777982
0.0642942707 -2.03464006
0.0642050972 -2.03150466
0.0641161847 -2.02837359
0.0640275322 -2.02524686
0.0639391389 -2.02212444
0.0638510037 -2.01900633
0.0637631258 -2.0158925
0.0636755043 -2.01278296
0.0635881383 -2.00967768
0.0635010268 -2.00657665
0.0634141689 -2.00347986
0.0633275638 -2.00038731
0.0632412105 -1.99729897
0.0631551082 -1.99421483
0.063069256 -1.99113489
0.062983653 -1.98805913
0.0628982982 -1.98498753
0.062813191 -1.98192009
0.0627283302 -1.97885679
0.0626437152 -1.97579763
0.0625593451 -1.97274258
0.0624752189 -1.96969165
0.0623913358 -1.9666448
0.062307695 -1.96360205
0.0622242957 -1.96056336
0.0621411369 -1.95752874
0.0620582179 -1.95449816
0.0619755378 -1.95147163
0.0618930958 -1.94844911
0.061810891 -1.94543061
0.0617289227 -1.94241612
0.06164719 -1.93940561
0.061565692 -1.93639909
0.0614844281 -1.93339653
0.0614033973 -1.93039793
0.0613225989 -1.92740328
0.061242032 -1.92441256
0.061161696 -1.92142576
0.0610815899 -1.91844287
0.0610017129 -1.91546388
0.0609220644 -1.91248879
0.0608426435 -1.90951757
0.0607634493 -1.90655022
0.0606844813 -1.90358672
0.0606057385 -1.90062707
0.0605272202 -1.89767126
0.0604489257 -1.89471926
0.0603708542 -1.89177108
0.0602930048 -1.8888267
0.0602153769 -1.88588612
0.0601379698 -1.88294931
0.0600607825 -1.88001627
0.0599838145 -1.87708699
0.059907065 -1.87416145
0.0598305332 -1.87123966
0.0597542184 -1.86832159
0.0596781198 -1.86540724
0.0596022367 -1.86249659
0.0595265685 -1.85958964
0.0594511143 -1.85668637
0.0593758735 -1.85378677
0.0593008454 -1.85089084
0.0592260291 -1.84799857
0.0591514241 -1.84510993
0.0590770295 -1.84222493
0.0590028448 -1.83934355
0.0589288692 -1.83646579
0.0588551019 -1.83359162
0.0587815424 -1.83072105
0.0587081899 -1.82785406
0.0586350437 -1.82499065
0.0585621031 -1.82213079
0.0584893675 -1.81927449
0.0584168362 -1.81642173
0.0583445084 -1.8135725
0.0582723836 -1.81072679
0.058200461 -1.80788459
0.05812874 -1.8050459
0.0580572199 -1.8022107
0.0579859001 -1.79937898
0.0579147799 -1.79655074
0.0578438585 -1.79372595
0.0577731355 -1.79090463
0.0577026101 -1.78808674
0.0576322817 -1.78527229
0.0575621496 -1.78246127
0.0574922132 -1.77965366
0.0574224718 -1.77684946
0.0573529248 -1.77404865
0.0572835717 -1.77125123
0.0572144116 -1.76845718
0.0571454441 -1.76566651
0.0570766685 -1.76287919
0.0570080841 -1.76009522
0.0569396904 -1.7573146
0.0568714867 -1.7545373
0.0568034724 -1.75176333
0.0567356469 -1.74899266
0.0566680096 -1.7462253
0.0566005599 -1.74346124
END
