SIMP
NP=4096
SW=20000
TYPE=SPE
DATA
0.0755571816 -2.39385191
0.075433437 -2.39016831
0.0753100861 -2.38649073
0.0751871271 -2.38281916
0.0750645586 -2.37915357
0.074942379 -2.37549394
0.0748205867 -2.37184026
0.0746991802 -2.36819251
0.0745781579 -2.36455066
0.0744575184 -2.3609147
0.0743372599 -2.35728462
0.0742173812 -2.35366039
0.0740978805 -2.35004199
0.0739787565 -2.3464294
0.0738600076 -2.34282262
0.0737416324 -2.33922161
0.0736236293 -2.33562637
0.0735059969 -2.33203686
0.0733887337 -2.32845308
0.0732718382 -2.32487501
0.0731553091 -2.32130263
0.0730391447 -2.31773592
0.0729233439 -2.31417486
0.0728079049 -2.31061944
0.0726928266 -2.30706963
0.0725781074 -2.30352543
0.0724637459 -2.29998681
0.0723497407 -2.29645375
0.0722360905 -2.29292624
0.0721227939 -2.28940427
0.0720098493 -2.28588781
0.0718972556 -2.28237684
0.0717850113 -2.27887136
0.0716731151 -2.27537134
0.0715615655 -2.27187676
0.0714503614 -2.26838762
0.0713395012 -2.26490388
0.0712289837 -2.26142554
0.0711188076 -2.25795258
0.0710089715 -2.25448499
0.0708994741 -2.25102274
0.0707903142 -2.24756581
0.0706814903 -2.24411421
0.0705730013 -2.24066789
0.0704648458 -2.23722686
0.0703570225 -2.23379109
0.0702495302 -2.23036057
0.0701423676 -2.22693529
0.0700355334 -2.22351521
0.0699290264 -2.22010034
0.0698228454 -2.21669066
0.069716989 -2.21328614
0.0696114561 -2.20988677
0.0695062453 -2.20649254
0.0694013556 -2.20310343
0.0692967856 -2.19971943
0.0691925342 -2.19634051
0.0690886001 -2.19296667
0.0689849821 -2.18959789
0.0688816791 -2.18623415
0.0687786898 -2.18287545
0.0686760131 -2.17952175
0.0685736477 -2.17617305
0.0684715926 -2.17282934
0.0683698465 -2.16949059
0.0682684083 -2.16615679
0.0681672768 -2.16282794
0.0680664509 -2.159504
0.0679659294 -2.15618498
0.0678657112 -2.15287084
0.0677657951 -2.14956159
0.06766618 -2.1462572
0.0675668649 -2.14295765
0.0674678485 -2.13966295
0.0673691297 -2.13637306
0.0672707076 -2.13308798
0.0671725808 -2.12980768
0.0670747485 -2.12653217
0.0669772093 -2.12326142
0.0668799624 -2.11999541
0.0667830065 -2.11673414
0.0666863407 -2.11347759
0.0665899638 -2.11022575
0.0664938748 -2.10697859
0.0663980726 -2.10373612
0.0663025561 -2.10049831
0.0662073244 -2.09726514
0.0661123763 -2.09403662
0.0660177109 -2.09081271
0.065923327 -2.08759342
0.0658292237 -2.08437872
0.0657353999 -2.0811686
0.0656418547 -2.07796304
0.0655485869 -2.07476204
0.0654555955 -2.07156559
0.0653628797 -2.06837365
0.0652704383 -2.06518624
0.0651782704 -2.06200332
0.065086375 -2.05882489
0.064994751 -2.05565093
0.0649033975 -2.05248144
0.0648123136 -2.04931639
0.0647214982 -2.04615577
0.0646309504 -2.04299958
0.0645406692 -2.03984779
0.0644506537 -2.0367004
0.0643609028 -2.0335574
0.0642714157 -2.03041876
0.0641821914 -2.02728448
0.064093229 -2.02415454
0.0640045274 -2.02102893
0.0639160858 -2.01790764
0.0638279033 -2.01479066
0.0637399789 -2.01167797
0.0636523117 -2.00856956
0.0635649008 -2.00546542
0.0634777452 -2.00236554
0.0633908441 -1.99926989
0.0633041966 -1.99617848
0.0632178017 -1.99309129
0.0631316586 -1.9900083
0.0630457663 -1.98692951
0.062960124 -1.9838549
0.0628747308 -1.98078446
0.0627895858 -1.97771818
0.0627046882 -1.97465604
0.062620037 -1.97159804
0.0625356314 -1.96854415
0.0624514706 -1.96549438
0.0623675536 -1.9624487
0.0622838796 -1.95940711
0.0622004478 -1.9563696
0.0621172573 -1.95333614
0.0620343073 -1.95030674
0.0619515969 -1.94728138
0.0618691254 -1.94426004
0.0617868917 -1.94124271
0.0617048952 -1.9382294
0.061623135 -1.93522007
0.0615416103 -1.93221472
0.0614603203 -1.92921335
0.0613792641 -1.92621593
0.0612984409 -1.92322246
0.06121785 -1.92023292
0.0611374905 -1.91724731
0.0610573616 -1.91426561
0.0609774626 -1.91128781
0.0608977926 -1.90831391
0.0608183509 -1.90534388
0.0607391366 -1.90237772
0.060660149 -1.89941541
0.0605813873 -1.89645696
0.0605028508 -1.89350233
0.0604245386 -1.89055154
0.06034645 -1.88760455
0.0602685842 -1.88466137
0.0601909405 -1.88172198
0.0601135181 -1.87878637
0.0600363162 -1.87585453
0.0599593342 -1.87292644
0.0598825712 -1.87000211
0.0598060265 -1.86708151
0.0597296994 -1.86416465
0.0596535892 -1.86125149
0.059577695 -1.85834205
0.0595020162 -1.8554363
0.059426552 -1.85253423
0.0593513017 -1.84963584
0.0592762647 -1.84674112
0.0592014401 -1.84385004
0.0591268272 -1.84096261
0.0590524254 -1.83807882
0.058978234 -1.83519865
0.0589042521 -1.83232209
0.0588304793 -1.82944913
0.0587569146 -1.82657976
0.0586835575 -1.82371398
0.0586104072 -1.82085177
0.058537463 -1.81799312
0.0584647243 -1.81513802
0.0583921904 -1.81228647
0.0583198606 -1.80943844
0.0582477342 -1.80659394
0.0581758106 -1.80375295
0.058104089 -1.80091547
0.0580325688 -1.79808147
0.0579612493 -1.79525096
0.05789013 -1.79242393
0.05781921 -1.78960035
0.0577484888 -1.78678023
0.0576779657 -1.78396355
0.05760764 -1.78115031
0.0575375111 -1.77834049
0.0574675784 -1.77553409
0.0573978411 -1.77273109
0.0573282987 -1.76993149
0.0572589506 -1.76713527
0.057189796 -1.76434244
0.0571208344 -1.76155296
0.0570520652 -1.75876685
0.0569834876 -1.75598409
0.0569151011 -1.75320467
0.0568469051 -1.75042857
0.0567788988 -1.7476558
0.0567110819 -1.74488634
0.0566434535 -1.74212018
0.0565760131 -1.73935732
0.05650876 -1.73659774
0.0564416938 -1.73384143
0.0563748137 -1.73108839
0.0563081193 -1.72833861
0.0562416097 -1.72559208
0.0561752846 -1.72284878
0.0561091433 -1.72010872
0.0560431851 -1.71737187
0.0559774096 -1.71463824
0.0559118161 -1.71190781
0.055846404 -1.70918058
0.0557811728 -1.70645653
0.0557161218 -1.70373566
0.0556512506 -1.70101795
0.0555865585 -1.69830341
0.0555220449 -1.69559201
0.0554577094 -1.69288376
0.0553935513 -1.69017864
0.05532957 -1.68747665
0.055265765 -1.68477777
0.0552021358 -1.682082
0.0551386818 -1.67938932
0.0550754024 -1.67669974
0.0550122971 -1.67401324
0.0549493653 -1.67132981
0.0548866065 -1.66864945
0.0548240202 -1.66597215
0.0547616057 -1.66329789
0.0546993626 -1.66062667
0.0546372903 -1.65795849
0.0545753883 -1.65529332
0.0545136561 -1.65263117
0.054452093 -1.64997203
0.0543906987 -1.64731589
0.0543294725 -1.64466273
0.054268414 -1.64201256
0.0542075225 -1.63936536
0.0541467977 -1.63672113
0.054086239 -1.63407986
0.0540258458 -1.63144153
0.0539656176 -1.62880615
0.053905554 -1.6261737
0.0538456545 -1.62354417
0.0537859184 -1.62091756
0.0537263454 -1.61829386
0.0536669348 -1.61567306
0.0536076863 -1.61305516
0.0535485993 -1.61044014
0.0534896733 -1.607828
0.0534309079 -1.60521873
0.0533723024 -1.60261232
0.0533138565 -1.60000877
0.0532555697 -1.59740806
0.0531974414 -1.59481019
0.0531394712 -1.59221516
0.0530816585 -1.58962294
0.053024003 -1.58703354
0.0529665041 -1.58444695
0.0529091614 -1.58186316
0.0528519744 -1.57928217
0.0527949426 -1.57670395
0.0527380655 -1.57412852
0.0526813427 -1.57155586
0.0526247737 -1.56898596
0.052568358 -1.56641881
0.0525120952 -1.56385441
0.0524559849 -1.56129276
0.0524000264 -1.55873383
0.0523442195 -1.55617763
0.0522885636 -1.55362415
0.0522330583 -1.55107338
0.0521777032 -1.54852532
0.0521224977 -1.54597995
0.0520674415 -1.54343726
0.0520125341 -1.54089726
0.051957775 -1.53835994
0.0519031638 -1.53582528
0.0518487001 -1.53329328
0.0517943834 -1.53076394
0.0517402133 -1.52823724
0.0516861893 -1.52571317
0.0516323111 -1.52319174
0.0515785781 -1.52067294
0.05152499 -1.51815675
0.0514715463 -1.51564317
0.0514182467 -1.5131322
0.0513650906 -1.51062382
0.0513120776 -1.50811803
0.0512592074 -1.50561482
0.0512064795 -1.50311419
0.0511538935 -1.50061612
0.0511014489 -1.49812062
0.0510491454 -1.49562767
0.0509969826 -1.49313727
0.05094496 -1.49064941
0.0508930772 -1.48816408
0.0508413339 -1.48568128
0.0507897295 -1.48320101
0.0507382638 -1.48072324
0.0506869362 -1.47824798
0.0506357465 -1.47577522
0.0505846941 -1.47330496
0.0505337788 -1.47083718
0.050483 -1.46837188
0.0504323575 -1.46590906
0.0503818508 -1.4634487
0.0503314795 -1.4609908
0.0502812432 -1.45853536
0.0502311416 -1.45608236
0.0501811743 -1.45363181
0.0501313408 -1.45118368
0.0500816408 -1.44873799
0.0500320739 -1.44629471
0.0499826397 -1.44385385
0.0499333378 -1.4414154
0.0498841679 -1.43897935
0.0498351296 -1.4365457
0.0497862226 -1.43411443
0.0497374463 -1.43168555
0.0496888005 -1.42925904
0.0496402848 -1.4268349
0.0495918988 -1.42441312
0.0495436422 -1.4219937
0.0494955146 -1.41957664
0.0494475156 -1.41716191
0.0493996449 -1.41474953
0.049351902 -1.41233947
0.0493042867 -1.40993174
0.0492567986 -1.40752634
0.0492094373 -1.40512324
0.0491622024 -1.40272245
0.0491150937 -1.40032396
0.0490681107 -1.39792777
0.0490212531 -1.39553387
0.0489745206 -1.39314225
0.0489279127 -1.3907529
0.0488814292 -1.38836583
0.0488350698 -1.38598102
0.048788834 -1.38359846
0.0487427215 -1.38121816
0.0486967319 -1.37884011
0.0486508651 -1.3764643
0.0486051205 -1.37409072
0.0485594978 -1.37171937
0.0485139968 -1.36935024
0.048468617 -1.36698332
0.0484233582 -1.36461862
0.0483782201 -1.36225613
0.0483332022 -1.35989583
0.0482883042 -1.35753772
0.0482435259 -1.35518181
0.0481988668 -1.35282807
0.0481543267 -1.35047651
0.0481099053 -1.34812712
0.0480656021 -1.34577989
0.048021417 -1.34343482
0.0479773495 -1.3410919
0.0479333994 -1.33875113
0.0478895663 -1.3364125
0.0478458499 -1.33407601
0.0478022499 -1.33174164
0.047758766 -1.3294094
0.0477153978 -1.32707928
0.0476721451 -1.32475127
0.0476290075 -1.32242537
0.0475859848 -1.32010157
0.0475430766 -1.31777986
0.0475002825 -1.31546025
0.0474576024 -1.31314272
0.0474150359 -1.31082727
0.0473725827 -1.30851389
0.0473302424 -1.30620258
0.0472880148 -1.30389333
0.0472458997 -1.30158614
0.0472038966 -1.299281
0.0471620052 -1.29697791
0.0471202254 -1.29467686
0.0470785567 -1.29237784
0.047036999 -1.29008086
0.0469955518 -1.28778589
0.046954215 -1.28549295
0.0469129881 -1.28320202
0.046871871 -1.2809131
0.0468308633 -1.27862618
0.0467899648 -1.27634126
0.0467491751 -1.27405834
0.0467084939 -1.2717774
0.0466679211 -1.26949844
0.0466274562 -1.26722145
0.0465870991 -1.26494644
0.0465468494 -1.2626734
0.0465067068 -1.26040231
0.0464666711 -1.25813319
0.046426742 -1.25586601
0.0463869192 -1.25360077
0.0463472025 -1.25133748
0.0463075915 -1.24907612
0.046268086 -1.24681669
0.0462286857 -1.24455919
0.0461893903 -1.24230361
0.0461501996 -1.24004994
0.0461111133 -1.23779817
0.0460721312 -1.23554832
0.0460332528 -1.23330036
0.0459944781 -1.2310543
0.0459558067 -1.22881012
0.0459172384 -1.22656783
0.0458787728 -1.22432742
0.0458404098 -1.22208888
0.045802149 -1.21985221
0.0457639903 -1.2176174
0.0457259333 -1.21538446
0.0456879777 -1.21315337
0.0456501234 -1.21092412
0.0456123701 -1.20869672
0.0455747175 -1.20647116
0.0455371653 -1.20424744
0.0454997133 -1.20202554
0.0454623613 -1.19980547
0.045425109 -1.19758722
0.0453879561 -1.19537078
0.0453509024 -1.19315615
0.0453139477 -1.19094333
0.0452770916 -1.18873231
0.045240334 -1.18652308
0.0452036746 -1.18431565
0.0451671132 -1.18211
0.0451306494 -1.17990613
0.0450942831 -1.17770404
0.045058014 -1.17550372
0.0450218419 -1.17330516
0.0449857666 -1.17110837
0.0449497877 -1.16891334
0.0449139051 -1.16672006
0.0448781185 -1.16452852
0.0448424276 -1.16233873
0.0448068324 -1.16015068
0.0447713324 -1.15796437
0.0447359275 -1.15577978
0.0447006174 -1.15359692
0.0446654019 -1.15141578
0.0446302808 -1.14923635
0.0445952538 -1.14705863
0.0445603207 -1.14488263
0.0445254813 -1.14270832
0.0444907354 -1.14053571
0.0444560826 -1.13836479
0.0444215229 -1.13619556
0.0443870559 -1.13402802
0.0443526815 -1.13186215
0.0443183993 -1.12969796
0.0442842093 -1.12753544
0.0442501111 -1.12537458
0.0442161045 -1.12321539
0.0441821894 -1.12105785
0.0441483655 -1.11890197
0.0441146326 -1.11674773
0.0440809904 -1.11459513
0.0440474388 -1.11244418
0.0440139774 -1.11029486
0.0439806062 -1.10814717
0.0439473249 -1.1060011
0.0439141333 -1.10385666
0.0438810311 -1.10171383
0.0438480182 -1.09957262
0.0438150943 -1.09743302
0.0437822593 -1.09529501
0.0437495128 -1.09315861
0.0437168548 -1.09102381
0.043684285 -1.08889059
0.0436518031 -1.08675896
0.043619409 -1.08462892
0.0435871025 -1.08250045
0.0435548834 -1.08037356
0.0435227514 -1.07824823
0.0434907063 -1.07612447
0.0434587481 -1.07400228
0.0434268763 -1.07188164
0.0433950909 -1.06976255
0.0433633917 -1.06764501
0.0433317784 -1.06552901
0.0433002508 -1.06341456
0.0432688088 -1.06130164
0.0432374521 -1.05919025
0.0432061806 -1.0570804
0.043174994 -1.05497206
0.0431438921 -1.05286524
0.0431128748 -1.05075994
0.0430819419 -1.04865615
0.0430510931 -1.04655387
0.0430203283 -1.04445309
0.0429896473 -1.04235381
0.0429590499 -1.04025602
0.0429285358 -1.03815973
0.042898105 -1.03606492
0.0428677572 -1.03397159
0.0428374922 -1.03187974
0.0428073098 -1.02978937
0.0427772099 -1.02770047
0.0427471922 -1.02561303
0.0427172566 -1.02352705
0.0426874029 -1.02144254
0.0426576309 -1.01935948
0.0426279404 -1.01727787
0.0425983312 -1.0151977
0.0425688032 -1.01311898
0.0425393562 -1.0110417
0.0425099899 -1.00896585
0.0424807043 -1.00689143
0.0424514991 -1.00481844
0.0424223741 -1.00274687
0.0423933292 -1.00067672
0.0423643641 -0.998607986
0.0423354788 -0.996540663
0.042306673 -0.994474747
0.0422779465 -0.992410234
0.0422492993 -0.990347121
0.042220731 -0.988285404
0.0421922416 -0.986225078
0.0421638308 -0.984166141
0.0421354985 -0.982108587
0.0421072445 -0.980052414
0.0420790686 -0.977997617
0.0420509707 -0.975944193
0.0420229506 -0.973892138
0.0419950081 -0.971841448
0.0419671431 -0.96979212
0.0419393554 -0.967744149
0.0419116448 -0.965697532
0.0418840111 -0.963652264
0.0418564542 -0.961608343
0.0418289739 -0.959565765
0.0418015701 -0.957524525
0.0417742425 -0.955484621
0.0417469911 -0.953446048
0.0417198157 -0.951408802
0.041692716 -0.949372881
0.0416656919 -0.94733828
0.0416387434 -0.945304995
0.0416118701 -0.943273023
0.041585072 -0.941242361
0.0415583488 -0.939213004
0.0415317005 -0.937184949
0.0415051269 -0.935158192
0.0414786277 -0.93313273
0.0414522029 -0.931108559
0.0414258523 -0.929085676
0.0413995758 -0.927064076
0.0413733731 -0.925043756
0.0413472441 -0.923024713
0.0413211887 -0.921006943
0.0412952068 -0.918990442
0.041269298 -0.916975207
0.0412434624 -0.914961234
0.0412176998 -0.91294852
0.0411920099 -0.910937061
0.0411663927 -0.908926854
0.041140848 -0.906917895
0.0411153756 -0.90491018
0.0410899755 -0.902903706
0.0410646474 -0.90089847
0.0410393912 -0.898894467
0.0410142067 -0.896891695
0.0409890938 -0.89489015
0.0409640524 -0.892889829
0.0409390823 -0.890890727
0.0409141834 -0.888892842
0.0408893555 -0.88689617
0.0408645985 -0.884900708
0.0408399121 -0.882906451
0.0408152964 -0.880913398
0.0407907511 -0.878921543
0.0407662761 -0.876930885
0.0407418713 -0.874941419
0.0407175365 -0.872953141
0.0406932715 -0.87096605
0.0406690763 -0.86898014
0.0406449507 -0.866995409
0.0406208945 -0.865011854
0.0405969077 -0.863029471
0.04057299 -0.861048256
0.0405491413 -0.859068206
0.0405253616 -0.857089319
0.0405016506 -0.855111589
0.0404780082 -0.853135015
0.0404544343 -0.851159593
0.0404309288 -0.849185319
0.0404074915 -0.847212191
0.0403841222 -0.845240204
0.0403608209 -0.843269355
0.0403375875 -0.841299642
0.0403144217 -0.839331061
0.0402913234 -0.837363608
0.0402682926 -0.835397281
0.0402453291 -0.833432076
0.0402224327 -0.831467989
0.0401996033 -0.829505018
0.0401768408 -0.827543159
0.0401541451 -0.825582409
0.040131516 -0.823622765
0.0401089534 -0.821664223
0.0400864572 -0.81970678
0.0400640273 -0.817750433
0.0400416635 -0.815795179
0.0400193656 -0.813841015
0.0399971337 -0.811887936
0.0399749674 -0.809935941
0.0399528668 -0.807985026
0.0399308317 -0.806035187
0.039908862 -0.804086422
0.0398869574 -0.802138728
0.0398651181 -0.8001921
0.0398433437 -0.798246536
0.0398216341 -0.796302033
0.0397999894 -0.794358588
0.0397784092 -0.792416197
0.0397568936 -0.790474857
0.0397354424 -0.788534566
0.0397140554 -0.78659532
0.0396927326 -0.784657115
0.0396714738 -0.78271995
0.0396502789 -0.78078382
0.0396291478 -0.778848722
0.0396080804 -0.776914654
0.0395870765 -0.774981612
0.0395661361 -0.773049594
0.039545259 -0.771118596
0.0395244451 -0.769188614
0.0395036943 -0.767259647
0.0394830064 -0.765331691
0.0394623814 -0.763404742
0.0394418192 -0.761478798
0.0394213196 -0.759553856
0.0394008825 -0.757629913
0.0393805078 -0.755706965
0.0393601954 -0.75378501
0.0393399452 -0.751864044
0.039319757 -0.749944065
0.0392996308 -0.748025069
0.0392795664 -0.746107054
0.0392595638 -0.744190016
0.0392396228 -0.742273952
0.0392197433 -0.74035886
0.0391999252 -0.738444737
0.0391801684 -0.736531579
0.0391604728 -0.734619383
0.0391408383 -0.732708147
0.0391212647 -0.730797867
0.039101752 -0.728888541
0.0390823 -0.726980165
0.0390629087 -0.725072737
0.039043578 -0.723166254
0.0390243077 -0.721260712
0.0390050977 -0.719356109
0.0389859479 -0.717452442
0.0389668582 -0.715549708
0.0389478286 -0.713647904
0.0389288589 -0.711747026
0.038909949 -0.709847073
0.0388910988 -0.707948041
0.0388723082 -0.706049927
0.0388535771 -0.704152729
0.0388349054 -0.702256443
0.038816293 -0.700361066
0.0387977398 -0.698466596
0.0387792457 -0.69657303
0.0387608106 -0.694680365
0.0387424344 -0.692788598
0.038724117 -0.690897727
0.0387058583 -0.689007747
0.0386876582 -0.687118657
0.0386695166 -0.685230453
0.0386514335 -0.683343134
0.0386334086 -0.681456695
0.0386154419 -0.679571134
0.0385975333 -0.677686448
0.0385796828 -0.675802635
0.0385618902 -0.673919691
0.0385441554 -0.672037614
0.0385264783 -0.670156401
0.0385088589 -0.668276048
0.038491297 -0.666396555
0.0384737925 -0.664517916
0.0384563455 -0.662640131
0.0384389556 -0.660763195
0.038421623 -0.658887106
0.0384043474 -0.657011862
0.0383871288 -0.655137459
0.0383699671 -0.653263895
0.0383528621 -0.651391166
0.0383358139 -0.649519271
0.0383188223 -0.647648207
0.0383018873 -0.64577797
0.0382850086 -0.643908558
0.0382681864 -0.642039968
0.0382514203 -0.640172198
0.0382347105 -0.638305244
0.0382180567 -0.636439104
0.0382014589 -0.634573775
0.038184917 -0.632709255
0.038168431 -0.630845541
0.0381520006 -0.62898263
0.0381356259 -0.627120519
0.0381193068 -0.625259205
0.0381030431 -0.623398687
0.0380868348 -0.62153896
0.0380706818 -0.619680023
0.038054584 -0.617821873
0.0380385414 -0.615964507
0.0380225537 -0.614107923
0.0380066211 -0.612252117
0.0379907433 -0.610397087
0.0379749203 -0.608542831
0.037959152 -0.606689345
0.0379434384 -0.604836627
0.0379277792 -0.602984675
0.0379121746 -0.601133485
0.0378966243 -0.599283056
0.0378811283 -0.597433384
0.0378656866 -0.595584466
0.0378502989 -0.593736301
0.0378349654 -0.591888885
0.0378196858 -0.590042216
0.0378044601 -0.588196292
0.0377892882 -0.586351109
0.03777417 -0.584506665
0.0377591055 -0.582662957
0.0377440946 -0.580819983
0.0377291372 -0.57897774
0.0377142332 -0.577136225
0.0376993826 -0.575295437
0.0376845852 -0.573455372
0.037669841 -0.571616027
0.0376551499 -0.569777401
0.0376405119 -0.56793949
0.0376259268 -0.566102292
0.0376113946 -0.564265804
0.0375969153 -0.562430024
0.0375824886 -0.56059495
0.0375681147 -0.558760578
0.0375537933 -0.556926906
0.0375395244 -0.555093931
0.037525308 -0.553261652
0.0375111439 -0.551430065
0.0374970322 -0.549599167
0.0374829726 -0.547768957
0.0374689652 -0.545939432
0.0374550099 -0.544110589
0.0374411066 -0.542282426
0.0374272552 -0.540454939
0.0374134557 -0.538628128
0.0373997079 -0.536801988
0.0373860119 -0.534976518
0.0373723675 -0.533151715
0.0373587748 -0.531327576
0.0373452335 -0.529504099
0.0373317437 -0.527681282
0.0373183052 -0.525859122
0.037304918 -0.524037616
0.0372915821 -0.522216762
0.0372782973 -0.520396558
0.0372650637 -0.518577001
0.0372518811 -0.516758088
0.0372387494 -0.514939817
0.0372256686 -0.513122185
0.0372126387 -0.511305191
0.0371996595 -0.509488831
0.037186731 -0.507673103
0.0371738532 -0.505858005
0.0371610259 -0.504043533
0.0371482491 -0.502229687
0.0371355227 -0.500416463
0.0371228467 -0.498603858
0.0371102211 -0.496791871
0.0370976456 -0.494980498
0.0370851204 -0.493169738
0.0370726452 -0.491359588
0.0370602201 -0.489550045
0.037047845 -0.487741108
0.0370355198 -0.485932773
0.0370232445 -0.484125038
0.037011019 -0.482317901
0.0369988432 -0.480511359
0.0369867171 -0.47870541
0.0369746407 -0.476900052
0.0369626137 -0.475095281
0.0369506363 -0.473291096
0.0369387083 -0.471487495
0.0369268297 -0.469684474
0.0369150003 -0.467882032
0.0369032203 -0.466080165
0.0368914894 -0.464278873
0.0368798077 -0.462478151
0.036868175 -0.460677998
0.0368565914 -0.458878412
0.0368450567 -0.457079389
0.036833571 -0.455280929
0.036822134 -0.453483027
0.0368107459 -0.451685683
0.0367994065 -0.449888893
0.0367881157 -0.448092654
0.0367768736 -0.446296966
0.0367656801 -0.444501825
0.036754535 -0.442707229
0.0367434384 -0.440913176
0.0367323902 -0.439119663
0.0367213903 -0.437326688
0.0367104387 -0.435534248
0.0366995353 -0.433742342
0.0366886801 -0.431950966
0.0366778731 -0.430160119
0.0366671141 -0.428369798
0.0366564031 -0.426580001
0.03664574 -0.424790725
0.0366351249 -0.423001969
0.0366245576 -0.421213729
0.0366140381 -0.419426004
0.0366035664 -0.417638791
0.0365931423 -0.415852087
0.0365827659 -0.414065892
0.0365724371 -0.412280201
0.0365621558 -0.410495013
0.0365519221 -0.408710325
0.0365417357 -0.406926136
0.0365315968 -0.405142443
0.0365215051 -0.403359243
0.0365114608 -0.401576535
0.0365014637 -0.399794315
0.0364915138 -0.398012582
0.036481611 -0.396231334
0.0364717554 -0.394450567
0.0364619467 -0.39267028
0.0364521851 -0.390890471
0.0364424704 -0.389111137
0.0364328026 -0.387332276
0.0364231816 -0.385553885
0.0364136074 -0.383775963
0.03640408 -0.381998506
0.0363945993 -0.380221514
0.0363851653 -0.378444983
0.0363757779 -0.376668911
0.036366437 -0.374893296
0.0363571427 -0.373118135
0.0363478948 -0.371343427
0.0363386933 -0.369569169
0.0363295383 -0.367795359
0.0363204296 -0.366021995
0.0363113672 -0.364249074
0.036302351 -0.362476594
0.036293381 -0.360704553
0.0362844572 -0.358932948
0.0362755795 -0.357161778
0.0362667479 -0.355391039
0.0362579623 -0.353620731
0.0362492227 -0.35185085
0.0362405291 -0.350081394
0.0362318813 -0.348312362
0.0362232794 -0.34654375
0.0362147234 -0.344775557
0.0362062131 -0.34300778
0.0361977485 -0.341240418
0.0361893296 -0.339473467
0.0361809564 -0.337706926
0.0361726288 -0.335940793
0.0361643467 -0.334175064
0.0361561102 -0.332409739
0.0361479192 -0.330644815
0.0361397736 -0.328880289
0.0361316734 -0.327116159
0.0361236186 -0.325352424
0.0361156092 -0.32358908
0.036107645 -0.321826127
0.036099726 -0.32006356
0.0360918523 -0.318301379
0.0360840238 -0.316539582
0.0360762404 -0.314778165
0.0360685021 -0.313017126
0.0360608088 -0.311256465
0.0360531606 -0.309496177
0.0360455574 -0.307736262
0.0360379991 -0.305976716
0.0360304857 -0.304217538
0.0360230172 -0.302458726
0.0360155936 -0.300700277
0.0360082147 -0.298942189
0.0360008806 -0.297184461
0.0359935913 -0.295427089
0.0359863466 -0.293670071
0.0359791466 -0.291913406
0.0359719913 -0.290157091
0.0359648805 -0.288401124
0.0359578143 -0.286645504
0.0359507926 -0.284890226
0.0359438154 -0.283135291
0.0359368826 -0.281380695
0.0359299943 -0.279626435
0.0359231504 -0.277872511
0.0359163508 -0.27611892
0.0359095955 -0.27436566
0.0359028846 -0.272612728
0.0358962179 -0.270860122
0.0358895954 -0.269107841
0.0358830171 -0.267355882
0.035876483 -0.265604242
0.035869993 -0.263852921
0.0358635471 -0.262101915
0.0358571452 -0.260351222
0.0358507874 -0.258600841
0.0358444737 -0.256850769
0.0358382038 -0.255101004
0.035831978 -0.253351544
0.035825796 -0.251602386
0.035819658 -0.24985353
0.0358135638 -0.248104971
0.0358075134 -0.246356709
0.0358015068 -0.244608741
0.035795544 -0.242861065
0.0357896249 -0.241113679
0.0357837495 -0.239366581
0.0357779178 -0.237619768
0.0357721298 -0.235873239
0.0357663854 -0.234126991
0.0357606846 -0.232381022
0.0357550274 -0.230635331
0.0357494137 -0.228889914
0.0357438435 -0.227144771
0.0357383169 -0.225399898
0.0357328337 -0.223655294
0.0357273939 -0.221910956
0.0357219975 -0.220166882
0.0357166446 -0.218423071
0.035711335 -0.21667952
0.0357060687 -0.214936227
0.0357008457 -0.21319319
0.035695666 -0.211450407
0.0356905296 -0.209707875
0.0356854364 -0.207965593
0.0356803865 -0.206223559
0.0356753797 -0.20448177
0.0356704161 -0.202740224
0.0356654956 -0.200998919
0.0356606182 -0.199257853
0.0356557839 -0.197517024
0.0356509927 -0.19577643
0.0356462446 -0.194036069
0.0356415394 -0.192295939
0.0356368773 -0.190556037
0.0356322581 -0.188816361
0.035627682 -0.18707691
0.0356231487 -0.185337681
0.0356186583 -0.183598672
0.0356142109 -0.181859881
0.0356098063 -0.180121306
0.0356054446 -0.178382945
0.0356011256 -0.176644796
0.0355968495 -0.174906857
0.0355926162 -0.173169125
0.0355884257 -0.171431599
0.0355842779 -0.169694276
0.0355801728 -0.167957154
0.0355761105 -0.166220232
0.0355720908 -0.164483507
0.0355681138 -0.162746977
0.0355641794 -0.16101064
0.0355602877 -0.159274494
0.0355564386 -0.157538537
0.0355526321 -0.155802767
0.0355488682 -0.154067181
0.0355451468 -0.152331778
0.0355414679 -0.150596555
0.0355378316 -0.148861511
0.0355342378 -0.147126644
0.0355306865 -0.145391951
0.0355271777 -0.14365743
0.0355237113 -0.141923079
0.0355202873 -0.140188896
0.0355169058 -0.138454879
0.0355135667 -0.136721026
0.03551027 -0.134987336
0.0355070156 -0.133253805
0.0355038036 -0.131520431
0.035500634 -0.129787214
0.0354975066 -0.12805415
0.0354944216 -0.126321238
0.0354913789 -0.124588475
0.0354883785 -0.122855859
0.0354854204 -0.121123389
0.0354825045 -0.119391063
0.0354796308 -0.117658877
0.0354767994 -0.115926831
0.0354740102 -0.114194922
0.0354712632 -0.112463148
0.0354685584 -0.110731507
0.0354658958 -0.108999997
0.0354632753 -0.107268615
0.035460697 -0.105537361
0.0354581608 -0.103806231
0.0354556667 -0.102075224
0.0354532148 -0.100344338
0.035450805 -0.0986135707
0.0354484373 -0.0968829197
0.0354461116 -0.0951523832
0.035443828 -0.0934219592
0.0354415865 -0.0916916456
0.035439387 -0.0899614403
0.0354372296 -0.0882313413
0.0354351142 -0.0865013465
0.0354330408 -0.084771454
0.0354310094 -0.0830416616
0.03542902 -0.0813119673
0.0354270726 -0.0795823691
0.0354251672 -0.0778528648
0.0354233038 -0.0761234525
0.0354214823 -0.0743941301
0.0354197028 -0.0726648956
0.0354179652 -0.0709357469
0.0354162696 -0.0692066819
0.0354146159 -0.0674776986
0.0354130041 -0.0657487951
0.0354114342 -0.0640199691
0.0354099062 -0.0622912188
0.0354084202 -0.0605625419
0.035406976 -0.0588339366
0.0354055737 -0.0571054007
0.0354042133 -0.0553769322
0.0354028947 -0.0536485291
0.0354016181 -0.0519201893
0.0354003832 -0.0501919107
0.0353991903 -0.0484636914
0.0353980392 -0.0467355293
0.0353969299 -0.0450074224
0.0353958625 -0.0432793685
0.0353948369 -0.0415513657
0.0353938531 -0.039823412
0.0353929111 -0.0380955052
0.035392011 -0.0363676433
0.0353911527 -0.0346398244
0.0353903362 -0.0329120463
0.0353895615 -0.0311843071
0.0353888286 -0.0294566046
0.0353881375 -0.0277289369
0.0353874882 -0.0260013019
0.0353868807 -0.0242736975
0.035386315 -0.0225461218
0.035385791 -0.0208185726
0.0353853089 -0.019091048
0.0353848685 -0.0173635459
0.0353844699 -0.0156360643
0.0353841131 -0.0139086011
0.0353837981 -0.0121811543
0.0353835249 -0.0104537218
0.0353832934 -0.00872630168
0.0353831037 -0.00699889182
0.0353829557 -0.00527149019
0.0353828496 -0.00354409476
0.0353827852 -0.0018167035
0.0353827626 -8.93143532e-05
0.0353827817 0.00163807471
0.0353828427 0.00336546572
0.0353829453 0.00509286072
0.0353830898 0.00682026176
0.0353832761 0.00854767086
0.0353835041 0.0102750901
0.0353837739 0.0120025214
0.0353840854 0.013729967
0.0353844388 0.0154574287
0.0353848339 0.0171849087
0.0353852708 0.0189124091
0.0353857494 0.0206399317
0.0353862699 0.0223674788
0.0353868322 0.0240950522
0.0353874362 0.0258226541
0.035388082 0.0275502865
0.0353887697 0.0292779515
0.0353894991 0.031005651
0.0353902703 0.0327333871
0.0353910834 0.0344611619
0.0353919382 0.0361889773
0.0353928349 0.0379168355
0.0353937734 0.0396447385
0.0353947537 0.0413726883
0.0353957758 0.0431006869
0.0353968398 0.0448287365
0.0353979456 0.046556839
0.0353990932 0.0482849964
0.0354002827 0.0500132109
0.0354015141 0.0517414844
0.0354027873 0.0534698191
0.0354041024 0.0551982169
0.0354054593 0.0569266799
0.0354068581 0.0586552101
0.0354082988 0.0603838096
0.0354097814 0.0621124804
0.0354113059 0.0638412246
0.0354128723 0.0655700442
0.0354144806 0.0672989413
0.0354161309 0.0690279178
0.035417823 0.070756976
0.0354195572 0.0724861177
0.0354213332 0.074215345
0.0354231512 0.07594466
0.0354250112 0.0776740648
0.0354269131 0.0794035613
0.035428857 0.0811331517
0.0354308429 0.082862838
0.0354328708 0.0845926222
0.0354349407 0.0863225063
0.0354370527 0.0880524925
0.0354392066 0.0897825828
0.0354414026 0.0915127792
0.0354436407 0.0932430838
0.0354459208 0.0949734986
0.0354482429 0.0967040257
0.0354506072 0.0984346671
0.0354530135 0.100165425
0.035455462 0.101896301
0.0354579525 0.103627298
0.0354604852 0.105358417
0.0354630601 0.107089661
0.0354656771 0.108821032
0.0354683362 0.110552531
0.0354710375 0.112284161
0.035473781 0.114015924
0.0354765668 0.115747822
0.0354793947 0.117479857
0.0354822648 0.119212031
0.0354851772 0.120944346
0.0354881319 0.122676804
0.0354911288 0.124409407
0.035494168 0.126142158
0.0354972496 0.127875058
0.0355003734 0.129608109
0.0355035395 0.131341314
0.035506748 0.133074674
0.0355099989 0.134808192
0.0355132921 0.136541869
0.0355166277 0.138275709
0.0355200058 0.140009712
0.0355234262 0.141743881
0.0355268891 0.143478217
0.0355303945 0.145212724
0.0355339423 0.146947403
0.0355375326 0.148682256
0.0355411654 0.150417286
0.0355448407 0.152152493
0.0355485586 0.153887881
0.035552319 0.155623452
0.035556122 0.157359207
0.0355599676 0.159095148
0.0355638558 0.160831279
0.0355677867 0.1625676
0.0355717602 0.164304114
0.0355757763 0.166040822
0.0355798352 0.167777728
0.0355839367 0.169514833
0.035588081 0.171252139
0.0355922681 0.172989649
0.0355964978 0.174727364
0.0356007704 0.176465286
0.0356050858 0.178203417
0.035609444 0.179941761
0.0356138451 0.181680318
0.035618289 0.183419091
0.0356227759 0.185158081
0.0356273056 0.186897292
0.0356318783 0.188636725
0.0356364939 0.190376382
0.0356411525 0.192116265
0.0356458541 0.193856377
0.0356505987 0.195596719
0.0356553864 0.197337293
0.0356602172 0.199078103
0.035665091 0.200819149
0.0356700079 0.202560434
0.035674968 0.20430196
0.0356799713 0.206043729
0.0356850177 0.207785743
0.0356901073 0.209528004
0.0356952402 0.211270515
0.0357004164 0.213013277
0.0357056358 0.214756294
0.0357108985 0.216499565
0.0357162046 0.218243095
0.035721554 0.219986885
0.0357269468 0.221730936
0.035732383 0.223475252
0.0357378627 0.225219834
0.0357433858 0.226964685
0.0357489524 0.228709806
0.0357545625 0.2304552
0.0357602162 0.232200869
0.0357659134 0.233946814
0.0357716543 0.235693039
0.0357774388 0.237439545
0.0357832669 0.239186334
0.0357891387 0.240933409
0.0357950542 0.242680771
0.0358010134 0.244428423
0.0358070165 0.246176367
0.0358130633 0.247924605
0.0358191539 0.249673139
0.0358252884 0.251421971
0.0358314668 0.253171103
0.0358376891 0.254920539
0.0358439553 0.256670278
0.0358502655 0.258420325
0.0358566197 0.260170681
0.035863018 0.261921347
0.0358694603 0.263672328
0.0358759467 0.265423623
0.0358824772 0.267175236
0.0358890519 0.268927169
0.0358956708 0.270679424
0.035902334 0.272432002
0.0359090413 0.274184907
0.035915793 0.275938141
0.035922589 0.277691704
0.0359294293 0.279445601
0.035936314 0.281199832
0.0359432432 0.282954401
0.0359502168 0.284709308
0.0359572349 0.286464557
0.0359642975 0.28822015
0.0359714046 0.289976088
0.0359785564 0.291732374
0.0359857528 0.29348901
0.0359929938 0.295245999
0.0360002796 0.297003342
0.03600761 0.298761041
0.0360149853 0.300519099
0.0360224053 0.302277518
0.0360298702 0.304036301
0.0360373799 0.305795448
0.0360449346 0.307554963
0.0360525342 0.309314848
0.0360601788 0.311075105
0.0360678684 0.312835736
0.036075603 0.314596743
0.0360833828 0.316358129
0.0360912077 0.318119896
0.0360990778 0.319882045
0.0361069931 0.32164458
0.0361149536 0.323407501
0.0361229595 0.325170813
0.0361310106 0.326934516
0.0361391071 0.328698613
0.0361472491 0.330463106
0.0361554364 0.332227998
0.0361636693 0.33399329
0.0361719477 0.335758985
0.0361802716 0.337525086
0.0361886412 0.339291593
0.0361970564 0.34105851
0.0362055173 0.342825839
0.036214024 0.344593581
0.0362225764 0.34636174
0.0362311746 0.348130317
0.0362398187 0.349899315
0.0362485086 0.351668736
0.0362572446 0.353438582
0.0362660265 0.355208856
0.0362748544 0.356979558
0.0362837284 0.358750693
0.0362926485 0.360522262
0.0363016148 0.362294268
0.0363106273 0.364066712
0.036319686 0.365839597
0.036328791 0.367612925
0.0363379424 0.369386698
0.0363471401 0.371160919
0.0363563843 0.37293559
0.0363656749 0.374710714
0.0363750121 0.376486291
0.0363843958 0.378262326
0.0363938261 0.380038819
0.0364033031 0.381815774
0.0364128268 0.383593192
0.0364223973 0.385371077
0.0364320145 0.387149429
0.0364416786 0.388928252
0.0364513896 0.390707547
0.0364611475 0.392487317
0.0364709524 0.394267565
0.0364808043 0.396048292
0.0364907034 0.397829501
0.0365006495 0.399611195
0.0365106429 0.401393374
0.0365206835 0.403176043
0.0365307714 0.404959202
0.0365409066 0.406742855
0.0365510892 0.408527004
0.0365613192 0.410311651
0.0365715967 0.412096798
0.0365819218 0.413882447
0.0365922944 0.415668602
0.0366027147 0.417455264
0.0366131827 0.419242435
0.0366236984 0.421030119
0.0366342619 0.422818316
0.0366448733 0.424607031
0.0366555326 0.426396264
0.0366662398 0.428186018
0.036676995 0.429976297
0.0366877983 0.431767101
0.0366986497 0.433558433
0.0367095493 0.435350296
0.0367204971 0.437142692
0.0367314932 0.438935624
0.0367425376 0.440729093
0.0367536304 0.442523102
0.0367647717 0.444317654
0.0367759614 0.44611275
0.0367871998 0.447908394
0.0367984867 0.449704587
0.0368098223 0.451501333
0.0368212066 0.453298632
0.0368326397 0.455096488
0.0368441217 0.456894903
0.0368556525 0.45869388
0.0368672323 0.46049342
0.0368788612 0.462293527
0.0368905391 0.464094202
0.0369022661 0.465895449
0.0369140423 0.467697268
0.0369258678 0.469499664
0.0369377426 0.471302638
0.0369496667 0.473106192
0.0369616403 0.474910329
0.0369736634 0.476715052
0.036985736 0.478520363
0.0369978583 0.480326264
0.0370100302 0.482132757
0.0370222519 0.483939846
0.0370345233 0.485747532
0.0370468446 0.487555819
0.0370592159 0.489364707
0.0370716371 0.491174201
0.0370841084 0.492984302
0.0370966297 0.494795012
0.0371092013 0.496606335
0.0371218231 0.498418273
0.0371344952 0.500230827
0.0371472176 0.502044001
0.0371599905 0.503857797
0.0371728139 0.505672218
0.0371856879 0.507487265
0.0371986125 0.509302942
0.0372115877 0.511119251
0.0372246138 0.512936194
0.0372376906 0.514753774
0.0372508184 0.516571993
0.0372639971 0.518390854
0.0372772268 0.520210359
0.0372905077 0.522030511
0.0373038397 0.523851313
0.0373172229 0.525672766
0.0373306574 0.527494873
0.0373441433 0.529317637
0.0373576807 0.53114106
0.0373712695 0.532965145
0.0373849099 0.534789895
0.037398602 0.536615311
0.0374123458 0.538441397
0.0374261413 0.540268154
0.0374399888 0.542095586
0.0374538881 0.543923695
0.0374678395 0.545752483
0.0374818429 0.547581953
0.0374958985 0.549412108
0.0375100063 0.55124295
0.0375241664 0.553074481
0.0375383788 0.554906705
0.0375526437 0.556739623
0.0375669611 0.558573239
0.0375813311 0.560407555
0.0375957537 0.562242573
0.0376102291 0.564078296
0.0376247573 0.565914726
0.0376393383 0.567751867
0.0376539723 0.569589721
0.0376686594 0.57142829
0.0376833996 0.573267576
0.0376981929 0.575107584
0.0377130396 0.576948314
0.0377279395 0.57878977
0.0377428929 0.580631955
0.0377578998 0.58247487
0.0377729603 0.584318519
0.0377880744 0.586162904
0.0378032422 0.588008027
0.0378184639 0.589853893
0.0378337394 0.591700502
0.0378490689 0.593547858
0.0378644525 0.595395963
0.0378798902 0.59724482
0.0378953821 0.599094431
0.0379109283 0.6009448
0.0379265289 0.602795929
0.037942184 0.60464782
0.0379578935 0.606500476
0.0379736577 0.6083539
0.0379894766 0.610208095
0.0380053503 0.612063063
0.0380212789 0.613918807
0.0380372624 0.615775329
0.038053301 0.617632632
0.0380693947 0.61949072
0.0380855436 0.621349594
0.0381017477 0.623209257
0.0381180073 0.625069712
0.0381343223 0.626930962
0.0381506929 0.628793009
0.0381671191 0.630655857
0.0381836011 0.632519507
0.0382001388 0.634383963
0.0382167325 0.636249227
0.0382333821 0.638115302
0.0382500878 0.639982191
0.0382668497 0.641849896
0.0382836678 0.643718421
0.0383005423 0.645587767
0.0383174732 0.647457938
0.0383344606 0.649328937
0.0383515047 0.651200766
0.0383686054 0.653073428
0.038385763 0.654946925
0.0384029774 0.656821261
0.0384202488 0.658696439
0.0384375773 0.66057246
0.0384549629 0.662449329
0.0384724058 0.664327047
0.038489906 0.666205617
0.0385074637 0.668085043
0.0385250789 0.669965327
0.0385427518 0.671846472
0.0385604824 0.67372848
0.0385782708 0.675611355
0.0385961171 0.6774951
0.0386140214 0.679379716
0.0386319839 0.681265208
0.0386500045 0.683151577
0.0386680835 0.685038827
0.0386862208 0.68692696
0.0387044167 0.68881598
0.0387226711 0.690705889
0.0387409843 0.692596691
0.0387593562 0.694488387
0.038777787 0.696380981
0.0387962769 0.698274475
0.0388148258 0.700168874
0.0388334339 0.702064178
0.0388521013 0.703960392
0.0388708281 0.705857519
0.0388896144 0.70775556
0.0389084603 0.70965452
0.0389273659 0.7115544
0.0389463314 0.713455204
0.0389653567 0.715356936
0.038984442 0.717259597
0.0390035875 0.71916319
0.0390227931 0.721067719
0.0390420591 0.722973187
0.0390613856 0.724879596
0.0390807726 0.72678695
0.0391002202 0.728695251
0.0391197285 0.730604502
0.0391392978 0.732514706
0.039158928 0.734425867
0.0391786192 0.736337988
0.0391983717 0.73825107
0.0392181854 0.740165118
0.0392380605 0.742080133
0.0392579972 0.74399612
0.0392779954 0.745913082
0.0392980554 0.74783102
0.0393181772 0.749749939
0.039338361 0.751669841
0.0393586068 0.753590729
0.0393789148 0.755512607
0.0393992851 0.757435477
0.0394197178 0.759359342
0.039440213 0.761284206
0.0394607708 0.763210071
0.0394813914 0.765136941
0.0395020748 0.767064819
0.0395228212 0.768993707
0.0395436307 0.770923609
0.0395645033 0.772854528
0.0395854393 0.774786466
0.0396064388 0.776719428
0.0396275017 0.778653416
0.0396486284 0.780588433
0.0396698188 0.782524482
0.0396910731 0.784461567
0.0397123915 0.78639969
0.039733774 0.788338855
0.0397552208 0.790279065
0.0397767319 0.792220323
0.0397983075 0.794162632
0.0398199478 0.796105995
0.0398416528 0.798050415
0.0398634227 0.799995896
0.0398852576 0.801942441
0.0399071576 0.803890053
0.0399291229 0.805838735
0.0399511535 0.80778849
0.0399732495 0.809739321
0.0399954112 0.811691232
0.0400176387 0.813644226
0.040039932 0.815598307
0.0400622913 0.817553476
0.0400847167 0.819509738
0.0401072083 0.821467096
0.0401297663 0.823425552
0.0401523909 0.825385111
0.040175082 0.827345775
0.0401978399 0.829307548
0.0402206647 0.831270433
0.0402435565 0.833234433
0.0402665155 0.835199552
0.0402895417 0.837165793
0.0403126354 0.839133158
0.0403357966 0.841101652
0.0403590254 0.843071278
0.0403823221 0.845042038
0.0404056867 0.847013937
0.0404291194 0.848986978
0.0404526203 0.850961163
0.0404761896 0.852936497
0.0404998273 0.854912982
0.0405235337 0.856890622
0.0405473088 0.85886942
0.0405711528 0.86084938
0.0405950659 0.862830505
0.0406190481 0.864812799
0.0406430996 0.866796264
0.0406672205 0.868780904
0.0406914111 0.870766723
0.0407156713 0.872753724
0.0407400015 0.87474191
0.0407644016 0.876731285
0.0407888719 0.878721852
0.0408134125 0.880713614
0.0408380235 0.882706576
0.0408627052 0.88470074
0.0408874575 0.88669611
0.0409122807 0.888692689
0.0409371749 0.890690481
0.0409621403 0.892689489
0.0409871769 0.894689717
0.0410122851 0.896691169
0.0410374648 0.898693847
0.0410627162 0.900697755
0.0410880396 0.902702897
0.041113435 0.904709276
0.0411389026 0.906716896
0.0411644426 0.90872576
0.041190055 0.910735872
0.0412157401 0.912747236
0.0412414979 0.914759854
0.0412673288 0.916773731
0.0412932327 0.918788869
0.0413192099 0.920805274
0.0413452605 0.922822947
0.0413713846 0.924841893
0.0413975825 0.926862116
0.0414238542 0.928883619
0.0414502 0.930906405
0.04147662 0.932930478
0.0415031143 0.934955842
0.0415296831 0.9369825
0.0415563266 0.939010456
0.0415830449 0.941039714
0.0416098381 0.943070278
0.0416367065 0.94510215
0.0416636503 0.947135335
0.0416906694 0.949169837
0.0417177642 0.951205658
0.0417449348 0.953242803
0.0417721814 0.955281276
0.041799504 0.95732108
0.0418269029 0.959362218
0.0418543783 0.961404696
0.0418819303 0.963448515
0.0419095591 0.965493681
0.0419372648 0.967540196
0.0419650476 0.969588065
0.0419929077 0.971637291
0.0420208452 0.973687878
0.0420488604 0.97573983
0.0420769534 0.977793151
0.0421051243 0.979847845
0.0421333733 0.981903914
0.0421617007 0.983961364
0.0421901065 0.986020197
0.042218591 0.988080419
0.0422471543 0.990142031
0.0422757966 0.99220504
0.042304518 0.994269447
0.0423333188 0.996335258
0.0423621992 0.998402476
0.0423911592 1.0004711
0.0424201991 1.00254115
0.0424493191 1.00461261
0.0424785193 1.00668549
0.0425077999 1.00875981
0.0425371612 1.01083555
0.0425666032 1.01291272
0.0425961262 1.01499134
0.0426257303 1.01707139
0.0426554157 1.0191529
0.0426851827 1.02123585
0.0427150313 1.02332026
0.0427449618 1.02540612
0.0427749744 1.02749345
0.0428050693 1.02958225
0.0428352466 1.03167251
0.0428655065 1.03376425
0.0428958492 1.03585746
0.042926275 1.03795216
0.0429567839 1.04004835
0.0429873763 1.04214602
0.0430180522 1.04424519
0.0430488119 1.04634586
0.0430796555 1.04844803
0.0431105833 1.05055171
0.0431415955 1.0526569
0.0431726922 1.05476361
0.0432038736 1.05687183
0.04323514 1.05898158
0.0432664916 1.06109285
0.0432979284 1.06320566
0.0433294508 1.06532
0.043361059 1.06743588
0.0433927531 1.0695533
0.0434245333 1.07167228
0.0434563998 1.0737928
0.0434883529 1.07591488
0.0435203928 1.07803853
0.0435525195 1.08016374
0.0435847335 1.08229052
0.0436170348 1.08441887
0.0436494236 1.0865488
0.0436819003 1.08868031
0.0437144649 1.09081341
0.0437471177 1.0929481
0.0437798589 1.09508438
0.0438126887 1.09722226
0.0438456073 1.09936175
0.043878615 1.10150285
0.0439117119 1.10364556
0.0439448983 1.10578988
0.0439781743 1.10793583
0.0440115403 1.1100834
0.0440449963 1.1122326
0.0440785426 1.11438344
0.0441121795 1.11653591
0.0441459072 1.11869003
0.0441797258 1.12084579
0.0442136356 1.12300321
0.0442476368 1.12516228
0.0442817297 1.12732302
0.0443159144 1.12948542
0.0443501912 1.13164949
0.0443845603 1.13381523
0.044419022 1.13598266
0.0444535764 1.13815176
0.0444882238 1.14032256
0.0445229644 1.14249504
0.0445577984 1.14466923
0.0445927261 1.14684511
0.0446277477 1.14902271
0.0446628635 1.15120201
0.0446980736 1.15338303
0.0447333783 1.15556576
0.0447687778 1.15775023
0.0448042724 1.15993642
0.0448398623 1.16212434
0.0448755477 1.16431401
0.0449113289 1.16650542
0.0449472061 1.16869857
0.0449831795 1.17089348
0.0450192495 1.17309014
0.0450554162 1.17528857
0.0450916798 1.17748876
0.0451280406 1.17969073
0.045164499 1.18189447
0.045201055 1.18409999
0.0452377089 1.1863073
0.0452744611 1.1885164
0.0453113116 1.19072729
0.0453482609 1.19293998
0.0453853091 1.19515448
0.0454224565 1.19737079
0.0454597034 1.19958891
0.0454970499 1.20180885
0.0455344964 1.20403062
0.045572043 1.20625421
0.0456096901 1.20847964
0.045647438 1.21070691
0.0456852867 1.21293602
0.0457232367 1.21516699
0.0457612882 1.2173998
0.0457994414 1.21963447
0.0458376967 1.22187101
0.0458760541 1.22410942
0.0459145142 1.2263497
0.045953077 1.22859185
0.0459917428 1.23083589
0.046030512 1.23308182
0.0460693847 1.23532965
0.0461083613 1.23757937
0.046147442 1.239831
0.0461866271 1.24208453
0.0462259169 1.24433998
0.0462653116 1.24659735
0.0463048115 1.24885665
0.0463444169 1.25111787
0.0463841281 1.25338102
0.0464239453 1.25564612
0.0464638687 1.25791316
0.0465038988 1.26018215
0.0465440358 1.2624531
0.0465842798 1.26472601
0.0466246313 1.26700088
0.0466650906 1.26927773
0.0467056578 1.27155655
0.0467463333 1.27383735
0.0467871173 1.27612014
0.0468280102 1.27840492
0.0468690122 1.2806917
0.0469101237 1.28298048
0.0469513449 1.28527127
0.0469926761 1.28756407
0.0470341175 1.28985889
0.0470756696 1.29215574
0.0471173326 1.29445461
0.0471591067 1.29675552
0.0472009923 1.29905847
0.0472429897 1.30136347
0.0472850992 1.30367052
0.0473273211 1.30597962
0.0473696556 1.30829079
0.0474121031 1.31060402
0.0474546639 1.31291933
0.0474973383 1.31523672
0.0475401266 1.31755619
0.0475830291 1.31987775
0.0476260461 1.32220141
0.047669178 1.32452717
0.0477124249 1.32685503
0.0477557873 1.32918501
0.0477992655 1.3315171
0.0478428597 1.33385132
0.0478865704 1.33618767
0.0479303977 1.33852615
0.047974342 1.34086678
0.0480184038 1.34320955
0.0480625831 1.34555447
0.0481068805 1.34790155
0.0481512961 1.35025079
0.0481958304 1.3526022
0.0482404837 1.35495579
0.0482852562 1.35731156
0.0483301484 1.35966952
0.0483751605 1.36202967
0.0484202929 1.36439201
0.0484655459 1.36675657
0.0485109198 1.36912333
0.048556415 1.37149231
0.0486020318 1.37386351
0.0486477706 1.37623693
0.0486936317 1.3786126
0.0487396153 1.3809905
0.048785722 1.38337065
0.048831952 1.38575305
0.0488783056 1.38813771
0.0489247832 1.39052463
0.0489713852 1.39291382
0.0490181119 1.39530529
0.0490649636 1.39769904
0.0491119408 1.40009508
0.0491590436 1.40249341
0.0492062726 1.40489405
0.0492536281 1.40729699
0.0493011103 1.40970224
0.0493487198 1.41210981
0.0493964567 1.41451971
0.0494443216 1.41693194
0.0494923147 1.41934651
0.0495404365 1.42176342
0.0495886872 1.42418268
0.0496370673 1.4266043
0.0496855771 1.42902828
0.049734217 1.43145463
0.0497829873 1.43388336
0.0498318885 1.43631447
0.0498809209 1.43874797
0.0499300849 1.44118386
0.0499793808 1.44362215
0.0500288091 1.44606285
0.0500783701 1.44850597
0.0501280642 1.4509515
0.0501778918 1.45339946
0.0502278532 1.45584986
0.0502779489 1.4583027
0.0503281793 1.46075798
0.0503785446 1.46321572
0.0504290454 1.46567591
0.050479682 1.46813857
0.0505304548 1.47060371
0.0505813643 1.47307133
0.0506324107 1.47554143
0.0506835945 1.47801402
0.0507349161 1.48048912
0.0507863759 1.48296672
0.0508379743 1.48544683
0.0508897117 1.48792947
0.0509415886 1.49041463
0.0509936052 1.49290233
0.0510457621 1.49539256
0.0510980597 1.49788535
0.0511504983 1.50038068
0.0512030783 1.50287858
0.0512558003 1.50537905
0.0513086646 1.50788209
0.0513616716 1.51038771
0.0514148217 1.51289592
0.0514681154 1.51540673
0.0515215532 1.51792014
0.0515751353 1.52043616
0.0516288623 1.5229548
0.0516827346 1.52547606
0.0517367526 1.52799996
0.0517909168 1.53052649
0.0518452275 1.53305566
0.0518996853 1.53558749
0.0519542905 1.53812198
0.0520090436 1.54065914
0.0520639451 1.54319896
0.0521189954 1.54574147
0.0521741949 1.54828667
0.0522295441 1.55083457
0.0522850435 1.55338517
0.0523406934 1.55593848
0.0523964944 1.5584945
0.0524524468 1.56105325
0.0525085513 1.56361474
0.0525648081 1.56617896
0.0526212178 1.56874594
0.0526777809 1.57131566
0.0527344977 1.57388815
0.0527913689 1.57646341
0.0528483948 1.57904145
0.0529055758 1.58162227
0.0529629126 1.58420588
0.0530204056 1.5867923
0.0530780551 1.58938152
0.0531358618 1.59197356
0.0531938261 1.59456842
0.0532519485 1.59716611
0.0533102294 1.59976664
0.0533686694 1.60237002
0.0534272689 1.60497625
0.0534860284 1.60758534
0.0535449485 1.61019731
0.0536040296 1.61281215
0.0536632722 1.61542987
0.0537226768 1.61805049
0.0537822439 1.62067401
0.0538419741 1.62330044
0.0539018677 1.62592978
0.0539619254 1.62856205
0.0540221477 1.63119726
0.054082535 1.6338354
0.0541430878 1.6364765
0.0542038068 1.63912055
0.0542646923 1.64176756
0.054325745 1.64441755
0.0543869653 1.64707053
0.0544483537 1.64972649
0.0545099109 1.65238545
0.0545716373 1.65504741
0.0546335334 1.65771239
0.0546955998 1.6603804
0.0547578371 1.66305143
0.0548202457 1.6657255
0.0548828262 1.66840262
0.0549455792 1.6710828
0.0550085051 1.67376604
0.0550716046 1.67645236
0.0551348782 1.67914175
0.0551983264 1.68183424
0.0552619498 1.68452983
0.055325749 1.68722852
0.0553897244 1.68993033
0.0554538767 1.69263526
0.0555182065 1.69534332
0.0555827143 1.69805453
0.0556474006 1.70076889
0.0557122661 1.7034864
0.0557773112 1.70620709
0.0558425367 1.70893095
0.055907943 1.71165799
0.0559735308 1.71438823
0.0560393006 1.71712167
0.0561052531 1.71985833
0.0561713887 1.7225982
0.0562377081 1.72534131
0.0563042119 1.72808765
0.0563709007 1.73083724
0.0564377751 1.73359009
0.0565048356 1.7363462
0.056572083 1.73910559
0.0566395177 1.74186826
0.0567071405 1.74463423
0.0567749518 1.7474035
0.0568429524 1.75017608
0.0569111428 1.75295198
0.0569795237 1.75573121
0.0570480956 1.75851378
0.0571168593 1.7612997
0.0571858153 1.76408897
0.0572549643 1.76688162
0.0573243069 1.76967764
0.0573938437 1.77247704
0.0574635754 1.77527984
0.0575335026 1.77808605
0.057603626 1.78089567
0.0576739461 1.78370872
0.0577444637 1.7865252
0.0578151795 1.78934513
0.057886094 1.7921685
0.0579572079 1.79499534
0.0580285219 1.79782566
0.0581000366 1.80065945
0.0581717528 1.80349674
0.058243671 1.80633753
0.058315792 1.80918183
0.0583881164 1.81202966
0.0584606449 1.81488101
0.0585333783 1.81773591
0.0586063171 1.82059436
0.058679462 1.82345637
0.0587528138 1.82632196
0.0588263732 1.82919112
0.0589001408 1.83206388
0.0589741173 1.83494024
0.0590483035 1.83782021
0.0591227001 1.8407038
0.0591973077 1.84359103
0.0592721271 1.8464819
0.0593471589 1.84937642
0.059422404 1.85227461
0.059497863 1.85517648
0.0595735367 1.85808202
0.0596494257 1.86099127
0.0597255309 1.86390421
0.0598018529 1.86682088
0.0598783925 1.86974127
0.0599551504 1.8726654
0.0600321274 1.87559328
0.0601093242 1.87852491
0.0601867416 1.88146032
0.0602643803 1.8843995
0.0603422411 1.88734248
0.0604203248 1.89028926
0.060498632 1.89323985
0.0605771637 1.89619427
0.0606559205 1.89915252
0.0607349032 1.90211462
0.0608141126 1.90508057
0.0608935495 1.90805039
0.0609732147 1.91102409
0.061053109 1.91400168
0.0611332331 1.91698317
0.0612135878 1.91996858
0.061294174 1.9229579
0.0613749925 1.92595117
0.061456044 1.92894838
0.0615373294 1.93194954
0.0616188495 1.93495468
0.0617006051 1.9379638
0.061782597 1.9409769
0.0618648261 1.94399402
0.0619472932 1.94701514
0.062029999 1.9500403
0.0621129446 1.95306949
0.0621961306 1.95610274
0.062279558 1.95914004
0.0623632276 1.96218142
0.0624471402 1.96522688
0.0625312967 1.96827645
0.062615698 1.97133012
0.0627003449 1.97438791
0.0627852382 1.97744983
0.062870379 1.9805159
0.062955768 1.98358613
0.0630414061 1.98666053
0.0631272942 1.98973911
0.0632134333 1.99282188
0.0632998241 1.99590886
0.0633864676 1.99900006
0.0634733646 2.00209549
0.0635605162 2.00519516
0.0636479232 2.00829908
0.0637355865 2.01140728
0.063823507 2.01451975
0.0639116856 2.01763652
0.0640001234 2.02075759
0.0640888211 2.02388298
0.0641777799 2.02701271
0.0642670004 2.03014677
0.0643564839 2.03328519
0.0644462311 2.03642799
0.064536243 2.03957516
0.0646265206 2.04272673
0.0647170649 2.04588271
0.0648078768 2.0490431
0.0648989572 2.05220794
0.0649903073 2.05537721
0.0650819278 2.05855095
0.0651738199 2.06172917
0.0652659845 2.06491187
0.0653584227 2.06809907
0.0654511353 2.07129078
0.0655441234 2.07448702
0.0656373881 2.0776878
0.0657309302 2.08089313
0.065824751 2.08410304
0.0659188513 2.08731752
0.0660132322 2.0905366
0.0661078947 2.09376028
0.0662028399 2.09698859
0.0662980688 2.10022153
0.0663935824 2.10345912
0.0664893819 2.10670138
0.0665854682 2.10994831
0.0666818424 2.11319994
0.0667785057 2.11645627
0.0668754589 2.11971732
0.0669727034 2.1229831
0.06707024 2.12625364
0.06716807 2.12952893
0.0672661944 2.132809
0.0673646143 2.13609386
0.0674633307 2.13938353
0.0675623449 2.14267802
0.0676616579 2.14597734
0.0677612709 2.14928151
0.0678611849 2.15259054
0.0679614012 2.15590445
0.0680619207 2.15922326
0.0681627448 2.16254697
0.0682638745 2.16587561
0.0683653109 2.16920918
0.0684670553 2.1725477
0.0685691088 2.1758912
0.0686714725 2.17923967
0.0687741477 2.18259315
0.0688771355 2.18595163
0.0689804371 2.18931515
0.0690840537 2.19268371
0.0691879865 2.19605732
0.0692922367 2.19943601
0.0693968056 2.2028198
0.0695016942 2.20620868
0.0696069039 2.20960269
0.0697124359 2.21300183
0.0698182914 2.21640613
0.0699244716 2.2198156
0.0700309778 2.22323024
0.0701378113 2.22665009
0.0702449733 2.23007516
0.070352465 2.23350545
0.0704602878 2.236941
0.0705684429 2.24038181
0.0706769316 2.2438279
0.0707857552 2.24727928
0.0708949149 2.25073598
0.0710044122 2.25419801
0.0711142482 2.25766538
0.0712244244 2.26113812
0.071334942 2.26461624
0.0714458023 2.26809975
0.0715570068 2.27158867
0.0716685566 2.27508302
0.0717804533 2.27858282
0.0718926981 2.28208808
0.0720052924 2.28559882
0.0721182376 2.28911506
0.072231535 2.29263681
0.0723451861 2.2961641
0.0724591922 2.29969693
0.0725735546 2.30323533
0.072688275 2.30677931
0.0728033545 2.31032889
0.0729187947 2.31388409
0.0730345969 2.31744492
0.0731507627 2.32101141
0.0732672934 2.32458357
0.0733841905 2.32816142
0.0735014554 2.33174498
0.0736190897 2.33533426
0.0737370947 2.33892929
0.073855472 2.34253007
0.073974223 2.34613663
0.0740933492 2.349749
0.0742128522 2.35336717
0.0743327334 2.35699118
0.0744529943 2.36062105
0.0745736365 2.36425678
0.0746946615 2.36789841
0.0748160709 2.37154594
0.0749378661 2.3751994
0.0750600488 2.3788588
0.0751826204 2.38252417
0.0753055827 2.38619553
0.075428937 2.38987288
0.0755526851 2.39355626
0.0756768286 2.39724568
0.0758013689 2.40094116
0.0759263078 2.40464272
0.0760516468 2.40835038
0.0761773877 2.41206415
0.0763035319 2.41578407
0.0764300812 2.41951014
0.0765570373 2.4232424
0.0766844017 2.42698085
0.0768121762 2.43072551
0.0769403623 2.43447642
0.077068962 2.43823358
0.0771979767 2.44199702
0.0773274082 2.44576676
0.0774572583 2.44954281
0.0775875286 2.45332521
0.0777182209 2.45711396
0.077849337 2.46090909
0.0779808785 2.46471063
0.0781128472 2.46851858
0.078245245 2.47233298
0.0783780736 2.47615384
0.0785113347 2.47998119
0.0786450302 2.48381504
0.0787791619 2.48765542
0.0789137316 2.49150234
0.0790487411 2.49535583
0.0791841922 2.49921592
0.0793200869 2.50308261
0.0794564269 2.50695594
0.0795932142 2.51083593
0.0797304505 2.51472259
0.0798681378 2.51861595
0.0800062781 2.52251603
0.0801448731 2.52642286
0.0802839248 2.53033645
0.0804234351 2.53425683
0.080563406 2.53818401
0.0807038394 2.54211803
0.0808447372 2.54605891
0.0809861015 2.55000666
0.0811279343 2.55396132
0.0812702374 2.55792289
0.0814130129 2.56189142
0.0815562628 2.56586691
0.0816999892 2.56984939
0.0818441941 2.5738389
0.0819888794 2.57783543
0.0821340473 2.58183904
0.0822796999 2.58584972
0.0824258391 2.58986752
0.0825724672 2.59389245
0.0827195861 2.59792454
0.0828671981 2.60196381
0.0830153052 2.60601028
0.0831639095 2.61006399
0.0833130133 2.61412494
0.0834626186 2.61819318
0.0836127277 2.62226872
0.0837633426 2.62635158
0.0839144657 2.6304418
0.0840660992 2.63453939
0.0842182451 2.63864438
0.0843709058 2.6427568
0.0845240836 2.64687667
0.0846777805 2.65100402
0.0848319991 2.65513887
0.0849867414 2.65928125
0.0851420098 2.66343118
0.0852978067 2.66758869
0.0854541343 2.6717538
0.0856109949 2.67592654
0.085768391 2.68010694
0.0859263248 2.68429502
0.0860847987 2.68849081
0.0862438151 2.69269434
0.0864033765 2.69690563
0.0865634852 2.7011247
0.0867241436 2.70535159
0.0868853542 2.70958632
0.0870471194 2.71382892
0.0872094418 2.71807941
0.0873723237 2.72233783
0.0875357677 2.72660419
0.0876997763 2.73087854
0.0878643519 2.73516089
0.0880294972 2.73945127
0.0881952147 2.74374971
0.088361507 2.74805624
0.0885283765 2.75237088
0.088695826 2.75669367
0.0888638581 2.76102464
0.0890324752 2.7653638
0.0892016802 2.76971119
0.0893714756 2.77406684
0.0895418642 2.77843078
0.0897128485 2.78280303
0.0898844313 2.78718363
0.0900566154 2.79157261
0.0902294034 2.79596998
0.0904027981 2.80037579
0.0905768022 2.80479006
0.0907514186 2.80921283
0.0909266499 2.81364411
0.0911024992 2.81808395
0.091278969 2.82253237
0.0914560624 2.8269894
0.0916337822 2.83145508
0.0918121312 2.83592943
0.0919911123 2.84041248
0.0921707285 2.84490427
0.0923509826 2.84940482
0.0925318776 2.85391417
0.0927134165 2.85843235
0.0928956023 2.86295939
0.0930784379 2.86749532
0.0932619264 2.87204017
0.0934460708 2.87659398
0.0936308741 2.88115677
0.0938163394 2.88572858
0.0940024697 2.89030945
0.0941892683 2.89489939
0.0943767382 2.89949845
0.0945648826 2.90410667
0.0947537045 2.90872406
0.0949432073 2.91335067
0.095133394 2.91798652
0.095324268 2.92263166
0.0955158324 2.92728611
0.0957080904 2.93194991
0.0959010454 2.93662309
0.0960947007 2.94130569
0.0962890595 2.94599774
0.0964841253 2.95069927
0.0966799012 2.95541032
0.0968763908 2.96013093
0.0970735974 2.96486112
0.0972715245 2.96960094
0.0974701753 2.97435041
0.0976695535 2.97910958
0.0978696625 2.98387848
0.0980705058 2.98865715
0.0982720868 2.99344561
0.0984744092 2.99824391
0.0986774765 3.00305208
0.0988812923 3.00787017
0.0990858601 3.0126982
0.0992911836 3.01753621
0.0994972665 3.02238424
0.0997041124 3.02724232
0.0999117251 3.0321105
0.100120108 3.03698881
0.100329265 3.04187729
0.1005392 3.04677598
0.100749917 3.0516849
0.10096142 3.05660411
0.101173711 3.06153364
0.101386796 3.06647353
0.101600678 3.07142382
0.101815361 3.07638454
0.102030849 3.08135574
0.102247146 3.08633745
0.102464255 3.09132972
0.102682181 3.09633258
0.102900928 3.10134607
0.1031205 3.10637024
0.103340901 3.11140512
0.103562136 3.11645075
0.103784207 3.12150718
0.104007119 3.12657445
0.104230878 3.13165259
0.104455485 3.13674164
0.104680947 3.14184166
0.104907267 3.14695268
0.10513445 3.15207474
0.105362499 3.15720788
0.105591419 3.16235216
0.105821215 3.1675076
0.106051891 3.17267425
0.106283451 3.17785216
0.1065159 3.18304136
0.106749242 3.18824191
0.106983482 3.19345384
0.107218624 3.1986772
0.107454673 3.20391203
0.107691633 3.20915838
0.107929509 3.21441629
0.108168307 3.2196858
0.108408029 3.22496697
0.108648682 3.23025983
0.108890269 3.23556443
0.109132796 3.24088082
0.109376267 3.24620904
0.109620688 3.25154914
0.109866063 3.25690116
0.110112396 3.26226516
0.110359694 3.26764117
0.11060796 3.27302925
0.110857201 3.27842943
0.11110742 3.28384178
0.111358623 3.28926634
0.111610816 3.29470315
0.111864002 3.30015226
0.112118188 3.30561373
0.112373378 3.31108759
0.112629578 3.3165739
0.112886793 3.32207272
0.113145028 3.32758408
0.113404289 3.33310804
0.113664581 3.33864464
0.113925909 3.34419395
0.114188279 3.349756
0.114451696 3.35533085
0.114716166 3.36091855
0.114981695 3.36651915
0.115248287 3.37213271
0.115515949 3.37775927
0.115784686 3.38339889
0.116054503 3.38905161
0.116325408 3.3947175
0.116597405 3.40039661
0.1168705 3.40608898
0.117144699 3.41179467
0.117420008 3.41751374
0.117696432 3.42324624
0.117973979 3.42899222
0.118252653 3.43475174
0.118532461 3.44052485
0.118813409 3.44631161
0.119095504 3.45211208
0.11937875 3.4579263
0.119663155 3.46375434
0.119948724 3.46959626
0.120235465 3.4754521
0.120523383 3.48132193
0.120812484 3.4872058
0.121102776 3.49310378
0.121394264 3.49901591
0.121686955 3.50494226
0.121980857 3.51088289
0.122275974 3.51683785
0.122572314 3.52280721
0.122869884 3.52879102
0.12316869 3.53478934
0.12346874 3.54080224
0.123770039 3.54682977
0.124072595 3.552872
0.124376415 3.55892898
0.124681506 3.56500078
0.124987875 3.57108747
0.125295529 3.57718909
0.125604474 3.58330572
0.125914719 3.58943742
0.12622627 3.59558424
0.126539135 3.60174627
0.126853321 3.60792355
0.127168835 3.61411615
0.127485685 3.62032414
0.127803879 3.62654759
0.128123423 3.63278655
0.128444326 3.63904109
0.128766594 3.64531129
0.129090237 3.6515972
0.129415261 3.65789889
0.129741675 3.66421644
0.130069485 3.6705499
0.130398701 3.67689936
0.13072933 3.68326486
0.13106138 3.68964649
0.131394859 3.69604431
0.131729776 3.70245839
0.132066138 3.70888881
0.132403954 3.71533563
0.132743232 3.72179892
0.133083981 3.72827876
0.133426209 3.73477521
0.133769924 3.74128835
0.134115136 3.74781825
0.134461852 3.75436499
0.134810081 3.76092863
0.135159833 3.76750925
0.135511116 3.77410693
0.135863939 3.78072174
0.13621831 3.78735375
0.136574239 3.79400304
0.136931736 3.80066968
0.137290808 3.80735376
0.137651466 3.81405534
0.138013718 3.82077451
0.138377574 3.82751134
0.138743044 3.83426592
0.139110136 3.84103831
0.139478861 3.8478286
0.139849228 3.85463687
0.140221247 3.8614632
0.140594927 3.86830767
0.140970279 3.87517035
0.141347312 3.88205134
0.141726036 3.88895071
0.142106462 3.89586854
0.142488599 3.90280492
0.142872459 3.90975993
0.14325805 3.91673366
0.143645383 3.92372618
0.14403447 3.93073759
0.14442532 3.93776797
0.144817945 3.9448174
0.145212354 3.95188598
0.145608558 3.95897378
0.146006569 3.9660809
0.146406398 3.97320742
0.146808055 3.98035343
0.147211551 3.98751902
0.147616898 3.99470429
0.148024107 4.00190931
0.14843319 4.00913418
0.148844157 4.016379
0.149257021 4.02364385
0.149671793 4.03092883
0.150088485 4.03823402
0.150507108 4.04555953
0.150927675 4.05290544
0.151350197 4.06027186
0.151774687 4.06765887
0.152201157 4.07506657
0.152629618 4.08249506
0.153060085 4.08994443
0.153492568 4.09741479
0.153927081 4.10490623
0.154363636 4.11241884
0.154802246 4.11995274
0.155242923 4.12750801
0.155685682 4.13508476
0.156130534 4.14268309
0.156577494 4.15030311
0.157026574 4.15794491
0.157477788 4.1656086
0.157931149 4.17329427
0.158386671 4.18100205
0.158844368 4.18873203
0.159304253 4.19648431
0.159766341 4.204259
0.160230645 4.21205622
0.160697179 4.21987606
0.161165959 4.22771865
0.161636998 4.23558407
0.16211031 4.24347246
0.162585911 4.2513839
0.163063815 4.25931853
0.163544038 4.26727645
0.164026593 4.27525777
0.164511496 4.2832626
0.164998763 4.29129106
0.165488409 4.29934327
0.165980449 4.30741934
0.166474898 4.31551939
0.166971774 4.32364353
0.16747109 4.33179188
0.167972864 4.33996457
0.168477112 4.3481617
0.16898385 4.3563834
0.169493093 4.3646298
0.17000486 4.37290101
0.170519166 4.38119715
0.171036028 4.38951835
0.171555464 4.39786474
0.17207749 4.40623644
0.172602123 4.41463357
0.173129382 4.42305626
0.173659283 4.43150464
0.174191844 4.43997884
0.174727083 4.44847899
0.175265018 4.45700521
0.175805667 4.46555764
0.176349048 4.47413641
0.176895181 4.48274165
0.177444082 4.4913735
0.177995772 4.50003209
0.178550269 4.50871756
0.179107593 4.51743004
0.179667761 4.52616967
0.180230795 4.53493659
0.180796712 4.54373093
0.181365534 4.55255284
0.18193728 4.56140247
0.182511971 4.57027994
0.183089625 4.57918541
0.183670265 4.58811901
0.184253909 4.5970809
0.18484058 4.60607122
0.185430299 4.61509012
0.186023085 4.62413773
0.186618962 4.63321423
0.187217949 4.64231974
0.18782007 4.65145443
0.188425345 4.66061845
0.189033798 4.66981194
0.189645449 4.67903507
0.190260323 4.688288
0.190878441 4.69757086
0.191499826 4.70688383
0.192124501 4.71622707
0.192752491 4.72560072
0.193383818 4.73500496
0.194018505 4.74443994
0.194656578 4.75390583
0.19529806 4.7634028
0.195942975 4.772931
0.196591349 4.78249061
0.197243205 4.79208179
0.197898569 4.80170472
0.198557467 4.81135956
0.199219923 4.82104648
0.199885963 4.83076565
0.200555614 4.84051726
0.201228902 4.85030148
0.201905852 4.86011848
0.202586493 4.86996844
0.20327085 4.87985154
0.20395895 4.88976795
0.204650822 4.89971787
0.205346493 4.90970148
0.206045991 4.91971896
0.206749344 4.92977049
0.20745658 4.93985626
0.208167729 4.94997646
0.208882819 4.96013129
0.209601879 4.97032092
0.210324939 4.98054557
0.21105203 4.99080541
0.21178318 5.00110064
0.21251842 5.01143147
0.213257782 5.02179808
0.214001296 5.03220069
0.214748992 5.04263948
0.215500904 5.05311468
0.216257062 5.06362647
0.217017499 5.07417506
0.217782247 5.08476067
0.218551339 5.0953835
0.219324809 5.10604376
0.220102688 5.11674167
0.220885012 5.12747743
0.221671815 5.13825127
0.22246313 5.1490634
0.223258992 5.15991404
0.224059437 5.17080342
0.224864499 5.18173174
0.225674216 5.19269924
0.226488621 5.20370615
0.227307753 5.21475268
0.228131648 5.22583908
0.228960343 5.23696557
0.229793875 5.24813238
0.230632283 5.25933974
0.231475605 5.2705879
0.232323879 5.2818771
0.233177145 5.29320756
0.234035441 5.30457954
0.234898808 5.31599328
0.235767287 5.32744903
0.236640916 5.33894702
0.237519738 5.35048752
0.238403795 5.36207077
0.239293127 5.37369703
0.240187777 5.38536655
0.241087788 5.3970796
0.241993204 5.40883642
0.242904067 5.42063728
0.243820421 5.43248245
0.244742312 5.4443722
0.245669783 5.45630678
0.246602882 5.46828648
0.247541652 5.48031156
0.248486141 5.4923823
0.249436396 5.50449897
0.250392463 5.51666186
0.251354391 5.52887125
0.252322228 5.54112742
0.253296023 5.55343065
0.254275824 5.56578124
0.255261682 5.57817948
0.256253647 5.59062565
0.257251771 5.60312006
0.258256103 5.61566301
0.259266697 5.62825479
0.260283605 5.64089571
0.261306879 5.65358607
0.262336574 5.66632618
0.263372744 5.67911635
0.264415443 5.69195691
0.265464727 5.70484815
0.266520652 5.7177904
0.267583273 5.73078399
0.26865265 5.74382923
0.269728838 5.75692646
0.270811897 5.770076
0.271901886 5.78327819
0.272998864 5.79653336
0.274102892 5.80984184
0.27521403 5.82320399
0.27633234 5.83662014
0.277457885 5.85009065
0.278590728 5.86361585
0.279730932 5.87719611
0.280878562 5.89083179
0.282033682 5.90452323
0.283196359 5.9182708
0.28436666 5.93207488
0.285544651 5.94593582
0.286730401 5.959854
0.287923978 5.97382979
0.289125452 5.98786358
0.290334894 6.00195574
0.291552375 6.01610666
0.292777966 6.03031673
0.294011741 6.04458634
0.295253773 6.05891588
0.296504136 6.07330577
0.297762907 6.08775639
0.299030161 6.10226815
0.300305975 6.11684147
0.301590427 6.13147676
0.302883596 6.14617443
0.304185562 6.16093492
0.305496406 6.17575863
0.306816208 6.19064601
0.308145053 6.20559747
0.309483022 6.22061348
0.310830202 6.23569445
0.312186677 6.25084084
0.313552533 6.26605309
0.314927859 6.28133167
0.316312744 6.29667702
0.317707275 6.31208961
0.319111545 6.3275699
0.320525645 6.34311837
0.321949668 6.35873548
0.323383708 6.37442172
0.32482786 6.39017758
0.326282221 6.40600353
0.327746887 6.42190008
0.329221957 6.43786772
0.330707532 6.45390695
0.332203712 6.47001828
0.333710599 6.48620221
0.335228297 6.50245928
0.336756911 6.51879
0.338296547 6.53519489
0.339847311 6.55167449
0.341409314 6.56822933
0.342982664 6.58485996
0.344567474 6.60156692
0.346163856 6.61835077
0.347771924 6.63521207
0.349391793 6.65215137
0.351023582 6.66916925
0.352667409 6.68626628
0.354323393 6.70344304
0.355991656 6.72070012
0.357672321 6.73803811
0.359365514 6.75545761
0.361071359 6.77295922
0.362789986 6.79054355
0.364521524 6.80821122
0.366266104 6.82596285
0.368023858 6.84379906
0.369794922 6.8617205
0.371579432 6.8797278
0.373377526 6.89782161
0.375189343 6.91600258
0.377015027 6.93427138
0.37885472 6.95262868
0.380708568 6.97107514
0.382576718 6.98961145
0.38445932 7.00823829
0.386356525 7.02695638
0.388268487 7.04576639
0.390195361 7.06466905
0.392137305 7.08366508
0.394094478 7.1027552
0.396067042 7.12194013
0.398055161 7.14122063
0.400059002 7.16059744
0.402078733 7.18007131
0.404114524 7.19964301
0.406166549 7.21931331
0.408234984 7.239083
0.410320005 7.25895286
0.412421795 7.27892368
0.414540534 7.29899628
0.41667641 7.31917147
0.418829609 7.33945007
0.421000323 7.35983292
0.423188745 7.38032085
0.42539507 7.40091472
0.427619498 7.42161538
0.42986223 7.44242371
0.432123471 7.46334058
0.434403428 7.48436689
0.436702311 7.50550352
0.439020333 7.5267514
0.441357711 7.54811143
0.443714665 7.56958455
0.446091416 7.5911717
0.448488192 7.61287382
0.450905221 7.63469188
0.453342736 7.65662685
0.455800972 7.6786797
0.45828017 7.70085144
0.460780571 7.72314307
0.463302423 7.7455556
0.465845976 7.76809006
0.468411483 7.7907475
0.470999203 7.81352896
0.473609396 7.83643551
0.476242329 7.85946822
0.478898271 7.88262819
0.481577496 7.90591651
0.48428028 7.9293343
0.487006907 7.95288269
0.489757662 7.97656282
0.492532836 8.00037584
0.495332724 8.02432292
0.498157627 8.04840525
0.501007847 8.07262402
0.503883695 8.09698044
0.506785484 8.12147573
0.509713533 8.14611115
0.512668166 8.17088793
0.515649711 8.19580736
0.518658503 8.22087071
0.521694882 8.2460793
0.524759192 8.27143443
0.527851783 8.29693744
0.530973011 8.32258969
0.534123239 8.34839253
0.537302834 8.37434736
0.540512168 8.40045557
0.543751623 8.42671858
0.547021583 8.45313784
0.55032244 8.47971479
0.553654594 8.5064509
0.55701845 8.53334768
0.560414419 8.56040662
0.56384292 8.58762927
0.567304379 8.61501717
0.570799229 8.64257189
0.57432791 8.67029502
0.577890869 8.69818817
0.581488563 8.72625297
0.585121453 8.75449109
0.58879001 8.78290418
0.592494715 8.81149395
0.596236053 8.84026211
0.60001452 8.86921042
0.603830622 8.89834063
0.60768487 8.92765453
0.611577787 8.95715393
0.615509904 8.98684068
0.619481762 9.01671662
0.62349391 9.04678366
0.627546909 9.0770437
0.631641329 9.10749868
0.635777749 9.13815056
0.639956761 9.16900134
0.644178965 9.20005304
0.648444975 9.23130769
0.652755412 9.26276739
0.657110913 9.29443423
0.661512123 9.32631035
0.6659597 9.35839791
0.670454316 9.39069911
0.674996654 9.42321617
0.679587409 9.45595135
0.68422729 9.48890694
0.688917019 9.52208525
0.693657333 9.55548866
0.698448981 9.58911954
0.703292728 9.62298032
0.708189353 9.65707346
0.713139649 9.69140146
0.718144426 9.72596685
0.72320451 9.76077219
0.72832074 9.7958201
0.733493976 9.83111321
0.738725092 9.86665423
0.744014979 9.90244586
0.749364548 9.93849089
0.754774726 9.97479211
0.76024646 10.0113524
0.765780716 10.0481746
0.771378479 10.0852617
0.777040754 10.1226166
0.782768567 10.1602425
0.788562966 10.1981423
0.794425019 10.2363192
0.800355816 10.2747764
0.806356471 10.313517
0.812428122 10.3525445
0.81857193 10.391862
0.824789079 10.431473
0.831080781 10.4713808
0.837448272 10.5115891
0.843892816 10.5521013
0.850415704 10.592921
0.857018253 10.6340519
0.863701811 10.6754977
0.870467756 10.7172622
0.877317495 10.7593492
0.884252466 10.8017627
0.89127414 10.8445065
0.898384021 10.8875848
0.905583646 10.9310016
0.912874587 10.9747612
0.920258454 11.0188676
0.92773689 11.0633254
0.935311579 11.1081388
0.942984243 11.1533123
0.950756643 11.1988505
0.958630583 11.244758
0.96660791 11.2910394
0.974690511 11.3376996
0.982880321 11.3847435
0.991179322 11.4321759
0.999589542 11.4800019
1.00811306 11.5282267
1.016752 11.5768555
1.02550855 11.6258935
1.03438493 11.6753463
1.04338345 11.7252192
1.05250644 11.775518
1.06175631 11.8262483
1.07113553 11.877416
1.08064663 11.9290269
1.0902922 11.9810872
1.10007491 12.0336029
1.10999747 12.0865803
1.1200627 12.1400259
1.13027347 12.193946
1.14063272 12.2483475
1.15114349 12.3032369
1.16180889 12.3586213
1.1726321 12.4145075
1.18361641 12.4709029
1.1947652 12.5278146
1.20608191 12.5852501
1.2175701 12.6432171
1.22923345 12.7017233
1.24107569 12.7607765
1.2531007 12.8203848
1.26531246 12.8805565
1.27771504 12.9412999
1.29031266 13.0026236
1.30310965 13.0645363
1.31611046 13.127047
1.32931968 13.1901647
1.34274203 13.2538988
1.35638237 13.3182588
1.37024571 13.3832543
1.38433722 13.4488952
1.39866221 13.5151917
1.41322617 13.5821541
1.42803475 13.6497929
1.44309377 13.7181189
1.45840926 13.7871432
1.47398742 13.856877
1.48983465 13.9273318
1.50595756 13.9985194
1.52236297 14.0704518
1.53905794 14.1431413
1.55604974 14.2166006
1.57334589 14.2908425
1.59095418 14.3658801
1.60888264 14.4417269
1.62713959 14.5183967
1.64573362 14.5959037
1.66467365 14.6742622
1.68396887 14.753487
1.70362883 14.8335932
1.7236634 14.9145964
1.74408281 14.9965124
1.76489768 15.0793574
1.78611899 15.1631481
1.80775813 15.2479014
1.82982695 15.3336349
1.85233769 15.4203665
1.87530311 15.5081144
1.89873641 15.5968974
1.92265135 15.6867349
1.94706218 15.7776465
1.97198375 15.8696524
1.99743148 15.9627734
2.02342142 16.0570309
2.04997026 16.1524464
2.0770954 16.2490426
2.10481494 16.3468423
2.13314773 16.4458689
2.16211344 16.5461468
2.19173257 16.6477007
2.2220265 16.7505559
2.25301755 16.8547387
2.28472902 16.9602756
2.31718524 17.0671943
2.35041166 17.1755229
2.38443485 17.2852903
2.41928262 17.3965262
2.45498408 17.5092611
2.4915697 17.6235262
2.5290714 17.7393537
2.56752261 17.8567764
2.6069584 17.9758281
2.64741558 18.0965434
2.68893274 18.2189579
2.73155044 18.343108
2.77531129 18.469031
2.82026008 18.5967653
2.86644391 18.7263499
2.91391237 18.8578252
2.96271767 18.9912322
3.01291482 19.1266129
3.06456182 19.2640105
3.11771983 19.4034688
3.17245341 19.5450327
3.22883074 19.688748
3.28692385 19.8346614
3.34680892 19.9828203
3.40856652 20.1332729
3.47228192 20.2860683
3.53804544 20.441256
3.60595282 20.5988861
3.67610552 20.7590091
3.74861121 20.9216757
3.82358418 21.0869369
3.90114577 21.2548431
3.98142495 21.4254449
4.06455878 21.5987917
4.15069306 21.7749322
4.23998287 21.9539135
4.33259329 22.1357809
4.42870007 22.3205771
4.52849035 22.5083417
4.63216348 22.6991106
4.73993177 22.8929147
4.8520214 23.0897794
4.96867327 23.2897229
5.09014386 23.4927553
5.21670618 23.6988767
5.34865064 23.9080757
5.48628591 24.1203269
5.62993972 24.3355891
5.77995956 24.553802
5.93671324 24.7748835
6.10058928 24.9987262
6.27199695 25.2251932
6.45136602 25.4541138
6.639146 25.6852788
6.83580475 25.9184344
7.04182639 26.153277
7.25770813 26.389446
7.48395611 26.6265173
7.72107965 26.8639959
7.96958396 27.1013086
8.22996089 27.3377964
8.50267746 27.5727083
8.78816197 27.8051945
9.08678757 28.034303
9.39885316 28.2589768
9.72456175 28.4780552
10.0639968 28.6902786
10.4170967 28.894299
10.7836295 29.0886953
11.1631677 29.2719969
11.5550664 29.4427133
11.958446 29.5993708
12.3721826 29.7405564
12.7949071 29.8649656
13.2250162 29.9714533
13.6606959 30.0590826
14.0999571 30.127171
14.5406837 30.175326
14.9806887 30.2034703
15.4177762 30.2118517
15.8498034 30.201037
16.2747382 30.1718911
16.6907077 30.1255424
17.0960341 30.06334
17.4892562 29.9868061
17.8691364 29.89759
18.2346568 29.7974274
18.5850068 29.6881093
18.9195675 29.5714593
19.2378971 29.4493215
19.5397198 29.3235534
19.824921 29.1960239
20.0935477 29.068609
20.345813 28.9431869
20.5821023 28.8216273
20.802979 28.7057778
21.0091873 28.5974457
21.2016515 28.4983796
21.3814713 28.4102494
21.5499138 28.3346301
21.7084044 28.2729857
21.8585163 28.2266572
22.0019617 28.1968508
22.1405831 28.1846272
22.2763463 28.1908884
22.4113314 28.2163633
22.5477221 28.2615904
22.6877894 28.3268989
22.8338711 28.4123917
22.9883441 28.5179299
23.1535928 28.6431239
23.3319749 28.7873322
23.525788 28.9496669
23.7372385 29.1290074
23.9684169 29.3240188
24.2212794 29.5331728
24.4976359 29.7547683
24.799142 29.986949
25.1272945 30.2277167
25.4834243 30.4749412
25.8686876 30.7263672
26.2840516 30.9796223
26.7302772 31.2322283
27.2078981 31.4816194
27.717203 31.7251679
28.2582215 31.9602171
28.8307193 32.1841202
29.4342035 32.3942799
30.0679388 32.5881855
30.7309715 32.7634434
31.4221589 32.9177976
32.1401993 33.049142
32.8836583 33.1555229
33.6509903 33.2351375
34.4405527 33.2863311
35.2506164 33.3075968
36.0793738 33.2975785
36.9249489 33.2550794
37.7854129 33.1790731
38.6588061 33.0687133
39.543168 32.9233399
40.4365719 32.7424764
41.3371628 32.5258161
42.2431926 32.2731955
43.153048 31.9845556
44.0652677 31.6598934
44.9785443 31.2992078
45.8917088 30.9024434
46.8036994 30.4694392
47.7135131 29.9998854
48.6201446 29.4932949
49.5225155 28.9489907
50.419398 28.3661141
51.3093388 27.7436559
52.1905908 27.0805083
53.0610572 26.3755397
53.9182563 25.6276844
54.7593105 24.8360448
55.5809635 23.9999947
56.3796239 23.1192791
57.1514336 22.1941002
57.8923547 21.2251856
58.5982703 20.2138359
59.2650931 19.1619483
59.8888759 18.072019
60.4659218 16.9471225
60.9928887 15.7908704
61.4668851 14.6073492
61.8855529 13.4010386
62.2471315 12.1767143
62.5505002 10.9393378
62.7951955 9.69394138
62.9814025 8.44551371
63.1099228 7.19889352
63.1821221 5.95867754
63.199864 4.72914601
63.1654361 3.51420753
63.0814737 2.31736278
62.9508863 1.14168474
62.7767914 -0.0101883429
62.5624568 -1.13605161
62.3112511 -2.23412886
62.0266017 -3.30306851
61.711955 -4.34194338
61.3707342 -5.35025453
61.0062901 -6.32793729
60.6218405 -7.27536415
60.2203968 -8.19333786
59.8046824 -9.08306688
59.3770458 -9.94611722
58.9393811 -10.7843369
58.4930631 -11.5997534
58.0389104 -12.394449
57.5771824 -13.1704229
57.1076173 -13.9294516
56.6295097 -14.6729614
56.1418244 -15.4019273
55.643336 -16.1168076
55.132781 -16.8175241
54.6090068 -17.5034881
54.071102 -18.1736676
53.5184949 -18.826688
52.9510132 -19.4609493
52.3689027 -20.0747461
51.7728116 -20.6663759
51.1637488 -21.2342257
50.5430288 -21.7768324
49.9122159 -22.292919
49.2730744 -22.7814118
48.6275309 -23.2414478
47.9776467 -23.6723778
47.325598 -24.0737737
46.6736592 -24.4454401
46.0241824 -24.7874314
45.3795722 -25.1000713
44.7422522 -25.383971
44.1146245 -25.6400421
43.4990239 -25.869503
42.8976693 -26.0738737
42.3126156 -26.2549625
41.7457094 -26.4148416
41.1985502 -26.5558164
40.6724586 -26.6803878
40.1684527 -26.7912124
39.6872306 -26.8910618
39.2291598 -26.9827817
38.7942692 -27.0692521
38.3822454 -27.1533481
37.9924305 -27.2378997
37.6238232 -27.3256493
37.2750847 -27.4192062
36.9445512 -27.5209987
36.6302553 -27.6332249
36.3299586 -27.7578046
36.0411947 -27.8963373
35.7613227 -28.0500678
35.4875872 -28.2198643
35.2171826 -28.4062109
34.9473159 -28.6092142
34.6752645 -28.8286245
34.3984237 -29.0638674
34.1143434 -29.3140834
33.8207504 -29.5781702
33.5155571 -29.8548228
33.1968609 -30.1425675
32.8629347 -30.4397857
32.5122159 -30.7447256
32.1432992 -31.0555031
31.7549372 -31.3700924
31.3460554 -31.686313
30.9157815 -32.0018195
30.4634896 -32.3141005
29.9888537 -32.6204956
29.4919043 -32.9182345
28.9730765 -33.2044994
28.4332423 -33.4765087
27.8737155 -33.7316153
27.2962262 -33.9674081
26.7028632 -34.1818058
26.0959882 -34.3731312
25.4781308 -34.5401559
24.8518752 -34.682112
24.2197514 -34.7986681
23.5841421 -34.8898756
22.9472149 -34.9560922
22.310884 -34.9978941
21.6768037 -35.0159869
21.0463882 -35.011127
20.4208545 -34.9840605
19.8012764 -34.9354859
19.1886427 -34.8660404
18.583909 -34.7763093
17.9880373 -34.6668527
17.4020176 -34.5382422
16.8268719 -34.3911012
16.2636406 -34.22614
15.7133565 -34.0441826
15.1770107 -33.846179
14.6555171 -33.6332054
14.1496789 -33.4064513
13.6601622 -33.1671972
13.1874784 -32.9167858
12.7319752 -32.6565908
12.2938367 -32.3879862
11.8730916 -32.112318
11.4696255 -31.8308805
11.0831983 -31.5448974
10.7134627 -31.2555084
10.3599839 -30.9637608
10.0222582 -30.6706048
9.69973038 -30.3768927
9.39180973 -30.0833815
9.09788321 -29.7907362
8.81732721 -29.4995361
8.54951692 -29.2102804
8.29383403 -28.9233956
8.04967263 -28.639242
7.81644379 -28.3581208
7.59357878 -28.0802808
7.38053144 -27.8059237
7.17677955 -27.5352108
6.98182568 -27.2682674
6.79519742 -27.0051878
6.61644721 -26.7460394
6.44515191 -26.4908664
6.28091211 -26.2396933
6.12335129 -25.9925275
5.97211483 -25.7493621
5.82686904 -25.5101779
5.68730004 -25.2749457
5.55311276 -25.0436275
5.42402984 -24.8161787
5.29979057 -24.5925484
5.18014996 -24.3726813
5.0648777 -24.1565185
4.95375727 -23.9439979
4.84658507 -23.7350552
4.74316958 -23.5296248
4.64333057 -23.3276395
4.54689839 -23.1290319
4.45371326 -22.9337338
4.36362465 -22.7416774
4.27649064 -22.5527949
4.19217741 -22.3670191
4.11055865 -22.1842835
4.03151513 -22.0045221
3.95493422 -21.8276703
3.88070947 -21.6536641
3.80874021 -21.4824409
3.73893119 -21.3139391
3.67119222 -21.1480984
3.6054379 -20.9848597
3.54158726 -20.8241652
3.47956353 -20.6659585
3.41929388 -20.5101842
3.36070916 -20.3567886
3.30374368 -20.205719
3.24833502 -20.0569242
3.19442384 -19.9103539
3.14195367 -19.7659596
3.09087076 -19.6236936
3.04112394 -19.4835096
2.99266444 -19.3453625
2.94544577 -19.2092083
2.89942358 -19.0750042
2.85455558 -18.9427085
2.81080137 -18.8122806
2.76812238 -18.6836809
2.72648174 -18.556871
2.68584422 -18.4318133
2.6461761 -18.3084714
2.60744514 -18.1868097
2.56962048 -18.0667936
2.53267254 -17.9483895
2.496573 -17.8315644
2.46129472 -17.7162864
2.42681166 -17.6025244
2.39309886 -17.4902481
2.36013236 -17.3794279
2.32788916 -17.2700351
2.29634716 -17.1620415
2.26548516 -17.0554199
2.23528275 -16.9501438
2.20572033 -16.846187
2.17677904 -16.7435243
2.14844074 -16.6421311
2.12068797 -16.5419834
2.09350393 -16.4430576
2.06687243 -16.345331
2.04077788 -16.2487812
2.01520523 -16.1533865
1.99014003 -16.0591257
1.96556828 -15.9659782
1.94147652 -15.8739236
1.91785176 -15.7829424
1.89468143 -15.6930152
1.87195344 -15.6041234
1.84965608 -15.5162485
1.82777805 -15.4293727
1.80630844 -15.3434785
1.78523669 -15.2585488
1.7645526 -15.174567
1.74424631 -15.0915168
1.72430828 -15.0093823
1.70472927 -14.9281479
1.68550035 -14.8477985
1.66661286 -14.7683191
1.64805844 -14.6896953
1.62982898 -14.6119129
1.61191662 -14.5349581
1.59431374 -14.4588171
1.57701298 -14.3834768
1.56000717 -14.3089243
1.54328938 -14.2351467
1.5268529 -14.1621317
1.51069119 -14.0898672
1.49479793 -14.0183412
1.47916698 -13.9475421
1.46379237 -13.8774585
1.44866832 -13.8080793
1.43378921 -13.7393935
1.41914958 -13.6713905
1.40474412 -13.6040598
1.39056769 -13.5373911
1.37661529 -13.4713745
1.36288204 -13.4059999
1.34936321 -13.341258
1.33605421 -13.2771391
1.32295056 -13.213634
1.31004791 -13.1507338
1.29734203 -13.0884294
1.2848288 -13.0267122
1.27250421 -12.9655737
1.26036437 -12.9050054
1.24840547 -12.8449992
1.23662381 -12.785547
1.2250158 -12.726641
1.21357793 -12.6682734
1.20230677 -12.6104366
1.19119901 -12.5531231
1.18025139 -12.4963257
1.16946076 -12.4400371
1.15882404 -12.3842505
1.14833821 -12.3289587
1.13800035 -12.2741552
1.12780761 -12.2198331
1.11775719 -12.1659861
1.10784638 -12.1126076
1.09807253 -12.0596915
1.08843305 -12.0072314
1.07892542 -11.9552214
1.06954717 -11.9036556
1.06029589 -11.8525279
1.05116925 -11.8018328
1.04216493 -11.7515645
1.03328072 -11.7017175
1.02451441 -11.6522864
1.01586388 -11.6032658
1.00732704 -11.5546505
0.998901849 -11.5064352
0.990586314 -11.4586149
0.982378489 -11.4111847
0.974276474 -11.3641395
0.966278407 -11.3174746
0.958382472 -11.2711853
0.95058689 -11.2252668
0.942889925 -11.1797146
0.935289876 -11.1345242
0.927785081 -11.0896911
0.920373914 -11.045211
0.913054785 -11.0010796
0.905826138 -10.9572927
0.898686449 -10.9138461
0.891634229 -10.8707358
0.88466802 -10.8279577
0.877786395 -10.7855079
0.870987956 -10.7433824
0.864271335 -10.7015775
0.857635195 -10.6600895
0.851078222 -10.6189145
0.844599134 -10.5780489
0.838196673 -10.5374893
0.831869607 -10.4972319
0.825616729 -10.4572734
0.819436858 -10.4176103
0.813328836 -10.3782393
0.807291528 -10.339157
0.801323822 -10.3003602
0.795424629 -10.2618456
0.78959288 -10.2236101
0.783827529 -10.1856505
0.77812755 -10.1479639
0.772491936 -10.110547
0.766919702 -10.0733971
0.76140988 -10.036511
0.755961523 -9.99988603
0.750573698 -9.9635192
0.745245496 -9.92740775
0.739976021 -9.8915489
0.734764394 -9.85593991
0.729609756 -9.82057811
0.724511262 -9.78546084
0.719468082 -9.75058549
0.714479404 -9.71594949
0.709544428 -9.68155029
0.704662373 -9.64738541
0.699832469 -9.61345236
0.695053961 -9.57974873
0.690326108 -9.54627211
0.685648184 -9.51302014
0.681019475 -9.4799905
0.676439279 -9.44718088
0.671906908 -9.41458903
0.667421686 -9.3822127
0.662982949 -9.3500497
0.658590045 -9.31809785
0.654242334 -9.286355
0.649939186 -9.25481906
0.645679984 -9.22348792
0.641464121 -9.19235954
0.637290999 -9.16143189
0.633160034 -9.13070297
0.629070648 -9.10017079
0.625022277 -9.06983342
0.621014363 -9.03968892
0.617046361 -9.00973541
0.613117733 -8.97997102
0.60922795 -8.95039389
0.605376495 -8.9210022
0.601562855 -8.89179416
0.597786531 -8.86276799
0.594047028 -8.83392193
0.590343861 -8.80525426
0.586676554 -8.77676328
0.583044637 -8.74844729
0.579447649 -8.72030463
0.575885136 -8.69233366
0.572356652 -8.66453275
0.568861759 -8.63690032
0.565400025 -8.60943477
0.561971024 -8.58213455
0.558574339 -8.55499812
0.555209559 -8.52802395
0.551876279 -8.50121054
0.548574102 -8.47455641
0.545302636 -8.44806009
0.542061495 -8.42172013
0.538850301 -8.39553511
0.535668679 -8.36950362
0.532516263 -8.34362425
0.529392691 -8.31789563
0.526297607 -8.2923164
0.52323066 -8.26688521
0.520191506 -8.24160075
0.517179805 -8.21646168
0.514195223 -8.19146673
0.51123743 -8.1666146
0.508306103 -8.14190404
0.505400921 -8.11733379
0.502521572 -8.09290261
0.499667744 -8.06860929
0.496839134 -8.04445261
0.494035441 -8.02043139
0.491256369 -7.99654445
0.488501627 -7.97279062
0.485770928 -7.94916875
0.48306399 -7.92567771
0.480380533 -7.90231636
0.477720284 -7.8790836
0.475082971 -7.85597833
0.47246833 -7.83299946
0.469876097 -7.81014592
0.467306014 -7.78741665
0.464757825 -7.76481059
0.462231281 -7.74232671
0.459726132 -7.71996399
0.457242136 -7.6977214
0.454779052 -7.67559795
0.452336643 -7.65359265
0.449914676 -7.63170451
0.447512919 -7.60993256
0.445131147 -7.58827585
0.442769135 -7.56673343
0.440426663 -7.54530435
0.438103513 -7.5239877
0.435799472 -7.50278255
0.433514327 -7.48168799
0.431247869 -7.46070314
0.428999895 -7.4398271
0.4267702 -7.41905899
0.424558585 -7.39839795
0.422364853 -7.37784311
0.420188808 -7.35739363
0.418030261 -7.33704866
0.41588902 -7.31680738
0.413764901 -7.29666896
0.411657718 -7.27663259
0.40956729 -7.25669746
0.407493438 -7.23686277
0.405435986 -7.21712774
0.403394759 -7.19749158
0.401369585 -7.17795353
0.399360294 -7.15851281
0.397366719 -7.13916868
0.395388696 -7.11992038
0.39342606 -7.10076718
0.391478651 -7.08170834
0.38954631 -7.06274314
0.387628882 -7.04387086
0.38572621 -7.02509079
0.383838143 -7.00640222
0.381964529 -6.98780446
0.380105221 -6.96929682
0.378260072 -6.95087863
0.376428937 -6.93254919
0.374611672 -6.91430786
0.372808137 -6.89615396
0.371018193 -6.87808684
0.369241702 -6.86010585
0.367478528 -6.84221035
0.365728538 -6.82439971
0.363991598 -6.8066733
0.362267579 -6.78903049
0.360556351 -6.77147067
0.358857787 -6.75399323
0.357171761 -6.73659756
0.355498149 -6.71928306
0.353836828 -6.70204915
0.352187677 -6.68489523
0.350550577 -6.66782073
0.348925409 -6.65082506
0.347312057 -6.63390767
0.345710405 -6.61706798
0.344120339 -6.60030543
0.342541748 -6.58361948
0.34097452 -6.56700957
0.339418545 -6.55047517
0.337873715 -6.53401572
0.336339923 -6.51763071
0.334817063 -6.5013196
0.333305031 -6.48508188
0.331803723 -6.46891701
0.330313037 -6.4528245
0.328832874 -6.43680383
0.327363132 -6.4208545
0.325903713 -6.40497601
0.324454522 -6.38916787
0.32301546 -6.37342959
0.321586434 -6.35776068
0.32016735 -6.34216066
0.318758114 -6.32662906
0.317358636 -6.31116541
0.315968824 -6.29576925
0.31458859 -6.28044009
0.313217845 -6.2651775
0.311856501 -6.24998101
0.310504472 -6.23485018
0.309161672 -6.21978456
0.307828018 -6.2047837
0.306503426 -6.18984717
0.305187812 -6.17497454
0.303881097 -6.16016537
0.302583198 -6.14541924
0.301294037 -6.13073573
0.300013535 -6.11611442
0.298741613 -6.10155489
0.297478195 -6.08705674
0.296223204 -6.07261955
0.294976566 -6.05824292
0.293738206 -6.04392645
0.29250805 -6.02966975
0.291286025 -6.01547241
0.29007206 -6.00133406
0.288866083 -5.98725431
0.287668024 -5.97323276
0.286477813 -5.95926905
0.285295382 -5.9453628
0.284120662 -5.93151362
0.282953586 -5.91772117
0.281794088 -5.90398505
0.280642102 -5.89030493
0.279497562 -5.87668042
0.278360404 -5.86311118
0.277230565 -5.84959686
0.276107981 -5.83613709
0.27499259 -5.82273154
0.273884331 -5.80937986
0.272783141 -5.7960817
0.271688962 -5.78283672
0.270601734 -5.7696446
0.269521396 -5.75650499
0.268447891 -5.74341757
0.267381162 -5.73038201
0.26632115 -5.71739797
0.265267799 -5.70446515
0.264221054 -5.69158322
0.263180858 -5.67875186
0.262147157 -5.66597076
0.261119898 -5.65323961
0.260099025 -5.64055809
0.259084486 -5.6279259
0.258076229 -5.61534274
0.257074201 -5.60280831
0.256078352 -5.5903223
0.255088629 -5.57788441
0.254104983 -5.56549437
0.253127364 -5.55315186
0.252155723 -5.54085661
0.251190009 -5.52860832
0.250230177 -5.51640671
0.249276176 -5.5042515
0.248327961 -5.49214241
0.247385484 -5.48007916
0.246448698 -5.46806148
0.245517558 -5.45608908
0.244592019 -5.4441617
0.243672035 -5.43227907
0.242757562 -5.42044093
0.241848555 -5.408647
0.240944972 -5.39689703
0.240046768 -5.38519075
0.239153901 -5.37352791
0.238266329 -5.36190824
0.237384009 -5.3503315
0.236506901 -5.33879743
0.235634963 -5.32730579
0.234768154 -5.31585631
0.233906434 -5.30444876
0.233049763 -5.29308289
0.232198102 -5.28175846
0.231351412 -5.27047523
0.230509653 -5.25923295
0.229672788 -5.2480314
0.228840778 -5.23687033
0.228013586 -5.22574951
0.227191175 -5.21466871
0.226373507 -5.2036277
0.225560546 -5.19262625
0.224752257 -5.18166413
0.223948603 -5.17074113
0.223149548 -5.15985701
0.222355058 -5.14901156
0.221565098 -5.13820455
0.220779634 -5.12743577
0.21999863 -5.116705
0.219222054 -5.10601203
0.218449871 -5.09535664
0.21768205 -5.08473863
0.216918556 -5.07415777
0.216159357 -5.06361387
0.215404422 -5.05310671
0.214653718 -5.04263609
0.213907213 -5.03220182
0.213164876 -5.02180367
0.212426677 -5.01144146
0.211692584 -5.00111499
0.210962566 -4.99082405
0.210236595 -4.98056846
0.209514639 -4.97034801
0.20879667 -4.96016251
0.208082657 -4.95001177
0.207372573 -4.9398956
0.206666387 -4.92981382
0.205964071 -4.91976622
0.205265598 -4.90975263
0.204570939 -4.89977286
0.203880066 -4.88982673
0.203192952 -4.87991406
0.20250957 -4.87003466
0.201829892 -4.86018835
0.201153892 -4.85037495
0.200481544 -4.8405943
0.19981282 -4.8308462
0.199147695 -4.8211305
0.198486144 -4.811447
0.19782814 -4.80179555
0.197173658 -4.79217597
0.196522674 -4.78258809
0.195875161 -4.77303174
0.195231097 -4.76350675
0.194590455 -4.75401297
0.193953212 -4.74455021
0.193319344 -4.73511833
0.192688827 -4.72571715
0.192061637 -4.71634652
0.191437752 -4.70700627
0.190817147 -4.69769624
0.190199801 -4.68841629
0.189585689 -4.67916624
0.18897479 -4.66994595
0.188367081 -4.66075525
0.18776254 -4.651594
0.187161146 -4.64246204
0.186562875 -4.63335922
0.185967707 -4.62428539
0.18537562 -4.6152404
0.184786593 -4.6062241
0.184200606 -4.59723635
0.183617636 -4.58827699
0.183037663 -4.57934588
0.182460668 -4.57044288
0.181886629 -4.56156784
0.181315526 -4.55272063
0.180747339 -4.54390109
0.18018205 -4.53510908
0.179619637 -4.52634448
0.179060081 -4.51760714
0.178503364 -4.50889691
0.177949466 -4.50021367
0.177398368 -4.49155728
0.176850051 -4.4829276
0.176304496 -4.4743245
0.175761685 -4.46574784
0.1752216 -4.4571975
0.174684223 -4.44867334
0.174149535 -4.44017523
0.173617518 -4.43170304
0.173088156 -4.42325664
0.172561429 -4.4148359
0.172037321 -4.40644071
0.171515814 -4.39807092
0.170996892 -4.38972641
0.170480537 -4.38140706
0.169966732 -4.37311275
0.169455461 -4.36484335
0.168946707 -4.35659875
0.168440454 -4.3483788
0.167936684 -4.34018341
0.167435383 -4.33201245
0.166936534 -4.32386579
0.16644012 -4.31574332
0.165946127 -4.30764492
0.165454538 -4.29957048
0.164965339 -4.29151988
0.164478513 -4.283493
0.163994045 -4.27548973
0.16351192 -4.26750996
0.163032124 -4.25955357
0.16255464 -4.25162044
0.162079455 -4.24371048
0.161606554 -4.23582356
0.161135921 -4.22795958
0.160667543 -4.22011842
0.160201406 -4.21229998
0.159737494 -4.20450415
0.159275795 -4.19673083
0.158816293 -4.18897989
0.158358975 -4.18125125
0.157903828 -4.17354479
0.157450837 -4.1658604
0.15699999 -4.15819799
0.156551272 -4.15055746
0.15610467 -4.14293868
0.155660171 -4.13534158
0.155217762 -4.12776604
0.15477743 -4.12021196
0.154339162 -4.11267924
0.153902945 -4.10516778
0.153468767 -4.09767749
0.153036614 -4.09020826
0.152606474 -4.08276
0.152178335 -4.0753326
0.151752185 -4.06792598
0.15132801 -4.06054004
0.1509058 -4.05317468
0.150485541 -4.0458298
0.150067223 -4.03850532
0.149650833 -4.03120113
0.149236359 -4.02391715
0.14882379 -4.01665327
0.148413114 -4.00940942
0.148004319 -4.0021855
0.147597395 -3.99498141
0.147192329 -3.98779707
0.146789111 -3.98063239
0.14638773 -3.97348727
0.145988173 -3.96636164
0.145590431 -3.95925539
0.145194493 -3.95216845
0.144800347 -3.94510072
0.144407983 -3.93805212
0.14401739 -3.93102256
0.143628557 -3.92401196
0.143241475 -3.91702023
0.142856132 -3.91004729
0.142472519 -3.90309305
0.142090625 -3.89615743
0.141710439 -3.88924034
0.141331952 -3.88234171
0.140955154 -3.87546145
0.140580035 -3.86859948
0.140206584 -3.86175572
0.139834793 -3.85493008
0.13946465 -3.8481225
0.139096148 -3.84133287
0.138729275 -3.83456114
0.138364022 -3.82780722
0.138000381 -3.82107103
0.137638341 -3.81435249
0.137277893 -3.80765152
0.136919028 -3.80096805
0.136561737 -3.79430201
0.136206011 -3.78765331
0.13585184 -3.78102188
0.135499216 -3.77440765
0.13514813 -3.76781053
0.134798572 -3.76123046
0.134450534 -3.75466736
0.134104008 -3.74812116
0.133758984 -3.74159178
0.133415455 -3.73507915
0.13307341 -3.72858321
0.132732843 -3.72210387
0.132393744 -3.71564107
0.132056106 -3.70919473
0.131719919 -3.70276478
0.131385176 -3.69635116
0.131051868 -3.6899538
0.130719988 -3.68357262
0.130389527 -3.67720755
0.130060477 -3.67085853
0.12973283 -3.66452549
0.129406579 -3.65820836
0.129081715 -3.65190707
0.128758231 -3.64562156
0.12843612 -3.63935176
0.128115372 -3.6330976
0.127795981 -3.62685901
0.127477939 -3.62063594
0.127161239 -3.61442831
0.126845874 -3.60823606
0.126531834 -3.60205913
0.126219115 -3.59589745
0.125907707 -3.58975096
0.125597604 -3.58361959
0.125288799 -3.57750328
0.124981284 -3.57140197
0.124675053 -3.5653156
0.124370097 -3.5592441
0.124066411 -3.55318741
0.123763988 -3.54714547
0.12346282 -3.54111822
0.1231629 -3.5351056
0.122864222 -3.52910755
0.122566779 -3.523124
0.122270564 -3.5171549
0.121975571 -3.51120019
0.121681793 -3.50525981
0.121389223 -3.4993337
0.121097854 -3.4934218
0.120807681 -3.48752405
0.120518697 -3.4816404
0.120230895 -3.47577079
0.11994427 -3.46991516
0.119658814 -3.46407345
0.119374521 -3.45824561
0.119091385 -3.45243158
0.118809401 -3.4466313
0.118528561 -3.44084473
0.118248861 -3.43507179
0.117970292 -3.42931245
0.117692851 -3.42356664
0.11741653 -3.4178343
0.117141323 -3.41211539
0.116867226 -3.40640985
0.116594231 -3.40071763
0.116322333 -3.39503868
0.116051527 -3.38937293
0.115781806 -3.38372034
0.115513165 -3.37808085
0.115245598 -3.37245442
0.114979099 -3.36684098
0.114713664 -3.3612405
0.114449285 -3.35565291
0.114185959 -3.35007816
0.113923678 -3.34451622
0.113662439 -3.33896701
0.113402234 -3.3334305
0.11314306 -3.32790664
0.112884911 -3.32239536
0.11262778 -3.31689663
0.112371664 -3.3114104
0.112116557 -3.30593661
0.111862453 -3.30047521
0.111609347 -3.29502617
0.111357235 -3.28958942
0.111106111 -3.28416493
0.11085597 -3.27875263
0.110606807 -3.2733525
0.110358617 -3.26796447
0.110111395 -3.2625885
0.109865136 -3.25722455
0.109619835 -3.25187256
0.109375487 -3.2465325
0.109132088 -3.24120431
0.108889633 -3.23588795
0.108648116 -3.23058337
0.108407533 -3.22529053
0.108167879 -3.22000938
0.107929151 -3.21473988
0.107691342 -3.20948198
0.107454448 -3.20423564
0.107218465 -3.19900081
0.106983388 -3.19377745
0.106749212 -3.18856552
0.106515934 -3.18336497
0.106283548 -3.17817576
0.10605205 -3.17299784
0.105821436 -3.16783117
0.105591701 -3.16267571
0.10536284 -3.15753142
0.10513485 -3.15239825
0.104907727 -3.14727617
0.104681465 -3.14216512
0.10445606 -3.13706507
0.104231509 -3.13197598
0.104007807 -3.1268978
0.10378495 -3.1218305
0.103562933 -3.11677403
0.103341753 -3.11172835
0.103121406 -3.10669342
0.102901887 -3.10166921
0.102683192 -3.09665566
0.102465317 -3.09165275
0.102248258 -3.08666042
0.102032012 -3.08167865
0.101816574 -3.07670739
0.10160194 -3.0717466
0.101388107 -3.06679625
0.10117507 -3.06185629
0.100962826 -3.05692669
0.100751371 -3.05200741
0.1005407 -3.0470984
0.100330811 -3.04219964
0.100121699 -3.03731108
0.0999133608 -3.03243269
0.0997057923 -3.02756443
0.0994989901 -3.02270625
0.0992929504 -3.01785813
0.0990876695 -3.01302003
0.0988831438 -3.00819191
0.0986793697 -3.00337373
0.0984763435 -2.99856546
0.0982740617 -2.99376706
0.0980725208 -2.9889785
0.0978717172 -2.98419973
0.0976716474 -2.97943073
0.0974723079 -2.97467145
0.0972736952 -2.96992187
0.097075806 -2.96518194
0.0968786367 -2.96045163
0.0966821839 -2.95573091
0.0964864443 -2.95101975
0.0962914145 -2.9463181
0.0960970912 -2.94162593
0.095903471 -2.93694321
0.0957105506 -2.93226991
0.0955183267 -2.92760598
0.0953267961 -2.92295141
0.0951359555 -2.91830614
0.0949458017 -2.91367016
0.0947563315 -2.90904342
0.0945675417 -2.9044259
0.094379429 -2.89981755
0.0941919904 -2.89521836
0.0940052228 -2.89062827
0.0938191229 -2.88604727
0.0936336877 -2.88147532
0.0934489142 -2.87691239
0.0932647992 -2.87235844
0.0930813397 -2.86781344
0.0928985328 -2.86327737
0.0927163753 -2.85875018
0.0925348642 -2.85423186
0.0923539967 -2.84972236
0.0921737698 -2.84522165
0.0919941805 -2.84072972
0.0918152258 -2.83624651
0.0916369029 -2.83177201
0.091459209 -2.82730618
0.091282141 -2.82284899
0.0911056963 -2.81840041
0.0909298718 -2.81396041
0.0907546649 -2.80952897
0.0905800727 -2.80510604
0.0904060923 -2.80069161
0.0902327211 -2.79628563
0.0900599563 -2.79188809
0.0898877951 -2.78749895
0.0897162349 -2.78311819
0.0895452728 -2.77874577
0.0893749062 -2.77438166
0.0892051324 -2.77002584
0.0890359488 -2.76567827
0.0888673526 -2.76133894
0.0886993414 -2.7570078
0.0885319124 -2.75268484
0.088365063 -2.74837002
0.0881987906 -2.74406331
0.0880330928 -2.7397647
0.0878679668 -2.73547414
0.0877034102 -2.73119161
0.0875394205 -2.72691709
0.087375995 -2.72265054
0.0872131314 -2.71839194
0.087050827 -2.71414126
0.0868890795 -2.70989848
0.0867278864 -2.70566357
0.0865672452 -2.70143649
0.0864071536 -2.69721723
0.0862476089 -2.69300576
0.086088609 -2.68880205
0.0859301513 -2.68460607
0.0857722335 -2.6804178
0.0856148532 -2.67623721
0.0854580081 -2.67206428
0.0853016958 -2.66789897
0.085145914 -2.66374127
0.0849906604 -2.65959115
0.0848359327 -2.65544858
0.0846817285 -2.65131354
0.0845280457 -2.64718599
0.0843748819 -2.64306593
0.0842222349 -2.63895331
0.0840701025 -2.63484812
0.0839184823 -2.63075033
0.0837673723 -2.62665992
0.0836167702 -2.62257686
0.0834666738 -2.61850112
0.0833170809 -2.61443269
0.0831679894 -2.61037153
0.0830193971 -2.60631762
0.0828713018 -2.60227095
0.0827237015 -2.59823148
0.082576594 -2.59419919
0.0824299772 -2.59017405
0.0822838491 -2.58615605
0.0821382074 -2.58214516
0.0819930502 -2.57814135
0.0818483753 -2.57414461
0.0817041808 -2.5701549
0.0815604646 -2.56617221
0.0814172246 -2.56219651
0.0812744588 -2.55822778
0.0811321653 -2.554266
0.080990342 -2.55031113
0.080848987 -2.54636317
0.0807080982 -2.54242209
0.0805676737 -2.53848786
0.0804277116 -2.53456046
0.0802882098 -2.53063987
0.0801491665 -2.52672607
0.0800105798 -2.52281903
0.0798724477 -2.51891874
0.0797347683 -2.51502517
0.0795975397 -2.51113829
0.0794607601 -2.5072581
0.0793244275 -2.50338456
0.0791885402 -2.49951765
0.0790530962 -2.49565735
0.0789180937 -2.49180364
0.0787835309 -2.4879565
0.0786494059 -2.48411591
0.0785157169 -2.48028185
0.0783824622 -2.47645429
0.07824964 -2.47263321
0.0781172483 -2.4688186
0.0779852856 -2.46501043
0.0778537499 -2.46120868
0.0777226396 -2.45741332
0.0775919529 -2.45362435
0.077461688 -2.44984174
0.0773318433 -2.44606547
0.077202417 -2.44229551
0.0770734073 -2.43853186
0.0769448126 -2.43477448
0.0768166313 -2.43102335
0.0766888615 -2.42727847
0.0765615016 -2.4235398
0.07643455 -2.41980733
0.076308005 -2.41608104
0.076181865 -2.4123609
0.0760561282 -2.4086469
0.0759307931 -2.40493903
0.0758058581 -2.40123725
0.0756813215 -2.39754155
END
