SIMP
NP=4096
SW=20000
TYPE=SPE
DATA
0.0569702236 -1.7586117
0.0569019362 -1.75583291
0.0568338385 -1.75305746
0.0567659298 -1.75028531
0.0566982095 -1.74751648
0.0566306771 -1.74475094
0.0565633319 -1.74198869
0.0564961734 -1.73922973
0.0564292009 -1.73647403
0.0563624138 -1.73372159
0.0562958115 -1.73097241
0.0562293935 -1.72822647
0.0561631591 -1.72548376
0.0560971077 -1.72274428
0.0560312389 -1.72000802
0.0559655519 -1.71727496
0.0559000462 -1.7145451
0.0558347213 -1.71181844
0.0557695765 -1.70909495
0.0557046113 -1.70637464
0.055639825 -1.70365749
0.0555752173 -1.7009435
0.0555107873 -1.69823265
0.0554465347 -1.69552494
0.0553824589 -1.69282036
0.0553185592 -1.6901189
0.0552548351 -1.68742055
0.0551912861 -1.68472531
0.0551279117 -1.68203316
0.0550647112 -1.6793441
0.0550016841 -1.67665811
0.0549388299 -1.6739752
0.054876148 -1.67129534
0.0548136379 -1.66861854
0.0547512991 -1.66594479
0.054689131 -1.66327407
0.0546271331 -1.66060637
0.0545653048 -1.6579417
0.0545036457 -1.65528004
0.0544421551 -1.65262138
0.0543808326 -1.64996571
0.0543196777 -1.64731303
0.0542586897 -1.64466333
0.0541978683 -1.64201661
0.0541372129 -1.63937284
0.0540767229 -1.63673203
0.0540163979 -1.63409416
0.0539562374 -1.63145923
0.0538962408 -1.62882723
0.0538364076 -1.62619816
0.0537767374 -1.62357199
0.0537172296 -1.62094874
0.0536578837 -1.61832838
0.0535986993 -1.61571091
0.0535396758 -1.61309633
0.0534808128 -1.61048462
0.0534221097 -1.60787577
0.0533635661 -1.60526979
0.0533051814 -1.60266666
0.0532469553 -1.60006637
0.0531888871 -1.59746891
0.0531309765 -1.59487429
0.053073223 -1.59228248
0.053015626 -1.58969349
0.0529581851 -1.58710731
0.0529008998 -1.58452392
0.0528437696 -1.58194332
0.0527867942 -1.5793655
0.052729973 -1.57679046
0.0526733055 -1.57421819
0.0526167913 -1.57164868
0.0525604299 -1.56908192
0.0525042208 -1.5665179
0.0524481637 -1.56395662
0.052392258 -1.56139807
0.0523365033 -1.55884225
0.0522808992 -1.55628914
0.0522254451 -1.55373874
0.0521701407 -1.55119104
0.0521149854 -1.54864604
0.052059979 -1.54610372
0.0520051208 -1.54356408
0.0519504104 -1.54102711
0.0518958475 -1.53849281
0.0518414316 -1.53596116
0.0517871622 -1.53343217
0.051733039 -1.53090581
0.0516790614 -1.5283821
0.051625229 -1.52586101
0.0515715415 -1.52334255
0.0515179984 -1.5208267
0.0514645992 -1.51831346
0.0514113436 -1.51580282
0.051358231 -1.51329477
0.0513052612 -1.51078931
0.0512524337 -1.50828643
0.051199748 -1.50578613
0.0511472038 -1.50328839
0.0510948006 -1.50079321
0.051042538 -1.49830058
0.0509904156 -1.49581049
0.050938433 -1.49332295
0.0508865898 -1.49083794
0.0508348856 -1.48835545
0.05078332 -1.48587549
0.0507318925 -1.48339803
0.0506806028 -1.48092308
0.0506294505 -1.47845063
0.0505784352 -1.47598067
0.0505275565 -1.47351319
0.0504768139 -1.47104819
0.0504262072 -1.46858567
0.0503757358 -1.4661256
0.0503253995 -1.463668
0.0502751978 -1.46121285
0.0502251303 -1.45876015
0.0501751967 -1.45630988
0.0501253965 -1.45386205
0.0500757295 -1.45141664
0.0500261951 -1.44897365
0.0499767931 -1.44653307
0.049927523 -1.4440949
0.0498783845 -1.44165913
0.0498293772 -1.43922575
0.0497805007 -1.43679477
0.0497317547 -1.43436616
0.0496831388 -1.43193992
0.0496346525 -1.42951606
0.0495862956 -1.42709455
0.0495380677 -1.42467541
0.0494899685 -1.42225861
0.0494419974 -1.41984415
0.0493941543 -1.41743203
0.0493464387 -1.41502224
0.0492988502 -1.41261478
0.0492513886 -1.41020963
0.0492040535 -1.4078068
0.0491568444 -1.40540627
0.0491097611 -1.40300804
0.0490628032 -1.4006121
0.0490159703 -1.39821846
0.0489692622 -1.39582709
0.0489226784 -1.393438
0.0488762186 -1.39105118
0.0488298825 -1.38866662
0.0487836696 -1.38628431
0.0487375798 -1.38390426
0.0486916126 -1.38152646
0.0486457677 -1.37915089
0.0486000447 -1.37677756
0.0485544434 -1.37440645
0.0485089633 -1.37203757
0.0484636042 -1.3696709
0.0484183658 -1.36730644
0.0483732476 -1.36494418
0.0483282493 -1.36258413
0.0482833707 -1.36022626
0.0482386114 -1.35787058
0.048193971 -1.35551708
0.0481494493 -1.35316576
0.0481050459 -1.3508166
0.0480607606 -1.34846961
0.0480165928 -1.34612477
0.0479725425 -1.34378209
0.0479286092 -1.34144155
0.0478847926 -1.33910315
0.0478410924 -1.33676689
0.0477975083 -1.33443275
0.04775404 -1.33210074
0.0477106871 -1.32977085
0.0476674494 -1.32744307
0.0476243265 -1.32511739
0.0475813181 -1.32279382
0.047538424 -1.32047234
0.0474956438 -1.31815295
0.0474529772 -1.31583564
0.0474104238 -1.31352041
0.0473679835 -1.31120726
0.0473256559 -1.30889617
0.0472834407 -1.30658714
0.0472413376 -1.30428017
0.0471993463 -1.30197526
0.0471574664 -1.29967238
0.0471156978 -1.29737155
0.0470740401 -1.29507275
0.047032493 -1.29277599
0.0469910562 -1.29048124
0.0469497295 -1.28818852
0.0469085125 -1.2858978
0.0468674049 -1.2836091
0.0468264065 -1.2813224
0.046785517 -1.27903769
0.0467447361 -1.27675498
0.0467040634 -1.27447426
0.0466634988 -1.27219551
0.0466230419 -1.26991874
0.0465826924 -1.26764395
0.0465424502 -1.26537111
0.0465023148 -1.26310024
0.046462286 -1.26083133
0.0464223636 -1.25856436
0.0463825472 -1.25629934
0.0463428366 -1.25403626
0.0463032315 -1.25177511
0.0462637316 -1.24951589
0.0462243367 -1.2472586
0.0461850465 -1.24500323
0.0461458607 -1.24274977
0.046106779 -1.24049822
0.0460678012 -1.23824857
0.0460289271 -1.23600082
0.0459901562 -1.23375497
0.0459514885 -1.231511
0.0459129236 -1.22926892
0.0458744612 -1.22702871
0.0458361011 -1.22479039
0.0457978431 -1.22255392
0.0457596868 -1.22031933
0.045721632 -1.21808659
0.0456836785 -1.21585571
0.0456458259 -1.21362667
0.0456080741 -1.21139948
0.0455704228 -1.20917413
0.0455328717 -1.20695061
0.0454954206 -1.20472892
0.0454580692 -1.20250906
0.0454208173 -1.20029101
0.0453836645 -1.19807479
0.0453466108 -1.19586037
0.0453096558 -1.19364775
0.0452727992 -1.19143694
0.0452360409 -1.18922792
0.0451993805 -1.18702069
0.0451628179 -1.18481525
0.0451263527 -1.18261159
0.0450899848 -1.18040971
0.0450537139 -1.17820959
0.0450175398 -1.17601125
0.0449814622 -1.17381467
0.0449454808 -1.17161984
0.0449095956 -1.16942677
0.0448738061 -1.16723545
0.0448381121 -1.16504587
0.0448025135 -1.16285803
0.0447670101 -1.16067192
0.0447316014 -1.15848754
0.0446962874 -1.15630489
0.0446610678 -1.15412396
0.0446259423 -1.15194474
0.0445909108 -1.14976724
0.044555973 -1.14759144
0.0445211287 -1.14541734
0.0444863776 -1.14324494
0.0444517195 -1.14107424
0.0444171542 -1.13890522
0.0443826815 -1.13673789
0.0443483011 -1.13457223
0.0443140128 -1.13240826
0.0442798165 -1.13024595
0.0442457117 -1.1280853
0.0442116985 -1.12592632
0.0441777765 -1.123769
0.0441439454 -1.12161333
0.0441102052 -1.11945931
0.0440765556 -1.11730693
0.0440429963 -1.11515619
0.0440095271 -1.11300708
0.0439761478 -1.11085961
0.0439428583 -1.10871376
0.0439096583 -1.10656954
0.0438765475 -1.10442693
0.0438435258 -1.10228593
0.0438105929 -1.10014654
0.0437777487 -1.09800876
0.043744993 -1.09587258
0.0437123254 -1.09373799
0.0436797459 -1.091605
0.0436472541 -1.08947359
0.04361485 -1.08734377
0.0435825333 -1.08521552
0.0435503037 -1.08308885
0.0435181612 -1.08096375
0.0434861054 -1.07884021
0.0434541361 -1.07671824
0.0434222533 -1.07459782
0.0433904566 -1.07247896
0.0433587459 -1.07036165
0.043327121 -1.06824588
0.0432955816 -1.06613165
0.0432641276 -1.06401896
0.0432327588 -1.0619078
0.043201475 -1.05979817
0.0431702759 -1.05769006
0.0431391614 -1.05558347
0.0431081313 -1.0534784
0.0430771854 -1.05137484
0.0430463235 -1.04927279
0.0430155454 -1.04717224
0.0429848509 -1.0450732
0.0429542399 -1.04297564
0.042923712 -1.04087958
0.0428932672 -1.03878501
0.0428629053 -1.03669192
0.042832626 -1.0346003
0.0428024292 -1.03251017
0.0427723147 -1.0304215
0.0427422823 -1.0283343
0.0427123318 -1.02624857
0.042682463 -1.02416429
0.0426526758 -1.02208147
0.0426229699 -1.0200001
0.0425933452 -1.01792018
0.0425638015 -1.0158417
0.0425343386 -1.01376466
0.0425049564 -1.01168906
0.0424756546 -1.00961488
0.042446433 -1.00754214
0.0424172916 -1.00547082
0.0423882301 -1.00340091
0.0423592483 -1.00133243
0.042330346 -0.999265353
0.0423015232 -0.997199687
0.0422727795 -0.995135425
0.0422441149 -0.993072564
0.0422155291 -0.991011099
0.042187022 -0.988951027
0.0421585935 -0.986892343
0.0421302432 -0.984835045
0.0421019711 -0.982779128
0.042073777 -0.980724588
0.0420456608 -0.978671422
0.0420176221 -0.976619626
0.041989661 -0.974569196
0.0419617771 -0.972520128
0.0419339705 -0.970472418
0.0419062407 -0.968426063
0.0418785878 -0.966381059
0.0418510116 -0.964337403
0.0418235118 -0.96229509
0.0417960883 -0.960254116
0.0417687409 -0.958214479
0.0417414696 -0.956176174
0.0417142741 -0.954139198
0.0416871542 -0.952103547
0.0416601098 -0.950069216
0.0416331407 -0.948036204
0.0416062468 -0.946004505
0.041579428 -0.943974117
0.0415526839 -0.941945035
0.0415260146 -0.939917257
0.0414994198 -0.937890777
0.0414728994 -0.935865593
0.0414464531 -0.933841702
0.041420081 -0.931819098
0.0413937827 -0.92979778
0.0413675582 -0.927777743
0.0413414073 -0.925758983
0.0413153298 -0.923741497
0.0412893256 -0.921725282
0.0412633946 -0.919710334
0.0412375365 -0.917696649
0.0412117512 -0.915684224
0.0411860386 -0.913673056
0.0411603985 -0.91166314
0.0411348308 -0.909654473
0.0411093353 -0.907647051
0.0410839119 -0.905640872
0.0410585604 -0.903635932
0.0410332807 -0.901632226
0.0410080726 -0.899629752
0.040982936 -0.897628506
0.0409578707 -0.895628485
0.0409328766 -0.893629685
0.0409079536 -0.891632103
0.0408831014 -0.889635735
0.04085832 -0.887640578
0.0408336092 -0.885646628
0.0408089689 -0.883653882
0.0407843988 -0.881662336
0.040759899 -0.879671987
0.0407354691 -0.877682832
0.0407111092 -0.875694868
0.040686819 -0.873708089
0.0406625985 -0.871722495
0.0406384474 -0.86973808
0.0406143656 -0.867754842
0.040590353 -0.865772777
0.0405664095 -0.863791882
0.0405425349 -0.861812154
0.0405187291 -0.859833589
0.0404949919 -0.857856183
0.0404713232 -0.855879934
0.0404477229 -0.853904838
0.0404241909 -0.851930892
0.0404007269 -0.849958092
0.0403773309 -0.847986435
0.0403540027 -0.846015918
0.0403307422 -0.844046538
0.0403075493 -0.842078291
0.0402844239 -0.840111174
0.0402613657 -0.838145183
0.0402383747 -0.836180316
0.0402154507 -0.834216569
0.0401925937 -0.832253938
0.0401698034 -0.830292422
0.0401470797 -0.828332015
0.0401244226 -0.826372716
0.0401018319 -0.82441452
0.0400793075 -0.822457425
0.0400568491 -0.820501427
0.0400344568 -0.818546524
0.0400121304 -0.816592711
0.0399898697 -0.814639986
0.0399676747 -0.812688345
0.0399455452 -0.810737786
0.039923481 -0.808788305
0.0399014821 -0.806839899
0.0398795484 -0.804892564
0.0398576796 -0.802946298
0.0398358758 -0.801001098
0.0398141367 -0.79905696
0.0397924622 -0.79711388
0.0397708523 -0.795171857
0.0397493067 -0.793230886
0.0397278255 -0.791290966
0.0397064084 -0.789352091
0.0396850553 -0.78741426
0.0396637662 -0.785477469
0.0396425409 -0.783541716
0.0396213792 -0.781606996
0.0396002812 -0.779673307
0.0395792465 -0.777740647
0.0395582752 -0.77580901
0.0395373672 -0.773878396
0.0395165222 -0.7719488
0.0394957402 -0.77002022
0.0394750211 -0.768092652
0.0394543647 -0.766166093
0.0394337709 -0.764240541
0.0394132397 -0.762315992
0.0393927709 -0.760392443
0.0393723644 -0.758469891
0.0393520201 -0.756548334
0.0393317379 -0.754627767
0.0393115176 -0.752708189
0.0392913592 -0.750789595
0.0392712625 -0.748871984
0.0392512274 -0.746955352
0.0392312539 -0.745039695
0.0392113418 -0.743125012
0.0391914909 -0.741211299
0.0391717013 -0.739298553
0.0391519728 -0.737386771
0.0391323052 -0.73547595
0.0391126985 -0.733566087
0.0390931525 -0.731657179
0.0390736672 -0.729749223
0.0390542425 -0.727842217
0.0390348782 -0.725936157
0.0390155742 -0.72403104
0.0389963305 -0.722126864
0.0389771469 -0.720223625
0.0389580233 -0.71832132
0.0389389596 -0.716419948
0.0389199558 -0.714519503
0.0389010116 -0.712619985
0.0388821271 -0.71072139
0.0388633021 -0.708823714
0.0388445364 -0.706926956
0.0388258301 -0.705031111
0.038807183 -0.703136178
0.038788595 -0.701242153
0.0387700659 -0.699349034
0.0387515958 -0.697456817
0.0387331845 -0.695565501
0.0387148319 -0.693675081
0.0386965378 -0.691785555
0.0386783023 -0.68989692
0.0386601252 -0.688009173
0.0386420064 -0.686122312
0.0386239458 -0.684236334
0.0386059434 -0.682351235
0.0385879989 -0.680467013
0.0385701124 -0.678583666
0.0385522836 -0.67670119
0.0385345127 -0.674819582
0.0385167993 -0.67293884
0.0384991435 -0.67105896
0.0384815451 -0.669179941
0.0384640041 -0.667301779
0.0384465204 -0.665424472
0.0384290938 -0.663548016
0.0384117243 -0.661672409
0.0383944117 -0.659797648
0.0383771561 -0.657923731
0.0383599572 -0.656050654
0.0383428151 -0.654178415
0.0383257295 -0.65230701
0.0383087005 -0.650436438
0.0382917279 -0.648566696
0.0382748117 -0.64669778
0.0382579517 -0.644829689
0.0382411478 -0.642962418
0.0382244001 -0.641095966
0.0382077083 -0.63923033
0.0381910725 -0.637365507
0.0381744924 -0.635501495
0.038157968 -0.63363829
0.0381414993 -0.631775889
0.0381250862 -0.629914291
0.0381087285 -0.628053493
0.0380924262 -0.626193491
0.0380761791 -0.624334284
0.0380599873 -0.622475867
0.0380438506 -0.62061824
0.0380277689 -0.618761398
0.0380117422 -0.61690534
0.0379957703 -0.615050062
0.0379798532 -0.613195563
0.0379639909 -0.611341838
0.0379481831 -0.609488887
0.0379324299 -0.607636705
0.0379167311 -0.60578529
0.0379010867 -0.603934641
0.0378854965 -0.602084753
0.0378699606 -0.600235624
0.0378544788 -0.598387253
0.0378390511 -0.596539635
0.0378236773 -0.594692769
0.0378083574 -0.592846651
0.0377930913 -0.59100128
0.0377778789 -0.589156653
0.0377627202 -0.587312766
0.037747615 -0.585469618
0.0377325633 -0.583627205
0.037717565 -0.581785525
0.0377026201 -0.579944576
0.0376877284 -0.578104355
0.0376728899 -0.57626486
0.0376581045 -0.574426086
0.0376433721 -0.572588033
0.0376286926 -0.570750698
0.0376140661 -0.568914078
0.0375994923 -0.56707817
0.0375849713 -0.565242971
0.0375705029 -0.56340848
0.037556087 -0.561574694
0.0375417237 -0.55974161
0.0375274128 -0.557909225
0.0375131542 -0.556077537
0.0374989479 -0.554246544
0.0374847938 -0.552416243
0.0374706919 -0.550586631
0.037456642 -0.548757705
0.0374426441 -0.546929464
0.0374286981 -0.545101905
0.0374148039 -0.543275025
0.0374009615 -0.541448822
0.0373871708 -0.539623293
0.0373734318 -0.537798435
0.0373597443 -0.535974247
0.0373461082 -0.534150725
0.0373325237 -0.532327867
0.0373189904 -0.530505671
0.0373055085 -0.528684134
0.0372920777 -0.526863253
0.0372786981 -0.525043027
0.0372653696 -0.523223452
0.0372520921 -0.521404527
0.0372388655 -0.519586247
0.0372256898 -0.517768612
0.0372125649 -0.515951619
0.0371994907 -0.514135265
0.0371864672 -0.512319547
0.0371734943 -0.510504464
0.037160572 -0.508690013
0.0371477001 -0.506876191
0.0371348786 -0.505062995
0.0371221075 -0.503250424
0.0371093867 -0.501438475
0.037096716 -0.499627146
0.0370840955 -0.497816433
0.0370715252 -0.496006335
0.0370590048 -0.494196849
0.0370465344 -0.492387973
0.0370341139 -0.490579704
0.0370217432 -0.48877204
0.0370094223 -0.486964978
0.0369971511 -0.485158517
0.0369849296 -0.483352652
0.0369727576 -0.481547383
0.0369606352 -0.479742707
0.0369485622 -0.477938621
0.0369365386 -0.476135123
0.0369245644 -0.47433221
0.0369126395 -0.472529881
0.0369007638 -0.470728132
0.0368889372 -0.468926961
0.0368771598 -0.467126366
0.0368654314 -0.465326345
0.0368537519 -0.463526894
0.0368421214 -0.461728013
0.0368305398 -0.459929697
0.036819007 -0.458131946
0.0368075229 -0.456334756
0.0367960876 -0.454538126
0.0367847009 -0.452742052
0.0367733627 -0.450946532
0.0367620731 -0.449151565
0.0367508319 -0.447357147
0.0367396392 -0.445563277
0.0367284948 -0.443769951
0.0367173987 -0.441977168
0.0367063509 -0.440184926
0.0366953513 -0.438393221
0.0366843997 -0.436602052
0.0366734963 -0.434811416
0.0366626409 -0.433021311
0.0366518335 -0.431231734
0.036641074 -0.429442684
0.0366303623 -0.427654157
0.0366196985 -0.425866152
0.0366090824 -0.424078666
0.0365985141 -0.422291697
0.0365879933 -0.420505243
0.0365775202 -0.4187193
0.0365670947 -0.416933868
0.0365567166 -0.415148943
0.036546386 -0.413364523
0.0365361028 -0.411580606
0.0365258669 -0.40979719
0.0365156783 -0.408014272
0.036505537 -0.40623185
0.0364954429 -0.404449922
0.0364853959 -0.402668485
0.036475396 -0.400887537
0.0364654431 -0.399107076
0.0364555372 -0.3973271
0.0364456783 -0.395547606
0.0364358663 -0.393768591
0.0364261011 -0.391990054
0.0364163828 -0.390211993
0.0364067112 -0.388434405
0.0363970863 -0.386657287
0.036387508 -0.384880638
0.0363779764 -0.383104455
0.0363684913 -0.381328737
0.0363590528 -0.379553479
0.0363496607 -0.377778682
0.036340315 -0.376004341
0.0363310158 -0.374230455
0.0363217628 -0.372457022
0.0363125562 -0.370684039
0.0363033958 -0.368911505
0.0362942816 -0.367139416
0.0362852135 -0.365367771
0.0362761916 -0.363596567
0.0362672157 -0.361825802
0.0362582858 -0.360055475
0.036249402 -0.358285581
0.036240564 -0.35651612
0.036231772 -0.35474709
0.0362230258 -0.352978487
0.0362143254 -0.351210309
0.0362056707 -0.349442556
0.0361970618 -0.347675223
0.0361884986 -0.345908309
0.036179981 -0.344141812
0.036171509 -0.34237573
0.0361630825 -0.34061006
0.0361547016 -0.3388448
0.0361463661 -0.337079947
0.0361380761 -0.335315501
0.0361298315 -0.333551458
0.0361216322 -0.331787815
0.0361134782 -0.330024572
0.0361053695 -0.328261726
0.036097306 -0.326499274
0.0360892877 -0.324737215
0.0360813146 -0.322975546
0.0360733866 -0.321214264
0.0360655037 -0.319453369
0.0360576658 -0.317692857
0.0360498729 -0.315932726
0.0360421249 -0.314172975
0.0360344219 -0.3124136
0.0360267638 -0.3106546
0.0360191505 -0.308895973
0.0360115821 -0.307137716
0.0360040584 -0.305379828
0.0359965794 -0.303622305
0.0359891452 -0.301865147
0.0359817556 -0.30010835
0.0359744107 -0.298351912
0.0359671103 -0.296595832
0.0359598546 -0.294840107
0.0359526433 -0.293084734
0.0359454765 -0.291329713
0.0359383542 -0.28957504
0.0359312764 -0.287820714
0.0359242429 -0.286066732
0.0359172537 -0.284313092
0.0359103089 -0.282559792
0.0359034084 -0.28080683
0.0358965521 -0.279054204
0.0358897401 -0.277301911
0.0358829722 -0.275549949
0.0358762485 -0.273798316
0.0358695689 -0.272047011
0.0358629334 -0.27029603
0.035856342 -0.268545372
0.0358497945 -0.266795035
0.0358432911 -0.265045016
0.0358368317 -0.263295313
0.0358304162 -0.261545924
0.0358240445 -0.259796848
0.0358177168 -0.258048081
0.0358114329 -0.256299622
0.0358051928 -0.254551468
0.0357989965 -0.252803618
0.0357928439 -0.251056069
0.0357867351 -0.249308819
0.03578067 -0.247561867
0.0357746485 -0.245815209
0.0357686707 -0.244068844
0.0357627364 -0.242322769
0.0357568458 -0.240576983
0.0357509986 -0.238831484
0.0357451951 -0.237086269
0.035739435 -0.235341335
0.0357337183 -0.233596682
0.0357280451 -0.231852307
0.0357224154 -0.230108207
0.035716829 -0.228364381
0.0357112859 -0.226620827
0.0357057862 -0.224877542
0.0357003298 -0.223134525
0.0356949167 -0.221391772
0.0356895468 -0.219649283
0.0356842202 -0.217907054
0.0356789368 -0.216165085
0.0356736965 -0.214423372
0.0356684994 -0.212681914
0.0356633454 -0.210940708
0.0356582345 -0.209199753
0.0356531667 -0.207459047
0.035648142 -0.205718586
0.0356431603 -0.20397837
0.0356382215 -0.202238395
0.0356333258 -0.200498661
0.035628473 -0.198759164
0.0356236632 -0.197019903
0.0356188963 -0.195280876
0.0356141722 -0.19354208
0.0356094911 -0.191803514
0.0356048527 -0.190065175
0.0356002572 -0.188327062
0.0355957046 -0.186589171
0.0355911946 -0.184851502
0.0355867275 -0.183114052
0.0355823031 -0.181376819
0.0355779214 -0.1796398
0.0355735823 -0.177902995
0.035569286 -0.1761664
0.0355650323 -0.174430013
0.0355608213 -0.172693834
0.0355566528 -0.170957858
0.035552527 -0.169222085
0.0355484437 -0.167486512
0.035544403 -0.165751138
0.0355404048 -0.164015959
0.0355364492 -0.162280975
0.035532536 -0.160546183
0.0355286653 -0.15881158
0.0355248371 -0.157077166
0.0355210514 -0.155342937
0.035517308 -0.153608892
0.0355136071 -0.151875028
0.0355099485 -0.150141344
0.0355063323 -0.148407837
0.0355027585 -0.146674506
0.035499227 -0.144941349
0.0354957378 -0.143208362
0.035492291 -0.141475545
0.0354888864 -0.139742895
0.0354855241 -0.13801041
0.035482204 -0.136278088
0.0354789262 -0.134545927
0.0354756907 -0.132813925
0.0354724973 -0.13108208
0.0354693461 -0.129350389
0.0354662371 -0.127618852
0.0354631703 -0.125887465
0.0354601456 -0.124156227
0.0354571631 -0.122425135
0.0354542226 -0.120694187
0.0354513243 -0.118963383
0.0354484681 -0.117232718
0.035445654 -0.115502192
0.0354428819 -0.113771802
0.0354401519 -0.112041547
0.0354374639 -0.110311423
0.035434818 -0.10858143
0.035432214 -0.106851565
0.0354296521 -0.105121826
0.0354271322 -0.103392211
0.0354246542 -0.101662718
0.0354222182 -0.0999333442
0.0354198242 -0.0982040888
0.0354174721 -0.0964749491
0.035415162 -0.0947459232
0.0354128937 -0.093017009
0.0354106674 -0.0912882044
0.035408483 -0.0895595075
0.0354063405 -0.0878309161
0.0354042399 -0.0861024283
0.0354021811 -0.0843740419
0.0354001642 -0.082645755
0.0353981892 -0.0809175655
0.035396256 -0.0791894713
0.0353943646 -0.0774614704
0.035392515 -0.0757335608
0.0353907073 -0.0740057404
0.0353889414 -0.0722780073
0.0353872173 -0.0705503592
0.0353855349 -0.0688227943
0.0353838944 -0.0670953105
0.0353822956 -0.0653679057
0.0353807386 -0.0636405778
0.0353792234 -0.061913325
0.0353777499 -0.060186145
0.0353763182 -0.058459036
0.0353749282 -0.0567319957
0.0353735799 -0.0550050223
0.0353722734 -0.0532781137
0.0353710085 -0.0515512678
0.0353697854 -0.0498244826
0.035368604 -0.0480977561
0.0353674643 -0.0463710861
0.0353663664 -0.0446444708
0.0353653101 -0.0429179081
0.0353642955 -0.0411913959
0.0353633225 -0.0394649321
0.0353623913 -0.0377385148
0.0353615017 -0.036012142
0.0353606538 -0.0342858115
0.0353598476 -0.0325595214
0.035359083 -0.0308332696
0.0353583601 -0.0291070542
0.0353576788 -0.0273808729
0.0353570392 -0.0256547239
0.0353564413 -0.0239286051
0.0353558849 -0.0222025145
0.0353553703 -0.0204764499
0.0353548973 -0.0187504095
0.0353544659 -0.0170243912
0.0353540761 -0.0152983929
0.035353728 -0.0135724125
0.0353534215 -0.0118464482
0.0353531567 -0.0101204978
0.0353529335 -0.00839455928
0.0353527519 -0.00666863066
0.0353526119 -0.00494270988
0.0353525136 -0.00321679492
0.0353524569 -0.00149088373
0.0353524418 0.000235025697
0.0353524684 0.00196093541
0.0353525365 0.00368684743
0.0353526464 0.0054127638
0.0353527978 0.00713868653
0.0353529909 0.00886461768
0.0353532256 0.0105905593
0.0353535019 0.0123165133
0.0353538199 0.0140424819
0.0353541794 0.0157684669
0.0353545807 0.0174944706
0.0353550236 0.0192204948
0.0353555081 0.0209465417
0.0353560342 0.0226726132
0.035356602 0.0243987114
0.0353572115 0.0261248383
0.0353578625 0.027850996
0.0353585553 0.0295771865
0.0353592897 0.0313034118
0.0353600658 0.0330296739
0.0353608835 0.034755975
0.0353617429 0.0364823169
0.0353626439 0.0382087018
0.0353635867 0.0399351317
0.0353645711 0.0416616086
0.0353655972 0.0433881346
0.035366665 0.0451147116
0.0353677745 0.0468413418
0.0353689257 0.0485680271
0.0353701186 0.0502947696
0.0353713532 0.0520215714
0.0353726295 0.0537484344
0.0353739476 0.0554753607
0.0353753073 0.0572023523
0.0353767088 0.0589294113
0.0353781521 0.0606565397
0.0353796371 0.0623837396
0.0353811639 0.0641110129
0.0353827324 0.0658383617
0.0353843427 0.0675657881
0.0353859947 0.0692932941
0.0353876886 0.0710208818
0.0353894242 0.0727485531
0.0353912017 0.0744763101
0.035393021 0.0762041549
0.035394882 0.0779320894
0.0353967849 0.0796601158
0.0353987297 0.0813882361
0.0354007163 0.0831164523
0.0354027447 0.0848447665
0.035404815 0.0865731806
0.0354069272 0.0883016968
0.0354090813 0.0900303171
0.0354112773 0.0917590435
0.0354135151 0.0934878781
0.0354157949 0.0952168229
0.0354181166 0.09694588
0.0354204803 0.0986750514
0.0354228859 0.100404339
0.0354253334 0.102133745
0.035427823 0.103863272
0.0354303545 0.105592921
0.035432928 0.107322695
0.0354355435 0.109052595
0.035438201 0.110782624
0.0354409006 0.112512783
0.0354436422 0.114243076
0.0354464259 0.115973503
0.0354492516 0.117704067
0.0354521195 0.11943477
0.0354550294 0.121165614
0.0354579814 0.122896601
0.0354609756 0.124627733
0.0354640119 0.126359012
0.0354670904 0.12809044
0.035470211 0.12982202
0.0354733738 0.131553753
0.0354765788 0.133285641
0.0354798261 0.135017687
0.0354831155 0.136749892
0.0354864472 0.138482259
0.0354898212 0.140214789
0.0354932374 0.141947485
0.035496696 0.143680348
0.0355001968 0.145413382
0.03550374 0.147146587
0.0355073255 0.148879967
0.0355109533 0.150613522
0.0355146236 0.152347255
0.0355183362 0.154081169
0.0355220913 0.155815264
0.0355258888 0.157549544
0.0355297287 0.15928401
0.0355336111 0.161018665
0.035537536 0.16275351
0.0355415034 0.164488548
0.0355455133 0.16622378
0.0355495657 0.167959209
0.0355536607 0.169694837
0.0355577983 0.171430666
0.0355619785 0.173166697
0.0355662013 0.174902934
0.0355704668 0.176639377
0.0355747749 0.17837603
0.0355791257 0.180112894
0.0355835192 0.181849972
0.0355879554 0.183587265
0.0355924343 0.185324775
0.0355969561 0.187062505
0.0356015206 0.188800457
0.0356061279 0.190538632
0.035610778 0.192277034
0.035615471 0.194015663
0.0356202069 0.195754522
0.0356249856 0.197493614
0.0356298073 0.199232939
0.0356346719 0.200972501
0.0356395795 0.202712302
0.0356445301 0.204452343
0.0356495237 0.206192626
0.0356545603 0.207933155
0.03565964 0.20967393
0.0356647628 0.211414954
0.0356699287 0.213156229
0.0356751377 0.214897757
0.0356803899 0.21663954
0.0356856852 0.218381581
0.0356910238 0.220123881
0.0356964056 0.221866443
0.0357018307 0.223609268
0.035707299 0.225352359
0.0357128107 0.227095718
0.0357183657 0.228839347
0.035723964 0.230583249
0.0357296058 0.232327424
0.035735291 0.234071876
0.0357410196 0.235816606
0.0357467917 0.237561617
0.0357526073 0.23930691
0.0357584664 0.241052489
0.0357643691 0.242798354
0.0357703154 0.244544508
0.0357763053 0.246290954
0.0357823388 0.248037693
0.035788416 0.249784727
0.0357945369 0.251532059
0.0358007015 0.253279691
0.0358069099 0.255027625
0.0358131621 0.256775862
0.0358194581 0.258524406
0.0358257979 0.260273258
0.0358321817 0.262022421
0.0358386093 0.263771896
0.0358450809 0.265521686
0.0358515964 0.267271792
0.035858156 0.269022218
0.0358647596 0.270772965
0.0358714073 0.272524035
0.035878099 0.27427543
0.0358848349 0.276027153
0.035891615 0.277779206
0.0358984393 0.279531591
0.0359053078 0.28128431
0.0359122205 0.283037365
0.0359191776 0.284790759
0.0359261789 0.286544493
0.0359332247 0.288298569
0.0359403148 0.290052991
0.0359474494 0.29180776
0.0359546284 0.293562878
0.035961852 0.295318347
0.0359691201 0.29707417
0.0359764327 0.298830349
0.03598379 0.300586885
0.0359911919 0.302343782
0.0359986385 0.304101041
0.0360061298 0.305858664
0.0360136658 0.307616654
0.0360212466 0.309375013
0.0360288723 0.311133742
0.0360365428 0.312892845
0.0360442582 0.314652324
0.0360520186 0.316412179
0.0360598239 0.318172415
0.0360676742 0.319933033
0.0360755696 0.321694035
0.0360835101 0.323455423
0.0360914957 0.325217199
0.0360995264 0.326979367
0.0361076024 0.328741927
0.0361157236 0.330504883
0.0361238901 0.332268236
0.0361321019 0.334031988
0.0361403591 0.335796143
0.0361486617 0.337560701
0.0361570097 0.339325665
0.0361654032 0.341091039
0.0361738422 0.342856822
0.0361823268 0.344623019
0.036190857 0.346389631
0.0361994329 0.34815666
0.0362080544 0.349924108
0.0362167217 0.351691979
0.0362254347 0.353460273
0.0362341936 0.355228994
0.0362429983 0.356998143
0.036251849 0.358767723
0.0362607455 0.360537736
0.0362696881 0.362308184
0.0362786767 0.36407907
0.0362877114 0.365850395
0.0362967922 0.367622163
0.0363059191 0.369394374
0.0363150923 0.371167032
0.0363243118 0.372940139
0.0363335775 0.374713697
0.0363428896 0.376487708
0.036352248 0.378262174
0.036361653 0.380037099
0.0363711044 0.381812483
0.0363806023 0.38358833
0.0363901468 0.385364641
0.0363997379 0.387141419
0.0364093757 0.388918666
0.0364190603 0.390696385
0.0364287916 0.392474577
0.0364385697 0.394253246
0.0364483947 0.396032392
0.0364582665 0.397812019
0.0364681854 0.399592129
0.0364781512 0.401372724
0.0364881642 0.403153807
0.0364982242 0.404935379
0.0365083314 0.406717443
0.0365184858 0.408500002
0.0365286874 0.410283057
0.0365389364 0.412066611
0.0365492327 0.413850667
0.0365595764 0.415635226
0.0365699676 0.417420291
0.0365804063 0.419205864
0.0365908926 0.420991947
0.0366014264 0.422778544
0.036612008 0.424565655
0.0366226373 0.426353284
0.0366333143 0.428141433
0.0366440392 0.429930104
0.0366548119 0.431719299
0.0366656326 0.433509022
0.0366765013 0.435299273
0.036687418 0.437090056
0.0366983828 0.438881373
0.0367093958 0.440673226
0.036720457 0.442465617
0.0367315664 0.444258549
0.0367427242 0.446052025
0.0367539303 0.447846046
0.0367651848 0.449640616
0.0367764879 0.451435735
0.0367878394 0.453231407
0.0367992396 0.455027635
0.0368106884 0.45682442
0.036822186 0.458621764
0.0368337323 0.460419671
0.0368453274 0.462218142
0.0368569714 0.464017181
0.0368686644 0.465816788
0.0368804064 0.467616968
0.0368921974 0.469417721
0.0369040376 0.471219052
0.0369159269 0.473020961
0.0369278655 0.474823451
0.0369398533 0.476626525
0.0369518905 0.478430185
0.0369639772 0.480234434
0.0369761133 0.482039274
0.036988299 0.483844707
0.0370005343 0.485650736
0.0370128192 0.487457363
0.0370251539 0.489264591
0.0370375383 0.491072422
0.0370499726 0.492880858
0.0370624569 0.494689902
0.0370749911 0.496499557
0.0370875753 0.498309824
0.0371002097 0.500120707
0.0371128942 0.501932207
0.0371256289 0.503744328
0.037138414 0.505557071
0.0371512494 0.507370439
0.0371641352 0.509184435
0.0371770716 0.510999061
0.0371900584 0.512814319
0.037203096 0.514630212
0.0372161842 0.516446742
0.0372293231 0.518263912
0.0372425129 0.520081725
0.0372557536 0.521900182
0.0372690452 0.523719287
0.0372823879 0.525539042
0.0372957816 0.527359448
0.0373092266 0.52918051
0.0373227227 0.531002229
0.0373362702 0.532824607
0.037349869 0.534647648
0.0373635192 0.536471354
0.037377221 0.538295727
0.0373909744 0.54012077
0.0374047794 0.541946485
0.0374186361 0.543772875
0.0374325446 0.545599942
0.0374465049 0.547427689
0.0374605172 0.549256119
0.0374745816 0.551085234
0.0374886979 0.552915036
0.0375028665 0.554745528
0.0375170872 0.556576713
0.0375313603 0.558408593
0.0375456857 0.560241171
0.0375600636 0.562074448
0.037574494 0.563908429
0.037588977 0.565743115
0.0376035126 0.567578509
0.037618101 0.569414614
0.0376327422 0.571251432
0.0376474363 0.573088965
0.0376621834 0.574927217
0.0376769835 0.576766189
0.0376918367 0.578605885
0.0377067432 0.580446307
0.0377217029 0.582287457
0.0377367159 0.584129339
0.0377517824 0.585971955
0.0377669024 0.587815307
0.037782076 0.589659398
0.0377973033 0.591504231
0.0378125843 0.593349808
0.0378279191 0.595196132
0.0378433079 0.597043205
0.0378587506 0.598891031
0.0378742474 0.600739612
0.0378897983 0.602588949
0.0379054035 0.604439048
0.0379210629 0.606289908
0.0379367768 0.608141534
0.0379525451 0.609993929
0.037968368 0.611847094
0.0379842456 0.613701032
0.0380001778 0.615555746
0.0380161649 0.617411239
0.0380322068 0.619267514
0.0380483038 0.621124572
0.0380644558 0.622982417
0.0380806629 0.624841052
0.0380969252 0.626700479
0.0381132429 0.6285607
0.038129616 0.63042172
0.0381460445 0.632283539
0.0381625286 0.634146161
0.0381790684 0.636009589
0.038195664 0.637873826
0.0382123153 0.639738873
0.0382290226 0.641604734
0.0382457859 0.643471412
0.0382626053 0.645338909
0.0382794809 0.647207228
0.0382964127 0.649076372
0.038313401 0.650946343
0.0383304457 0.652817145
0.0383475469 0.65468878
0.0383647048 0.65656125
0.0383819194 0.658434559
0.0383991908 0.660308709
0.0384165191 0.662183704
0.0384339045 0.664059545
0.0384513469 0.665936236
0.0384688465 0.667813779
0.0384864034 0.669692178
0.0385040177 0.671571435
0.0385216895 0.673451552
0.0385394188 0.675332533
0.0385572058 0.677214381
0.0385750506 0.679097098
0.0385929532 0.680980686
0.0386109137 0.68286515
0.0386289323 0.684750492
0.0386470091 0.686636714
0.038665144 0.688523819
0.0386833373 0.690411811
0.0387015891 0.692300692
0.0387198994 0.694190465
0.0387382683 0.696081133
0.0387566959 0.697972698
0.0387751824 0.699865164
0.0387937277 0.701758533
0.0388123322 0.703652809
0.0388309957 0.705547993
0.0388497185 0.70744409
0.0388685006 0.709341102
0.0388873421 0.711239032
0.0389062432 0.713137882
0.0389252039 0.715037656
0.0389442244 0.716938357
0.0389633047 0.718839987
0.0389824449 0.720742549
0.0390016452 0.722646047
0.0390209057 0.724550483
0.0390402264 0.72645586
0.0390596075 0.728362182
0.039079049 0.73026945
0.0390985511 0.732177669
0.0391181139 0.73408684
0.0391377375 0.735996968
0.039157422 0.737908054
0.0391771676 0.739820103
0.0391969742 0.741733116
0.039216842 0.743647097
0.0392367712 0.745562049
0.0392567618 0.747477975
0.039276814 0.749394878
0.0392969278 0.751312761
0.0393171034 0.753231626
0.0393373409 0.755151477
0.0393576404 0.757072318
0.0393780019 0.75899415
0.0393984257 0.760916977
0.0394189119 0.762840802
0.0394394604 0.764765628
0.0394600716 0.766691459
0.0394807454 0.768618296
0.039501482 0.770546144
0.0395222815 0.772475005
0.039543144 0.774404882
0.0395640696 0.776335779
0.0395850585 0.778267698
0.0396061107 0.780200643
0.0396272265 0.782134617
0.0396484058 0.784069622
0.0396696489 0.786005662
0.0396909558 0.78794274
0.0397123266 0.78988086
0.0397337615 0.791820023
0.0397552606 0.793760234
0.0397768241 0.795701496
0.0397984519 0.797643811
0.0398201443 0.799587183
0.0398419014 0.801531615
0.0398637233 0.80347711
0.0398856101 0.805423671
0.039907562 0.807371301
0.039929579 0.809320005
0.0399516614 0.811269784
0.0399738091 0.813220642
0.0399960224 0.815172582
0.0400183013 0.817125608
0.0400406461 0.819079722
0.0400630567 0.821034928
0.0400855334 0.822991229
0.0401080763 0.824948628
0.0401306855 0.826907129
0.0401533611 0.828866735
0.0401761032 0.830827448
0.0401989121 0.832789272
0.0402217877 0.834752212
0.0402447304 0.836716268
0.04026774 0.838681446
0.0402908169 0.840647748
0.0403139612 0.842615178
0.0403371729 0.844583738
0.0403604522 0.846553433
0.0403837992 0.848524265
0.0404072141 0.850496237
0.040430697 0.852469354
0.0404542481 0.854443618
0.0404778674 0.856419033
0.0405015551 0.858395602
0.0405253114 0.860373328
0.0405491364 0.862352215
0.0405730301 0.864332266
0.0405969929 0.866313484
0.0406210247 0.868295874
0.0406451257 0.870279437
0.0406692962 0.872264178
0.0406935361 0.8742501
0.0407178457 0.876237206
0.0407422251 0.8782255
0.0407666744 0.880214985
0.0407911938 0.882205665
0.0408157834 0.884197542
0.0408404433 0.886190621
0.0408651738 0.888184905
0.0408899749 0.890180397
0.0409148468 0.892177101
0.0409397896 0.89417502
0.0409648035 0.896174158
0.0409898887 0.898174518
0.0410150452 0.900176103
0.0410402732 0.902178918
0.0410655729 0.904182965
0.0410909444 0.906188248
0.0411163879 0.908194771
0.0411419035 0.910202537
0.0411674913 0.912211549
0.0411931516 0.914221812
0.0412188844 0.916233328
0.04124469 0.918246102
0.0412705684 0.920260136
0.0412965198 0.922275435
0.0413225444 0.924292001
0.0413486424 0.926309839
0.0413748138 0.928328952
0.0414010588 0.930349344
0.0414273777 0.932371018
0.0414537705 0.934393978
0.0414802374 0.936418227
0.0415067785 0.938443769
0.0415333941 0.940470608
0.0415600843 0.942498748
0.0415868491 0.944528191
0.0416136889 0.946558942
0.0416406038 0.948591004
0.0416675938 0.950624381
0.0416946592 0.952659077
0.0417218002 0.954695095
0.0417490169 0.956732439
0.0417763094 0.958771112
0.041803678 0.960811119
0.0418311227 0.962852464
0.0418586438 0.964895148
0.0418862415 0.966939178
0.0419139158 0.968984556
0.041941667 0.971031285
0.0419694952 0.973079371
0.0419974005 0.975128816
0.0420253833 0.977179624
0.0420534436 0.9792318
0.0420815815 0.981285346
0.0421097974 0.983340267
0.0421380913 0.985396567
0.0421664634 0.987454248
0.0421949138 0.989513316
0.0422234429 0.991573774
0.0422520506 0.993635625
0.0422807373 0.995698874
0.042309503 0.997763525
0.042338348 0.999829581
0.0423672725 1.00189705
0.0423962765 1.00396592
0.0424253603 1.00603622
0.0424545241 1.00810793
0.0424837681 1.01018108
0.0425130923 1.01225564
0.0425424971 1.01433165
0.0425719825 1.01640908
0.0426015488 1.01848796
0.0426311962 1.02056829
0.0426609247 1.02265006
0.0426907347 1.02473328
0.0427206263 1.02681796
0.0427505997 1.0289041
0.042780655 1.03099171
0.0428107925 1.03308078
0.0428410123 1.03517133
0.0428713147 1.03726335
0.0429016998 1.03935685
0.0429321677 1.04145184
0.0429627188 1.04354831
0.0429933532 1.04564628
0.043024071 1.04774574
0.0430548725 1.04984671
0.0430857579 1.05194918
0.0431167273 1.05405315
0.0431477809 1.05615864
0.043178919 1.05826565
0.0432101418 1.06037418
0.0432414494 1.06248423
0.043272842 1.06459582
0.0433043198 1.06670894
0.0433358831 1.06882359
0.043367532 1.07093979
0.0433992667 1.07305753
0.0434310875 1.07517682
0.0434629944 1.07729767
0.0434949878 1.07942008
0.0435270679 1.08154405
0.0435592347 1.08366958
0.0435914887 1.08579669
0.0436238298 1.08792537
0.0436562584 1.09005564
0.0436887747 1.09218749
0.0437213788 1.09432092
0.0437540711 1.09645595
0.0437868516 1.09859258
0.0438197205 1.1007308
0.0438526782 1.10287064
0.0438857248 1.10501208
0.0439188606 1.10715514
0.0439520856 1.10929981
0.0439854003 1.11144611
0.0440188047 1.11359404
0.044052299 1.11574359
0.0440858836 1.11789479
0.0441195586 1.12004762
0.0441533242 1.1222021
0.0441871807 1.12435823
0.0442211282 1.12651601
0.0442551671 1.12867546
0.0442892974 1.13083656
0.0443235195 1.13299933
0.0443578335 1.13516377
0.0443922397 1.13732989
0.0444267384 1.13949769
0.0444613296 1.14166718
0.0444960137 1.14383835
0.0445307909 1.14601122
0.0445656614 1.14818579
0.0446006255 1.15036206
0.0446356833 1.15254004
0.0446708351 1.15471973
0.0447060811 1.15690114
0.0447414216 1.15908427
0.0447768568 1.16126913
0.0448123869 1.16345572
0.0448480122 1.16564404
0.0448837329 1.16783411
0.0449195492 1.17002591
0.0449554614 1.17221947
0.0449914697 1.17441478
0.0450275743 1.17661186
0.0450637755 1.17881069
0.0451000736 1.18101129
0.0451364687 1.18321367
0.0451729612 1.18541783
0.0452095512 1.18762376
0.045246239 1.18983149
0.0452830249 1.192041
0.045319909 1.19425232
0.0453568917 1.19646543
0.0453939732 1.19868035
0.0454311537 1.20089709
0.0454684335 1.20311563
0.0455058128 1.205336
0.045543292 1.2075582
0.0455808712 1.20978223
0.0456185506 1.21200809
0.0456563307 1.21423579
0.0456942115 1.21646534
0.0457321934 1.21869674
0.0457702767 1.22092999
0.0458084615 1.22316511
0.0458467481 1.22540209
0.0458851369 1.22764094
0.045923628 1.22988166
0.0459622218 1.23212426
0.0460009184 1.23436875
0.0460397182 1.23661513
0.0460786214 1.23886341
0.0461176284 1.24111359
0.0461567392 1.24336567
0.0461959543 1.24561966
0.0462352739 1.24787556
0.0462746983 1.25013339
0.0463142277 1.25239315
0.0463538624 1.25465483
0.0463936026 1.25691845
0.0464334488 1.25918401
0.0464734011 1.26145152
0.0465134598 1.26372098
0.0465536251 1.26599239
0.0465938975 1.26826577
0.0466342771 1.27054112
0.0466747642 1.27281843
0.0467153592 1.27509773
0.0467560622 1.277379
0.0467968736 1.27966227
0.0468377937 1.28194753
0.0468788228 1.28423479
0.0469199611 1.28652405
0.0469612089 1.28881532
0.0470025665 1.29110861
0.0470440343 1.29340391
0.0470856125 1.29570124
0.0471273013 1.29800061
0.0471691012 1.30030201
0.0472110123 1.30260545
0.047253035 1.30491093
0.0472951696 1.30721847
0.0473374164 1.30952807
0.0473797757 1.31183974
0.0474222478 1.31415347
0.0474648329 1.31646927
0.0475075314 1.31878716
0.0475503437 1.32110713
0.0475932699 1.32342919
0.0476363104 1.32575335
0.0476794656 1.32807961
0.0477227357 1.33040798
0.047766121 1.33273846
0.0478096219 1.33507106
0.0478532386 1.33740579
0.0478969715 1.33974265
0.047940821 1.34208164
0.0479847872 1.34442277
0.0480288705 1.34676606
0.0480730713 1.34911149
0.0481173899 1.35145908
0.0481618266 1.35380884
0.0482063816 1.35616077
0.0482510554 1.35851488
0.0482958483 1.36087117
0.0483407606 1.36322964
0.0483857926 1.36559031
0.0484309446 1.36795318
0.048476217 1.37031825
0.0485216102 1.37268554
0.0485671244 1.37505504
0.0486127599 1.37742676
0.0486585172 1.37980072
0.0487043965 1.38217691
0.0487503982 1.38455534
0.0487965227 1.38693601
0.0488427702 1.38931894
0.0488891412 1.39170413
0.0489356359 1.39409159
0.0489822547 1.39648131
0.049028998 1.39887331
0.049075866 1.4012676
0.0491228592 1.40366417
0.049169978 1.40606304
0.0492172225 1.40846421
0.0492645933 1.41086769
0.0493120906 1.41327348
0.0493597149 1.41568159
0.0494074664 1.41809203
0.0494553456 1.4205048
0.0495033528 1.4229199
0.0495514883 1.42533736
0.0495997525 1.42775716
0.0496481459 1.43017932
0.0496966686 1.43260385
0.0497453213 1.43503074
0.049794104 1.43746001
0.0498430174 1.43989167
0.0498920617 1.44232571
0.0499412373 1.44476215
0.0499905446 1.44720099
0.0500399839 1.44964223
0.0500895557 1.4520859
0.0501392603 1.45453198
0.050189098 1.45698049
0.0502390694 1.45943144
0.0502891747 1.46188482
0.0503394144 1.46434066
0.0503897888 1.46679894
0.0504402984 1.46925969
0.0504909434 1.47172291
0.0505417244 1.47418859
0.0505926417 1.47665676
0.0506436957 1.47912742
0.0506948867 1.48160056
0.0507462153 1.48407621
0.0507976817 1.48655437
0.0508492865 1.48903504
0.0509010299 1.49151823
0.0509529124 1.49400394
0.0510049345 1.49649219
0.0510570965 1.49898299
0.0511093987 1.50147632
0.0511618418 1.50397222
0.0512144259 1.50647067
0.0512671517 1.5089717
0.0513200194 1.51147529
0.0513730295 1.51398147
0.0514261825 1.51649024
0.0514794786 1.51900161
0.0515329185 1.52151558
0.0515865024 1.52403215
0.0516402308 1.52655135
0.0516941042 1.52907317
0.051748123 1.53159762
0.0518022875 1.53412471
0.0518565983 1.53665444
0.0519110558 1.53918683
0.0519656604 1.54172187
0.0520204125 1.54425959
0.0520753126 1.54679997
0.0521303611 1.54934304
0.0521855585 1.5518888
0.0522409053 1.55443725
0.0522964018 1.5569884
0.0523520485 1.55954227
0.0524078459 1.56209885
0.0524637944 1.56465816
0.0525198945 1.5672202
0.0525761466 1.56978498
0.0526325512 1.57235251
0.0526891088 1.5749228
0.0527458198 1.57749584
0.0528026847 1.58007166
0.0528597039 1.58265025
0.0529168779 1.58523162
0.0529742073 1.58781579
0.0530316923 1.59040276
0.0530893337 1.59299254
0.0531471317 1.59558513
0.0532050869 1.59818054
0.0532631998 1.60077879
0.0533214708 1.60337987
0.0533799004 1.6059838
0.0534384892 1.60859058
0.0534972376 1.61120022
0.0535561461 1.61381274
0.0536152152 1.61642812
0.0536744453 1.6190464
0.053733837 1.62166757
0.0537933908 1.62429163
0.0538531072 1.62691861
0.0539129867 1.6295485
0.0539730298 1.63218132
0.0540332369 1.63481707
0.0540936086 1.63745575
0.0541541455 1.64009739
0.054214848 1.64274199
0.0542757166 1.64538954
0.0543367519 1.64804008
0.0543979543 1.65069359
0.0544593245 1.65335009
0.0545208628 1.65600959
0.0545825699 1.65867209
0.0546444463 1.66133761
0.0547064925 1.66400614
0.0547687091 1.66667771
0.0548310965 1.66935232
0.0548936553 1.67202997
0.054956386 1.67471068
0.0550192893 1.67739445
0.0550823656 1.6800813
0.0551456154 1.68277122
0.0552090394 1.68546424
0.0552726381 1.68816035
0.055336412 1.69085957
0.0554003617 1.6935619
0.0554644877 1.69626735
0.0555287907 1.69897594
0.0555932711 1.70168766
0.0556579296 1.70440254
0.0557227666 1.70712057
0.0557877828 1.70984177
0.0558529788 1.71256615
0.0559183551 1.7152937
0.0559839123 1.71802445
0.0560496509 1.72075841
0.0561155716 1.72349557
0.056181675 1.72623595
0.0562479615 1.72897956
0.0563144319 1.73172641
0.0563810867 1.7344765
0.0564479265 1.73722985
0.0565149519 1.73998646
0.0565821635 1.74274635
0.0566495619 1.74550952
0.0567171478 1.74827598
0.0567849216 1.75104574
0.056852884 1.75381881
0.0569210357 1.75659519
0.0569893773 1.75937491
0.0570579093 1.76215796
0.0571266324 1.76494436
0.0571955472 1.76773412
0.0572646543 1.77052724
0.0573339544 1.77332374
0.0574034482 1.77612362
0.0574731361 1.7789269
0.0575430189 1.78173357
0.0576130973 1.78454366
0.0576833718 1.78735718
0.057753843 1.79017412
0.0578245118 1.79299451
0.0578953786 1.79581834
0.0579664441 1.79864564
0.0580377091 1.80147641
0.0581091742 1.80431066
0.0581808399 1.80714839
0.0582527071 1.80998963
0.0583247763 1.81283438
0.0583970483 1.81568264
0.0584695236 1.81853444
0.058542203 1.82138977
0.0586150872 1.82424866
0.0586881769 1.8271111
0.0587614727 1.82997711
0.0588349752 1.83284671
0.0589086853 1.83571989
0.0589826036 1.83859667
0.0590567308 1.84147706
0.0591310676 1.84436107
0.0592056148 1.84724871
0.0592803729 1.85013998
0.0593553427 1.85303492
0.059430525 1.85593351
0.0595059205 1.85883577
0.0595815298 1.86174171
0.0596573537 1.86465135
0.0597333929 1.86756469
0.0598096482 1.87048174
0.0598861203 1.87340252
0.0599628099 1.87632703
0.0600397177 1.87925528
0.0601168446 1.88218729
0.0601941912 1.88512307
0.0602717583 1.88806263
0.0603495466 1.89100597
0.060427557 1.89395311
0.0605057901 1.89690406
0.0605842467 1.89985883
0.0606629277 1.90281743
0.0607418336 1.90577987
0.0608209655 1.90874617
0.0609003239 1.91171633
0.0609799097 1.91469036
0.0610597237 1.91766828
0.0611397666 1.9206501
0.0612200393 1.92363583
0.0613005426 1.92662547
0.0613812772 1.92961905
0.0614622439 1.93261657
0.0615434435 1.93561805
0.061624877 1.93862349
0.0617065449 1.9416329
0.0617884483 1.9446463
0.0618705879 1.94766371
0.0619529645 1.95068512
0.0620355789 1.95371056
0.062118432 1.95674003
0.0622015247 1.95977354
0.0622848576 1.96281111
0.0623684318 1.96585276
0.062452248 1.96889848
0.0625363071 1.97194829
0.06262061 1.97500221
0.0627051574 1.97806025
0.0627899504 1.98112242
0.0628749896 1.98418872
0.062960276 1.98725918
0.0630458105 1.9903338
0.063131594 1.9934126
0.0632176273 1.99649559
0.0633039112 1.99958278
0.0633904468 2.00267418
0.0634772349 2.00576981
0.0635642764 2.00886967
0.0636515722 2.01197378
0.0637391231 2.01508216
0.0638269302 2.01819481
0.0639149943 2.02131175
0.0640033163 2.02443299
0.0640918973 2.02755855
0.064180738 2.03068842
0.0642698394 2.03382264
0.0643592025 2.0369612
0.0644488281 2.04010413
0.0645387173 2.04325144
0.0646288711 2.04640314
0.0647192902 2.04955923
0.0648099758 2.05271974
0.0649009287 2.05588468
0.0649921499 2.05905406
0.0650836405 2.0622279
0.0651754013 2.0654062
0.0652674334 2.06858898
0.0653597377 2.07177626
0.0654523153 2.07496804
0.065545167 2.07816435
0.065638294 2.08136518
0.0657316973 2.08457057
0.0658253777 2.08778051
0.0659193364 2.09099503
0.0660135744 2.09421414
0.0661080927 2.09743784
0.0662028922 2.10066617
0.0662979742 2.10389912
0.0663933395 2.10713671
0.0664889892 2.11037896
0.0665849244 2.11362588
0.0666811461 2.11687749
0.0667776554 2.12013379
0.0668744534 2.1233948
0.066971541 2.12666054
0.0670689195 2.12993103
0.0671665898 2.13320626
0.067264553 2.13648627
0.0673628103 2.13977105
0.0674613627 2.14306064
0.0675602113 2.14635504
0.0676593572 2.14965426
0.0677588016 2.15295832
0.0678585455 2.15626724
0.06795859 2.15958103
0.0680589364 2.16289971
0.0681595857 2.16622328
0.068260539 2.16955177
0.0683617975 2.17288518
0.0684633623 2.17622354
0.0685652347 2.17956686
0.0686674157 2.18291516
0.0687699065 2.18626844
0.0688727083 2.18962672
0.0689758222 2.19299003
0.0690792495 2.19635837
0.0691829913 2.19973176
0.0692870488 2.20311021
0.0693914232 2.20649375
0.0694961157 2.20988238
0.0696011276 2.21327612
0.0697064599 2.21667499
0.0698121141 2.220079
0.0699180912 2.22348817
0.0700243925 2.22690252
0.0701310193 2.23032205
0.0702379728 2.23374679
0.0703452542 2.23717676
0.0704528649 2.24061196
0.070560806 2.24405241
0.0706690788 2.24749813
0.0707776847 2.25094914
0.0708866248 2.25440545
0.0709959006 2.25786709
0.0711055132 2.26133405
0.071215464 2.26480637
0.0713257543 2.26828405
0.0714363854 2.27176712
0.0715473587 2.2752556
0.0716586753 2.27874949
0.0717703368 2.28224881
0.0718823444 2.28575358
0.0719946994 2.28926383
0.0721074033 2.29277956
0.0722204574 2.29630079
0.072333863 2.29982754
0.0724476216 2.30335983
0.0725617344 2.30689767
0.072676203 2.31044108
0.0727910286 2.31399008
0.0729062128 2.31754469
0.0730217568 2.32110492
0.0731376621 2.32467079
0.0732539302 2.32824232
0.0733705625 2.33181952
0.0734875604 2.33540242
0.0736049253 2.33899104
0.0737226587 2.34258538
0.0738407621 2.34618547
0.073959237 2.34979132
0.0740780847 2.35340296
0.0741973068 2.3570204
0.0743169048 2.36064366
0.0744368802 2.36427276
0.0745572344 2.36790772
0.074677969 2.37154855
0.0747990856 2.37519528
0.0749205855 2.37884792
0.0750424705 2.38250649
0.0751647419 2.38617101
0.0752874015 2.3898415
0.0754104506 2.39351798
0.0755338909 2.39720046
0.075657724 2.40088898
0.0757819515 2.40458353
0.0759065749 2.40828415
0.0760315958 2.41199086
0.0761570159 2.41570367
0.0762828367 2.4194226
0.0764090599 2.42314767
0.0765356871 2.42687891
0.07666272 2.43061633
0.0767901602 2.43435994
0.0769180094 2.43810978
0.0770462692 2.44186587
0.0771749413 2.44562821
0.0773040275 2.44939683
0.0774335293 2.45317176
0.0775634484 2.45695301
0.0776937867 2.46074059
0.0778245458 2.46453455
0.0779557275 2.46833488
0.0780873334 2.47214162
0.0782193653 2.47595479
0.0783518251 2.47977439
0.0784847144 2.48360047
0.078618035 2.48743303
0.0787517887 2.4912721
0.0788859773 2.4951177
0.0790206027 2.49896985
0.0791556665 2.50282857
0.0792911707 2.50669389
0.079427117 2.51056582
0.0795635074 2.51444438
0.0797003436 2.51832961
0.0798376275 2.52222151
0.079975361 2.52612012
0.080113546 2.53002544
0.0802521844 2.53393752
0.080391278 2.53785636
0.0805308287 2.54178199
0.0806708386 2.54571443
0.0808113095 2.54965371
0.0809522433 2.55359985
0.0810936421 2.55755286
0.0812355077 2.56151278
0.0813778422 2.56547962
0.0815206475 2.56945341
0.0816639256 2.57343417
0.0818076785 2.57742192
0.0819519083 2.58141669
0.082096617 2.5854185
0.0822418065 2.58942738
0.082387479 2.59344334
0.0825336366 2.59746641
0.0826802812 2.60149662
0.0828274149 2.60553398
0.08297504 2.60957853
0.0831231583 2.61363028
0.0832717722 2.61768926
0.0834208836 2.6217555
0.0835704948 2.62582901
0.0837206079 2.62990983
0.0838712251 2.63399798
0.0840223484 2.63809347
0.0841739802 2.64219635
0.0843261226 2.64630662
0.0844787778 2.65042432
0.084631948 2.65454947
0.0847856355 2.6586821
0.0849398425 2.66282223
0.0850945713 2.66696989
0.0852498242 2.6711251
0.0854056034 2.67528788
0.0855619112 2.67945827
0.0857187499 2.68363629
0.0858761219 2.68782197
0.0860340295 2.69201532
0.0861924751 2.69621639
0.0863514609 2.70042518
0.0865109894 2.70464174
0.086671063 2.70886608
0.0868316841 2.71309824
0.086992855 2.71733824
0.0871545782 2.7215861
0.0873168562 2.72584186
0.0874796913 2.73010553
0.0876430861 2.73437716
0.0878070431 2.73865676
0.0879715647 2.74294436
0.0881366535 2.74723999
0.0883023119 2.75154368
0.0884685426 2.75585545
0.088635348 2.76017534
0.0888027308 2.76450337
0.0889706934 2.76883957
0.0891392386 2.77318397
0.0893083689 2.77753659
0.089478087 2.78189747
0.0896483954 2.78626663
0.0898192969 2.7906441
0.0899907941 2.79502991
0.0901628897 2.7994241
0.0903355864 2.80382668
0.0905088869 2.80823769
0.0906827939 2.81265716
0.0908573103 2.81708512
0.0910324387 2.82152159
0.091208182 2.82596661
0.0913845429 2.83042021
0.0915615242 2.83488242
0.0917391288 2.83935326
0.0919173595 2.84383277
0.0920962192 2.84832098
0.0922757108 2.85281792
0.0924558371 2.85732362
0.092636601 2.86183811
0.0928180056 2.86636142
0.0930000536 2.87089358
0.0931827482 2.87543463
0.0933660922 2.8799846
0.0935500887 2.88454351
0.0937347407 2.8891114
0.0939200511 2.89368831
0.0941060231 2.89827426
0.0942926598 2.90286928
0.0944799641 2.90747341
0.0946679393 2.91208668
0.0948565884 2.91670913
0.0950459145 2.92134078
0.0952359209 2.92598167
0.0954266107 2.93063184
0.095617987 2.93529131
0.0958100532 2.93996012
0.0960028124 2.9446383
0.0961962679 2.94932589
0.096390423 2.95402292
0.0965852809 2.95872942
0.096780845 2.96344544
0.0969771186 2.968171
0.097174105 2.97290613
0.0973718076 2.97765088
0.0975702298 2.98240528
0.0977693751 2.98716935
0.0979692467 2.99194315
0.0981698483 2.9967267
0.0983711832 3.00152004
0.098573255 3.00632321
0.0987760672 3.01113623
0.0989796232 3.01595915
0.0991839267 3.02079201
0.0993889812 3.02563483
0.0995947904 3.03048767
0.0998013578 3.03535054
0.100008687 3.04022349
0.100216782 3.04510656
0.100425646 3.04999979
0.100635283 3.05490321
0.100845697 3.05981685
0.101056891 3.06474077
0.101268869 3.06967499
0.101481636 3.07461955
0.101695194 3.0795745
0.101909548 3.08453986
0.102124702 3.08951569
0.102340659 3.09450201
0.102557423 3.09949887
0.102774999 3.10450631
0.102993389 3.10952437
0.1032126 3.11455308
0.103432633 3.11959249
0.103653494 3.12464263
0.103875186 3.12970355
0.104097714 3.13477529
0.104321081 3.13985788
0.104545292 3.14495138
0.104770351 3.15005581
0.104996262 3.15517123
0.105223029 3.16029766
0.105450657 3.16543517
0.10567915 3.17058378
0.105908512 3.17574353
0.106138747 3.18091448
0.10636986 3.18609666
0.106601855 3.19129012
0.106834737 3.1964949
0.10706851 3.20171104
0.107303178 3.20693859
0.107538747 3.21217758
0.10777522 3.21742807
0.108012602 3.2226901
0.108250897 3.22796371
0.108490111 3.23324894
0.108730248 3.23854585
0.108971312 3.24385447
0.109213309 3.24917485
0.109456242 3.25450704
0.109700118 3.25985108
0.109944939 3.26520703
0.110190712 3.27057491
0.110437442 3.27595479
0.110685132 3.2813467
0.110933788 3.2867507
0.111183415 3.29216682
0.111434018 3.29759513
0.111685602 3.30303566
0.111938172 3.30848847
0.112191733 3.3139536
0.11244629 3.3194311
0.112701848 3.32492102
0.112958412 3.3304234
0.113215988 3.3359383
0.113474581 3.34146577
0.113734196 3.34700585
0.113994838 3.3525586
0.114256514 3.35812406
0.114519227 3.36370229
0.114782984 3.36929334
0.115047789 3.37489725
0.11531365 3.38051408
0.11558057 3.38614388
0.115848556 3.3917867
0.116117612 3.39744259
0.116387746 3.40311161
0.116658962 3.40879381
0.116931266 3.41448924
0.117204664 3.42019795
0.117479162 3.42591999
0.117754765 3.43165543
0.118031479 3.43740431
0.118309311 3.44316669
0.118588265 3.44894263
0.118868349 3.45473217
0.119149568 3.46053537
0.119431928 3.46635229
0.119715435 3.47218298
0.120000096 3.4780275
0.120285916 3.48388591
0.120572902 3.48975826
0.120861061 3.49564461
0.121150397 3.50154501
0.121440918 3.50745953
0.12173263 3.51338822
0.12202554 3.51933114
0.122319654 3.52528834
0.122614978 3.53125989
0.12291152 3.53724584
0.123209285 3.54324626
0.12350828 3.5492612
0.123808512 3.55529073
0.124109989 3.5613349
0.124412715 3.56739377
0.124716699 3.57346741
0.125021948 3.57955588
0.125328467 3.58565924
0.125636265 3.59177754
0.125945348 3.59791086
0.126255724 3.60405925
0.126567398 3.61022278
0.12688038 3.61640151
0.127194675 3.6225955
0.127510291 3.62880483
0.127827236 3.63502954
0.128145517 3.64126972
0.12846514 3.64752542
0.128786115 3.6537967
0.129108447 3.66008364
0.129432146 3.6663863
0.129757218 3.67270475
0.130083671 3.67903905
0.130411513 3.68538927
0.130740752 3.69175548
0.131071395 3.69813775
0.131403451 3.70453614
0.131736927 3.71095073
0.132071832 3.71738157
0.132408173 3.72382875
0.132745959 3.73029234
0.133085198 3.73677239
0.133425898 3.74326899
0.133768067 3.7497822
0.134111714 3.7563121
0.134456848 3.76285876
0.134803476 3.76942224
0.135151608 3.77600263
0.135501251 3.7826
0.135852415 3.78921442
0.136205108 3.79584596
0.13655934 3.8024947
0.136915118 3.80916071
0.137272453 3.81584407
0.137631352 3.82254486
0.137991825 3.82926314
0.138353882 3.83599901
0.138717531 3.84275252
0.139082781 3.84952377
0.139449642 3.85631283
0.139818124 3.86311978
0.140188235 3.86994469
0.140559986 3.87678766
0.140933386 3.88364874
0.141308444 3.89052804
0.141685171 3.89742562
0.142063575 3.90434156
0.142443668 3.91127596
0.142825459 3.91822889
0.143208958 3.92520044
0.143594175 3.93219068
0.14398112 3.93919971
0.144369804 3.9462276
0.144760237 3.95327444
0.14515243 3.96034032
0.145546392 3.96742532
0.145942135 3.97452952
0.146339669 3.98165302
0.146739005 3.9887959
0.147140153 3.99595825
0.147543125 4.00314016
0.147947932 4.01034171
0.148354584 4.017563
0.148763093 4.02480411
0.14917347 4.03206514
0.149585727 4.03934617
0.149999874 4.0466473
0.150415923 4.05396862
0.150833886 4.06131022
0.151253775 4.0686722
0.151675601 4.07605465
0.152099376 4.08345766
0.152525112 4.09088132
0.152952821 4.09832575
0.153382515 4.10579102
0.153814206 4.11327723
0.154247907 4.12078449
0.154683631 4.12831289
0.155121388 4.13586253
0.155561194 4.14343351
0.156003058 4.15102593
0.156446996 4.15863988
0.156893019 4.16627547
0.157341141 4.17393281
0.157791375 4.18161198
0.158243733 4.1893131
0.15869823 4.19703627
0.159154878 4.2047816
0.159613691 4.21254917
0.160074683 4.22033912
0.160537867 4.22815153
0.161003258 4.23598651
0.161470869 4.24384418
0.161940714 4.25172464
0.162412808 4.259628
0.162887164 4.26755437
0.163363798 4.27550385
0.163842723 4.28347657
0.164323955 4.29147262
0.164807508 4.29949213
0.165293396 4.3075352
0.165781635 4.31560196
0.166272241 4.3236925
0.166765227 4.33180696
0.167260611 4.33994544
0.167758406 4.34810806
0.168258629 4.35629494
0.168761295 4.3645062
0.16926642 4.37274195
0.169774021 4.38100232
0.170284113 4.38928742
0.170796712 4.39759738
0.171311835 4.40593232
0.171829499 4.41429236
0.17234972 4.42267762
0.172872515 4.43108823
0.1733979 4.43952432
0.173925894 4.447986
0.174456512 4.45647341
0.174989773 4.46498668
0.175525694 4.47352593
0.176064292 4.48209129
0.176605586 4.49068289
0.177149593 4.49930087
0.177696331 4.50794535
0.178245818 4.51661647
0.178798074 4.52531437
0.179353116 4.53403916
0.179910964 4.542791
0.180471635 4.55157002
0.181035149 4.56037635
0.181601526 4.56921014
0.182170784 4.57807152
0.182742943 4.58696063
0.183318023 4.59587762
0.183896043 4.60482262
0.184477024 4.61379578
0.185060986 4.62279724
0.185647949 4.63182714
0.186237933 4.64088565
0.186830959 4.64997289
0.187427049 4.65908902
0.188026223 4.66823418
0.188628502 4.67740853
0.189233908 4.68661222
0.189842463 4.6958454
0.190454187 4.70510822
0.191069104 4.71440083
0.191687236 4.7237234
0.192308604 4.73307608
0.192933231 4.74245901
0.193561141 4.75187238
0.194192355 4.76131632
0.194826898 4.77079101
0.195464792 4.7802966
0.196106061 4.78983326
0.196750729 4.79940115
0.19739882 4.80900044
0.198050359 4.81863129
0.198705368 4.82829387
0.199363874 4.83798835
0.2000259 4.8477149
0.200691473 4.85747369
0.201360617 4.86726489
0.202033358 4.87708867
0.202709721 4.88694521
0.203389733 4.8968347
0.20407342 4.90675729
0.204760808 4.91671317
0.205451924 4.92670253
0.206146795 4.93672554
0.206845448 4.94678238
0.20754791 4.95687324
0.20825421 4.96699831
0.208964374 4.97715776
0.209678432 4.98735179
0.210396412 4.99758059
0.211118342 5.00784434
0.211844251 5.01814325
0.212574169 5.02847749
0.213308125 5.03884727
0.214046149 5.04925278
0.214788271 5.05969422
0.215534521 5.07017179
0.21628493 5.08068569
0.217039529 5.09123612
0.217798349 5.10182328
0.218561421 5.11244739
0.219328778 5.12310863
0.22010045 5.13380724
0.220876471 5.1445434
0.221656874 5.15531734
0.222441691 5.16612926
0.223230955 5.17697938
0.224024701 5.18786793
0.224822962 5.1987951
0.225625772 5.20976113
0.226433166 5.22076623
0.227245179 5.23181062
0.228061846 5.24289454
0.228883202 5.2540182
0.229709285 5.26518184
0.230540129 5.27638568
0.231375771 5.28762995
0.232216249 5.29891489
0.2330616 5.31024073
0.233911861 5.32160771
0.234767071 5.33301606
0.235627268 5.34446603
0.23649249 5.35595785
0.237362778 5.36749178
0.238238169 5.37906805
0.239118706 5.39068692
0.240004426 5.40234863
0.240895373 5.41405344
0.241791586 5.42580159
0.242693107 5.43759335
0.243599979 5.44942897
0.244512243 5.46130871
0.245429942 5.47323283
0.24635312 5.4852016
0.24728182 5.49721528
0.248216086 5.50927414
0.249155963 5.52137844
0.250101496 5.53352847
0.25105273 5.54572449
0.252009711 5.55796679
0.252972486 5.57025563
0.253941101 5.5825913
0.254915604 5.59497409
0.255896042 5.60740427
0.256882464 5.61988215
0.257874918 5.632408
0.258873454 5.64498211
0.259878122 5.65760479
0.260888971 5.67027634
0.261906052 5.68299704
0.262929418 5.6957672
0.263959119 5.70858713
0.264995209 5.72145713
0.266037739 5.73437752
0.267086764 5.7473486
0.268142337 5.76037069
0.269204514 5.77344411
0.270273349 5.78656917
0.271348898 5.7997462
0.272431218 5.81297553
0.273520365 5.82625748
0.274616396 5.83959238
0.275719371 5.85298056
0.276829348 5.86642237
0.277946386 5.87991814
0.279070545 5.89346821
0.280201886 5.90707293
0.281340471 5.92073265
0.28248636 5.93444771
0.283639618 5.94821847
0.284800306 5.96204529
0.28596849 5.97592852
0.287144233 5.98986853
0.288327602 6.00386569
0.289518662 6.01792036
0.29071748 6.03203292
0.291924124 6.04620374
0.293138662 6.06043319
0.294361163 6.07472167
0.295591696 6.08906956
0.296830333 6.10347724
0.298077145 6.11794511
0.299332203 6.13247357
0.300595581 6.14706301
0.301867353 6.16171383
0.303147593 6.17642644
0.304436376 6.19120125
0.305733778 6.20603868
0.307039878 6.22093913
0.308354752 6.23590304
0.30967848 6.25093082
0.311011141 6.26602291
0.312352816 6.28117973
0.313703587 6.29640172
0.315063535 6.31168932
0.316432744 6.32704298
0.3178113 6.34246313
0.319199286 6.35795025
0.32059679 6.37350477
0.322003898 6.38912716
0.323420699 6.40481789
0.324847282 6.42057741
0.326283738 6.43640621
0.327730158 6.45230477
0.329186634 6.46827356
0.33065326 6.48431306
0.332130131 6.50042378
0.333617343 6.5166062
0.335114991 6.53286082
0.336623175 6.54918815
0.338141993 6.5655887
0.339671546 6.58206298
0.341211936 6.59861151
0.342763264 6.61523481
0.344325636 6.63193341
0.345899155 6.64870784
0.34748393 6.66555865
0.349080067 6.68248637
0.350687675 6.69949155
0.352306865 6.71657476
0.353937749 6.73373653
0.355580439 6.75097745
0.357235051 6.76829808
0.358901699 6.78569899
0.360580501 6.80318077
0.362271576 6.820744
0.363975043 6.83838928
0.365691026 6.8561172
0.367419645 6.87392837
0.369161027 6.89182339
0.370915297 6.90980288
0.372682583 6.92786747
0.374463015 6.94601778
0.376256723 6.96425444
0.378063839 6.9825781
0.379884499 7.0009894
0.381718838 7.01948899
0.383566994 7.03807753
0.385429105 7.0567557
0.387305314 7.07552415
0.389195763 7.09438358
0.391100598 7.11333467
0.393019963 7.1323781
0.394954009 7.15151459
0.396902885 7.17074484
0.398866745 7.19006955
0.400845741 7.20948946
0.402840031 7.2290053
0.404849773 7.24861779
0.406875127 7.26832769
0.408916256 7.28813575
0.410973325 7.30804272
0.4130465 7.32804937
0.41513595 7.34815648
0.417241846 7.36836483
0.419364362 7.38867521
0.421503674 7.40908843
0.42365996 7.42960529
0.425833401 7.4502266
0.428024178 7.4709532
0.430232478 7.49178591
0.432458489 7.51272559
0.434702401 7.53377307
0.436964406 7.55492923
0.439244702 7.57619493
0.441543484 7.59757106
0.443860956 7.61905849
0.44619732 7.64065813
0.448552783 7.66237089
0.450927554 7.68419769
0.453321846 7.70613944
0.455735873 7.7281971
0.458169854 7.75037161
0.46062401 7.77266393
0.463098566 7.79507502
0.465593748 7.81760587
0.468109787 7.84025747
0.470646917 7.86303082
0.473205376 7.88592693
0.475785403 7.90894682
0.478387243 7.93209154
0.481011143 7.95536212
0.483657354 7.97875963
0.48632613 8.00228514
0.48901773 8.02593973
0.491732415 8.04972449
0.494470451 8.07364054
0.497232108 8.09768898
0.500017659 8.12187097
0.502827382 8.14618763
0.505661557 8.17064013
0.508520471 8.19522965
0.511404413 8.21995736
0.514313678 8.24482447
0.517248563 8.26983219
0.520209372 8.29498175
0.523196412 8.32027439
0.526209995 8.34571137
0.529250437 8.37129395
0.532318061 8.39702343
0.535413191 8.42290111
0.53853616 8.44892829
0.541687303 8.47510632
0.544866961 8.50143655
0.548075482 8.52792033
0.551313217 8.55455905
0.554580523 8.58135411
0.557877763 8.60830691
0.561205304 8.6354189
0.564563522 8.66269152
0.567952796 8.69012624
0.571373512 8.71772454
0.574826061 8.74548792
0.578310842 8.77341791
0.581828258 8.80151605
0.58537872 8.82978389
0.588962646 8.85822302
0.592580458 8.88683502
0.596232588 8.91562152
0.599919473 8.94458417
0.603641558 8.9737246
0.607399293 9.00304452
0.611193138 9.03254561
0.615023559 9.0622296
0.618891031 9.09209823
0.622796033 9.12215327
0.626739058 9.15239652
0.630720601 9.18282977
0.634741168 9.21345487
0.638801275 9.24427369
0.642901443 9.27528809
0.647042204 9.30649999
0.651224099 9.33791132
0.655447676 9.36952405
0.659713495 9.40134015
0.664022124 9.43336163
0.66837414 9.46559054
0.67277013 9.49802893
0.677210694 9.53067891
0.681696437 9.56354258
0.68622798 9.59662209
0.69080595 9.62991963
0.695430988 9.66343739
0.700103745 9.69717762
0.704824882 9.73114259
0.709595075 9.76533458
0.714415009 9.79975593
0.719285382 9.83440899
0.724206904 9.86929617
0.729180298 9.90441989
0.7342063 9.93978261
0.739285659 9.97538682
0.744419137 10.0112351
0.749607512 10.0473299
0.754851572 10.0836739
0.760152123 10.1202697
0.765509984 10.1571201
0.770925989 10.1942276
0.776400988 10.2315952
0.781935847 10.2692255
0.787531446 10.3071213
0.793188684 10.3452857
0.798908475 10.3837214
0.804691751 10.4224315
0.810539461 10.4614189
0.816452572 10.5006866
0.82243207 10.5402379
0.828478959 10.5800757
0.834594262 10.6202033
0.840779023 10.660624
0.847034305 10.7013409
0.853361191 10.7423574
0.859760786 10.7836769
0.866234217 10.8253028
0.872782633 10.8672386
0.879407203 10.9094879
0.886109123 10.9520541
0.89288961 10.994941
0.899749906 11.0381522
0.906691279 11.0816916
0.913715019 11.1255628
0.920822447 11.1697698
0.928014907 11.2143165
0.935293771 11.2592069
0.94266044 11.304445
0.950116343 11.3500351
0.957662938 11.3959811
0.965301715 11.4422875
0.973034194 11.4889586
0.980861925 11.5359986
0.988786492 11.5834121
0.996809513 11.6312037
1.00493264 11.6793778
1.01315756 11.7279392
1.02148599 11.7768927
1.0299197 11.8262431
1.03846048 11.8759953
1.04711016 11.9261543
1.05587063 11.9767252
1.0647438 12.0277131
1.07373163 12.0791234
1.08283613 12.1309612
1.09205933 12.1832322
1.10140333 12.2359418
1.11087027 12.2890955
1.12046233 12.3426993
1.13018176 12.3967587
1.14003084 12.4512799
1.15001191 12.5062687
1.16012735 12.5617313
1.17037962 12.617674
1.18077122 12.674103
1.19130472 12.7310249
1.20198273 12.7884461
1.21280794 12.8463735
1.22378309 12.9048137
1.234911 12.9637737
1.24619454 13.0232606
1.25763666 13.0832816
1.26924039 13.1438438
1.2810088 13.2049549
1.29294507 13.2666224
1.30505243 13.328854
1.31733422 13.3916575
1.32979384 13.4550411
1.34243477 13.5190128
1.3552606 13.5835809
1.36827498 13.648754
1.38148168 13.7145407
1.39488456 13.7809497
1.40848755 13.8479902
1.42229472 13.9156711
1.43631023 13.9840018
1.45053833 14.0529918
1.46498341 14.1226509
1.47964995 14.1929889
1.49454256 14.2640158
1.50966598 14.335742
1.52502507 14.4081779
1.5406248 14.4813342
1.5564703 14.5552219
1.57256683 14.629852
1.5889198 14.7052359
1.60553476 14.7813852
1.62241741 14.8583117
1.63957361 14.9360275
1.6570094 15.014545
1.67473096 15.0938766
1.69274468 15.1740352
1.71105709 15.255034
1.72967495 15.3368863
1.74860519 15.4196059
1.76785494 15.5032066
1.78743154 15.5877027
1.80734256 15.6731089
1.82759576 15.75944
1.84819918 15.8467112
1.86916105 15.9349381
1.89048987 16.0241367
1.91219441 16.114323
1.93428369 16.2055138
1.95676702 16.2977261
1.97965397 16.3909772
2.00295443 16.4852848
2.02667861 16.5806672
2.05083702 16.677143
2.07544052 16.774731
2.1005003 16.8734509
2.12602792 16.9733225
2.15203533 17.0743661
2.17853483 17.1766027
2.20553917 17.2800535
2.2330615 17.3847404
2.2611154 17.4906859
2.28971492 17.5979127
2.31887459 17.7064444
2.34860942 17.816305
2.37893496 17.9275191
2.40986726 18.040112
2.44142298 18.1541094
2.47361932 18.269538
2.50647411 18.3864247
2.54000583 18.5047976
2.57423359 18.6246849
2.60917724 18.7461162
2.64485731 18.8691212
2.68129512 18.9937309
2.71851276 19.1199766
2.75653316 19.2478909
2.79538012 19.3775069
2.83507835 19.5088586
2.87565348 19.6419811
2.91713217 19.7769103
2.95954211 19.9136828
3.00291206 20.0523367
3.04727196 20.1929106
3.09265293 20.3354444
3.13908735 20.4799792
3.18660892 20.6265568
3.23525274 20.7752205
3.28505536 20.9260146
3.33605487 21.0789846
3.38829097 21.2341775
3.44180505 21.3916412
3.4966403 21.5514251
3.55284178 21.7135801
3.61045654 21.8781583
3.66953369 22.0452134
3.73012459 22.2148004
3.79228289 22.386976
3.85606468 22.5617984
3.92152868 22.7393275
3.98873632 22.9196247
4.05775191 23.1027531
4.12864285 23.2887779
4.20147975 23.4777656
4.27633665 23.669785
4.35329124 23.8649063
4.43242503 24.063202
4.51382362 24.2647464
4.59757694 24.4696158
4.6837795 24.6778884
4.7725307 24.8896448
4.86393512 25.1049673
4.95810284 25.3239405
5.05514981 25.5466509
5.15519821 25.7731873
5.25837685 26.0036406
5.36482164 26.2381036
5.474676 26.4766711
5.58809139 26.7194402
5.70522784 26.9665096
5.82625453 27.2179799
5.9513504 27.4739533
6.08070478 27.7345337
6.21451817 27.9998262
6.35300293 28.2699369
6.49638413 28.544973
6.64490039 28.8250418
6.79880484 29.1102509
6.95836608 29.4007073
7.12386926 29.6965171
7.29561716 29.9977845
7.47393142 30.3046112
7.65915373 30.6170957
7.85164718 30.9353314
8.0517976 31.2594064
8.26001498 31.589401
8.47673493 31.9253866
8.70242011 32.2674236
8.93756179 32.615559
9.18268118 32.9698237
9.43833094 33.3302298
9.70509637 33.6967669
9.98359654 34.0693987
10.2744852 34.448058
10.5784513 34.8326424
10.8962192 35.2230086
11.228548 35.618967
11.576231 36.0202744
11.940093 36.4266278
12.320988 36.8376569
12.719795 37.252916
13.1374122 37.6718767
13.5747504 38.09392
14.0327244 38.5183285
14.5122428 38.9442803
15.014196 39.3708426
15.5394426 39.7969676
16.0887952 40.2214897
16.6630039 40.6431249
17.2627397 41.0604718
17.8885779 41.4720158
18.5409806 41.8761343
19.2202802 42.271105
19.9266614 42.655115
20.6601451 43.0262723
21.4205694 43.3826196
22.2075714 43.7221511
23.0205668 44.0428331
23.8587304 44.3426311
24.7209773 44.6195439
25.6059482 44.8716461
26.5120022 45.0971397
27.4372208 45.2944124
28.3794254 45.4621002
29.3362123 45.5991509
30.3050048 45.7048818
31.2831215 45.7790281
32.2678588 45.8217753
33.2565823 45.8337733
34.2468235 45.8161282
35.2363733 45.770373
36.2233699 45.6984159
37.206373 45.60247
38.1844217 45.4849674
39.1570709 45.3484635
40.1244068 45.1955363
41.0870389 45.0286875
42.0460723 44.8502508
43.0030634 44.6623137
43.9599642 44.466654
44.919062 44.2646951
45.88292 44.0574761
46.8543246 43.8456347
47.8362411 43.6293978
48.8317801 43.408573
49.8441705 43.1825378
50.876738 42.9502214
51.9328831 42.7100783
53.0160566 42.4600529
54.1297263 42.1975357
55.2773348 41.9193121
56.4622428 41.6215047
57.687654 41.2995104
58.9565174 40.9479364
60.2713993 40.5605386
61.6343224 40.1301738
63.0465666 39.6487757
64.508436 39.1073718
66.0189979 38.4961561
67.5758095 37.804632
69.1746505 37.0218362
70.8092884 36.1366473
72.4713006 35.1381755
74.1499827 34.0162207
75.8323636 32.7617779
77.5033458 31.3675606
79.1459795 29.8285092
80.7418681 28.142245
82.2716925 26.3094342
83.7158296 24.3340275
85.0550293 22.2233505
86.2711104 19.9880309
87.3476277 17.6417608
88.2704703 15.2009065
89.0283503 12.6839917
89.6131561 10.111087
90.0201538 7.50314664
90.2480322 4.88133387
90.2988007 2.26637286
90.1775576 -0.322039027
89.892152 -2.8657341
89.4527678 -5.34847563
88.87146 -7.75624947
88.1616689 -10.0774456
87.3377381 -12.3029356
86.4144579 -14.4260575
85.4066474 -16.4425209
84.3287887 -18.3502498
83.1947167 -20.1491779
82.0173687 -21.8410112
80.8085921 -23.4289716
79.5790074 -24.9175321
78.3379226 -26.3121548
77.0932941 -27.6190371
75.8517266 -28.8448753
74.6185075 -29.9966473
73.3976676 -31.0814206
72.1920626 -32.106184
71.0034684 -33.0777057
69.8326871 -34.002415
68.6796564 -34.8863087
67.5435612 -35.7348768
66.422943 -36.5530489
65.3158047 -37.3451561
64.2197095 -38.1149056
63.1318729 -38.8653664
62.0492476 -39.5989609
60.968603 -40.3174607
59.886602 -41.0219844
58.7998778 -41.7129969
57.7051127 -42.3903109
56.5991236 -43.0530939
55.4789528 -43.6998837
54.3419641 -44.3286175
53.1859418 -44.9366784
52.0091862 -45.5209619
50.8106006 -46.0779635
49.5897635 -46.6038853
48.3469809 -47.0947591
47.0833139 -47.5465795
45.8005812 -47.9554427
44.5013337 -48.3176841
43.1888041 -48.630011
41.8668313 -48.8896233
40.5397622 -49.09432
39.2123333 -49.2425846
37.8895359 -49.3336467
36.5764715 -49.3675136
35.2782018 -49.3449713
33.9996043 -49.2675525
32.7452395 -49.1374742
31.5192392 -48.9575493
30.3252194 -48.7310789
29.166223 -48.4617332
28.0446914 -48.1534295
26.9624643 -47.8102146
25.9208016 -47.4361578
24.920425 -47.0352585
23.9615713 -46.6113711
23.0440549 -46.1681472
22.1673312 -45.7089949
21.3305614 -45.2370533
20.5326729 -44.7551798
19.7724139 -44.2659479
19.0484033 -43.7716532
18.3591724 -43.2743254
17.7032011 -42.7757443
17.0789469 -42.277458
16.4848689 -41.7808031
15.9194465 -41.286924
15.3811938 -40.796793
14.8686701 -40.311229
14.3804878 -39.8309151
13.915317 -39.3564145
13.4718892 -38.8881859
13.0489985 -38.4265965
12.6455016 -37.9719343
12.2603176 -37.5244185
11.8924262 -37.0842094
11.540866 -36.6514165
11.2047322 -36.2261058
10.8831739 -35.8083065
10.5753916 -35.3980165
10.2806346 -34.9952073
9.99819808 -34.599828
9.72742065 -34.2118095
9.46768151 -33.8310673
9.21839811 -33.4575043
8.97902369 -33.0910132
8.74904499 -32.7314787
8.52798011 -32.3787789
8.31537641 -32.0327874
8.11080864 -31.6933737
7.91387711 -31.3604051
7.72420599 -31.0337473
7.54144174 -30.7132651
7.36525162 -30.3988233
7.19532233 -30.090287
7.03135872 -29.7875223
6.87308261 -29.4903966
6.72023164 -29.1987788
6.57255829 -28.91254
6.42982886 -28.631553
6.29182265 -28.3556931
6.15833104 -28.0848381
6.0291568 -27.818868
5.90411332 -27.5576657
5.78302396 -27.3011165
5.66572142 -27.0491086
5.55204719 -26.8015327
5.44185097 -26.5582822
5.33499018 -26.3192534
5.23132951 -26.084345
5.13074049 -25.8534585
5.03310104 -25.6264978
4.93829513 -25.4033696
4.84621243 -25.1839831
4.75674795 -24.9682497
4.66980176 -24.7560834
4.58527868 -24.5474007
4.50308803 -24.3421201
4.42314337 -24.1401626
4.34536225 -23.9414513
4.26966602 -23.7459113
4.19597959 -23.5534701
4.12423128 -23.3640569
4.05435259 -23.177603
3.98627804 -22.9940417
3.91994505 -22.813308
3.85529374 -22.6353388
3.7922668 -22.4600727
3.73080941 -22.28745
3.67086901 -22.1174126
3.6123953 -21.9499042
3.55534003 -21.7848697
3.49965696 -21.6222559
3.44530175 -21.4620107
3.39223184 -21.3040836
3.34040638 -21.1484255
3.28978616 -20.9949885
3.24033352 -20.8437261
3.19201227 -20.6945929
3.14478762 -20.5475448
3.09862614 -20.4025389
3.05349568 -20.2595334
3.00936529 -20.1184876
2.9662052 -19.9793618
2.92398676 -19.8421175
2.88268236 -19.7067169
2.84226543 -19.5731236
2.80271035 -19.4413017
2.76399244 -19.3112165
2.72608791 -19.1828341
2.6889738 -19.0561215
2.652628 -18.9310464
2.61702913 -18.8075774
2.58215659 -18.6856839
2.54799049 -18.565336
2.51451162 -18.4465047
2.48170141 -18.3291615
2.44954194 -18.2132786
2.41801589 -18.0988291
2.38710651 -17.9857865
2.35679762 -17.8741251
2.32707356 -17.7638197
2.29791919 -17.6548459
2.26931986 -17.5471796
2.24126139 -17.4407974
2.21373006 -17.3356765
2.18671259 -17.2317946
2.1601961 -17.1291298
2.13416814 -17.0276609
2.10861664 -16.9273671
2.0835299 -16.8282281
2.05889658 -16.7302239
2.0347057 -16.6333351
2.01094659 -16.5375429
1.98760893 -16.4428285
1.9646827 -16.3491738
1.94215816 -16.2565612
1.92002589 -16.1649733
1.89827672 -16.074393
1.87690177 -15.9848038
1.85589241 -15.8961894
1.83524026 -15.8085339
1.81493718 -15.7218219
1.79497527 -15.636038
1.77534683 -15.5511674
1.75604442 -15.4671955
1.73706076 -15.384108
1.71838882 -15.301891
1.70002172 -15.2205307
1.68195282 -15.1400138
1.66417561 -15.0603272
1.6466838 -14.9814579
1.62947125 -14.9033935
1.61253198 -14.8261215
1.59586019 -14.7496299
1.57945022 -14.6739068
1.56329656 -14.5989407
1.54739386 -14.5247201
1.53173689 -14.451234
1.51632057 -14.3784713
1.50113995 -14.3064215
1.48619021 -14.2350739
1.47146663 -14.1644183
1.45696465 -14.0944446
1.4426798 -14.0251429
1.42860773 -13.9565035
1.4147442 -13.8885168
1.40108506 -13.8211735
1.3876263 -13.7544645
1.37436396 -13.6883807
1.36129423 -13.6229134
1.34841335 -13.5580538
1.33571768 -13.4937934
1.32320365 -13.430124
1.31086778 -13.3670373
1.29870668 -13.3045253
1.28671705 -13.2425801
1.27489563 -13.1811939
1.26323929 -13.1203592
1.25174493 -13.0600685
1.24040955 -13.0003144
1.22923019 -12.9410897
1.218204 -12.8823874
1.20732817 -12.8242006
1.19659994 -12.7665222
1.18601665 -12.7093458
1.17557567 -12.6526646
1.16527445 -12.5964723
1.15511049 -12.5407623
1.14508134 -12.4855286
1.1351846 -12.4307649
1.12541795 -12.3764652
1.11577909 -12.3226235
1.10626579 -12.2692341
1.09687587 -12.2162911
1.08760718 -12.163789
1.07845763 -12.1117222
1.06942518 -12.0600852
1.06050783 -12.0088726
1.0517036 -11.9580793
1.04301059 -11.9077
1.03442692 -11.8577295
1.02595074 -11.808163
1.01758027 -11.7589954
1.00931373 -11.7102218
1.00114941 -11.6618376
0.993085607 -11.613838
0.985120679 -11.5662184
0.977253002 -11.5189742
0.96948099 -11.4721009
0.961803089 -11.4255941
0.954217775 -11.3794496
0.946723557 -11.333663
0.939318974 -11.2882301
0.932002594 -11.2431467
0.924773012 -11.1984089
0.917628854 -11.1540125
0.910568771 -11.1099537
0.903591441 -11.0662286
0.896695569 -11.0228332
0.889879884 -10.9797639
0.883143141 -10.9370169
0.876484119 -10.8945886
0.869901621 -10.8524754
0.863394471 -10.8106737
0.856961518 -10.7691801
0.850601632 -10.727991
0.844313705 -10.6871031
0.83809665 -10.646513
0.831949399 -10.6062175
0.825870907 -10.5662133
0.819860146 -10.5264973
0.813916108 -10.4870661
0.808037805 -10.4479169
0.802224266 -10.4090464
0.796474538 -10.3704518
0.790787687 -10.3321299
0.785162793 -10.2940779
0.779598957 -10.2562929
0.774095292 -10.2187721
0.768650931 -10.1815125
0.76326502 -10.1445116
0.757936722 -10.1077665
0.752665214 -10.0712745
0.747449687 -10.0350331
0.742289349 -9.99903953
0.73718342 -9.96329127
0.732131134 -9.92778577
0.727131738 -9.89252053
0.722184495 -9.85749307
0.717288677 -9.82270095
0.712443572 -9.78814176
0.707648477 -9.75381313
0.702902705 -9.71971272
0.698205578 -9.68583821
0.693556431 -9.65218733
0.688954609 -9.61875783
0.684399471 -9.5855475
0.679890383 -9.55255413
0.675426724 -9.51977557
0.671007884 -9.4872097
0.666633263 -9.4548544
0.662302269 -9.4227076
0.658014323 -9.39076726
0.653768853 -9.35903134
0.649565298 -9.32749786
0.645403106 -9.29616485
0.641281734 -9.26503036
0.637200647 -9.23409247
0.633159321 -9.20334929
0.629157238 -9.17279895
0.62519389 -9.1424396
0.621268777 -9.11226942
0.617381406 -9.08228661
0.613531295 -9.0524894
0.609717966 -9.02287602
0.60594095 -8.99344475
0.602199786 -8.96419388
0.598494021 -8.93512171
0.594823207 -8.90622658
0.591186905 -8.87750684
0.587584682 -8.84896086
0.584016112 -8.82058704
0.580480775 -8.7923838
0.576978259 -8.76434955
0.573508158 -8.73648275
0.570070071 -8.70878188
0.566663604 -8.68124541
0.56328837 -8.65387187
0.559943987 -8.62665977
0.556630078 -8.59960766
0.553346273 -8.57271409
0.550092207 -8.54597764
0.546867522 -8.51939692
0.543671864 -8.49297052
0.540504884 -8.46669708
0.537366238 -8.44057524
0.53425559 -8.41460367
0.531172605 -8.38878103
0.528116957 -8.36310602
0.525088321 -8.33757734
0.522086379 -8.31219372
0.519110817 -8.28695388
0.516161327 -8.2618566
0.513237604 -8.23690062
0.510339348 -8.21208473
0.507466262 -8.18740772
0.504618056 -8.1628684
0.501794443 -8.13846559
0.498995138 -8.11419812
0.496219864 -8.09006485
0.493468344 -8.06606463
0.490740309 -8.04219634
0.488035491 -8.01845886
0.485353626 -7.99485109
0.482694455 -7.97137195
0.480057721 -7.94802035
0.477443173 -7.92479523
0.474850562 -7.90169555
0.472279642 -7.87872024
0.469730171 -7.8558683
0.467201911 -7.8331387
0.464694627 -7.81053043
0.462208086 -7.78804249
0.45974206 -7.7656739
0.457296324 -7.74342369
0.454870654 -7.7212909
0.452464831 -7.69927456
0.45007864 -7.67737373
0.447711866 -7.65558749
0.445364299 -7.6339149
0.443035731 -7.61235506
0.440725957 -7.59090706
0.438434775 -7.56957001
0.436161986 -7.54834302
0.433907392 -7.52722523
0.431670801 -7.50621575
0.429452019 -7.48531374
0.427250859 -7.46451835
0.425067133 -7.44382874
0.422900658 -7.42324408
0.420751253 -7.40276355
0.418618737 -7.38238633
0.416502934 -7.36211162
0.41440367 -7.34193863
0.412320772 -7.32186657
0.41025407 -7.30189466
0.408203397 -7.28202212
0.406168587 -7.2622482
0.404149476 -7.24257213
0.402145903 -7.22299317
0.400157708 -7.20351058
0.398184736 -7.18412362
0.396226829 -7.16483158
0.394283835 -7.14563372
0.392355603 -7.12652934
0.390441983 -7.10751774
0.388542828 -7.08859822
0.386657991 -7.06977009
0.38478733 -7.05103266
0.382930702 -7.03238526
0.381087967 -7.01382722
0.379258987 -6.99535788
0.377443624 -6.97697657
0.375641744 -6.95868266
0.373853214 -6.94047549
0.372077901 -6.92235443
0.370315675 -6.90431885
0.368566408 -6.88636813
0.366829974 -6.86850163
0.365106246 -6.85071876
0.363395101 -6.8330189
0.361696416 -6.81540146
0.360010071 -6.79786583
0.358335947 -6.78041143
0.356673925 -6.76303768
0.355023888 -6.74574399
0.353385723 -6.72852979
0.351759314 -6.71139452
0.35014455 -6.69433762
0.34854132 -6.67735852
0.346949514 -6.66045667
0.345369023 -6.64363154
0.343799741 -6.62688257
0.342241561 -6.61020923
0.340694379 -6.593611
0.339158092 -6.57708734
0.337632598 -6.56063773
0.336117795 -6.54426166
0.334613583 -6.52795862
0.333119865 -6.51172809
0.331636543 -6.49556959
0.33016352 -6.4794826
0.328700702 -6.46346664
0.327247993 -6.44752121
0.325805302 -6.43164584
0.324372535 -6.41584004
0.322949603 -6.40010335
0.321536416 -6.38443528
0.320132883 -6.36883537
0.318738919 -6.35330316
0.317354436 -6.3378382
0.315979347 -6.32244002
0.314613569 -6.30710817
0.313257017 -6.29184222
0.311909609 -6.27664172
0.310571262 -6.26150622
0.309241895 -6.2464353
0.307921428 -6.23142853
0.306609782 -6.21648548
0.305306878 -6.20160573
0.304012639 -6.18678885
0.302726988 -6.17203444
0.301449849 -6.15734208
0.300181148 -6.14271135
0.298920809 -6.12814187
0.297668761 -6.11363323
0.296424929 -6.09918502
0.295189243 -6.08479686
0.293961631 -6.07046836
0.292742024 -6.05619912
0.291530351 -6.04198877
0.290326544 -6.02783692
0.289130536 -6.01374319
0.287942258 -5.99970722
0.286761645 -5.98572863
0.28558863 -5.97180705
0.28442315 -5.95794212
0.283265138 -5.94413347
0.282114532 -5.93038076
0.280971268 -5.91668362
0.279835285 -5.90304169
0.27870652 -5.88945464
0.277584913 -5.87592212
0.276470403 -5.86244377
0.27536293 -5.84901927
0.274262436 -5.83564826
0.273168861 -5.82233043
0.272082149 -5.80906543
0.271002241 -5.79585293
0.269929081 -5.78269262
0.268862613 -5.76958415
0.267802781 -5.75652722
0.266749531 -5.74352151
0.265702809 -5.73056669
0.264662559 -5.71766246
0.26362873 -5.7048085
0.262601268 -5.69200451
0.261580121 -5.67925018
0.260565238 -5.6665452
0.259556568 -5.65388927
0.258554059 -5.64128211
0.257557663 -5.6287234
0.256567329 -5.61621286
0.255583008 -5.60375019
0.254604652 -5.59133511
0.253632213 -5.57896733
0.252665643 -5.56664656
0.251704895 -5.55437253
0.250749923 -5.54214495
0.24980068 -5.52996354
0.24885712 -5.51782803
0.247919199 -5.50573815
0.246986872 -5.49369363
0.246060093 -5.48169419
0.245138821 -5.46973956
0.24422301 -5.4578295
0.243312617 -5.44596372
0.242407602 -5.43414198
0.24150792 -5.422364
0.24061353 -5.41062955
0.239724391 -5.39893835
0.238840462 -5.38729016
0.237961703 -5.37568473
0.237088072 -5.36412181
0.236219531 -5.35260115
0.23535604 -5.34112251
0.23449756 -5.32968565
0.233644052 -5.31829031
0.232795479 -5.30693627
0.231951801 -5.29562329
0.231112982 -5.28435112
0.230278984 -5.27311955
0.229449771 -5.26192833
0.228625307 -5.25077723
0.227805554 -5.23966603
0.226990478 -5.22859449
0.226180042 -5.2175624
0.225374212 -5.20656954
0.224572953 -5.19561566
0.22377623 -5.18470057
0.22298401 -5.17382404
0.222196259 -5.16298585
0.221412943 -5.15218579
0.220634028 -5.14142364
0.219859483 -5.1306992
0.219089274 -5.12001224
0.21832337 -5.10936257
0.217561737 -5.09874998
0.216804346 -5.08817425
0.216051164 -5.0776352
0.21530216 -5.0671326
0.214557304 -5.05666626
0.213816565 -5.04623599
0.213079913 -5.03584158
0.212347317 -5.02548283
0.211618749 -5.01515956
0.210894178 -5.00487156
0.210173576 -4.99461865
0.209456914 -4.98440063
0.208744164 -4.97421731
0.208035296 -4.9640685
0.207330283 -4.95395403
0.206629097 -4.94387369
0.20593171 -4.93382731
0.205238096 -4.92381471
0.204548226 -4.9138357
0.203862075 -4.90389009
0.203179615 -4.89397772
0.202500821 -4.88409841
0.201825665 -4.87425197
0.201154123 -4.86443823
0.200486169 -4.85465702
0.199821776 -4.84490817
0.199160921 -4.8351915
0.198503577 -4.82550684
0.197849721 -4.81585402
0.197199327 -4.80623288
0.196552371 -4.79664324
0.19590883 -4.78708495
0.195268679 -4.77755784
0.194631894 -4.76806174
0.193998453 -4.75859649
0.193368332 -4.74916193
0.192741507 -4.73975789
0.192117956 -4.73038423
0.191497656 -4.72104079
0.190880585 -4.7117274
0.190266721 -4.70244391
0.18965604 -4.69319016
0.189048523 -4.68396601
0.188444146 -4.67477129
0.187842888 -4.66560587
0.187244727 -4.65646958
0.186649644 -4.64736227
0.186057616 -4.63828381
0.185468623 -4.62923404
0.184882645 -4.62021281
0.18429966 -4.61121999
0.183719649 -4.60225542
0.183142591 -4.59331896
0.182568466 -4.58441047
0.181997256 -4.5755298
0.181428939 -4.56667683
0.180863497 -4.5578514
0.180300911 -4.54905338
0.179741161 -4.54028263
0.179184228 -4.53153901
0.178630094 -4.52282239
0.17807874 -4.51413264
0.177530147 -4.50546961
0.176984297 -4.49683318
0.176441173 -4.4882232
0.175900755 -4.47963956
0.175363026 -4.47108212
0.174827969 -4.46255075
0.174295565 -4.45404533
0.173765798 -4.44556571
0.17323865 -4.43711178
0.172714103 -4.42868341
0.172192142 -4.42028047
0.171672748 -4.41190284
0.171155906 -4.4035504
0.170641598 -4.39522302
0.170129809 -4.38692057
0.169620521 -4.37864295
0.16911372 -4.37039002
0.168609387 -4.36216166
0.168107509 -4.35395777
0.167608068 -4.34577821
0.16711105 -4.33762287
0.166616438 -4.32949164
0.166124218 -4.32138439
0.165634373 -4.31330102
0.165146889 -4.3052414
0.164661751 -4.29720543
0.164178944 -4.28919298
0.163698452 -4.28120395
0.163220262 -4.27323823
0.162744359 -4.2652957
0.162270727 -4.25737626
0.161799354 -4.24947979
0.161330224 -4.24160618
0.160863323 -4.23375533
0.160398638 -4.22592713
0.159936155 -4.21812146
0.159475859 -4.21033824
0.159017737 -4.20257734
0.158561776 -4.19483866
0.158107962 -4.18712211
0.157656281 -4.17942757
0.157206721 -4.17175494
0.156759268 -4.16410413
0.156313909 -4.15647502
0.155870631 -4.14886751
0.155429421 -4.14128152
0.154990267 -4.13371693
0.154553156 -4.12617365
0.154118076 -4.11865157
0.153685013 -4.11115061
0.153253956 -4.10367066
0.152824891 -4.09621162
0.152397808 -4.0887734
0.151972694 -4.08135591
0.151549537 -4.07395904
0.151128325 -4.06658271
0.150709046 -4.05922681
0.150291688 -4.05189127
0.149876241 -4.04457597
0.149462692 -4.03728084
0.149051029 -4.03000577
0.148641243 -4.02275068
0.14823332 -4.01551548
0.14782725 -4.00830007
0.147423023 -4.00110437
0.147020626 -3.99392829
0.146620049 -3.98677174
0.146221281 -3.97963463
0.145824311 -3.97251687
0.145429129 -3.96541838
0.145035724 -3.95833907
0.144644085 -3.95127885
0.144254202 -3.94423765
0.143866064 -3.93721536
0.143479662 -3.93021192
0.143094985 -3.92322723
0.142712022 -3.91626121
0.142330764 -3.90931378
0.141951201 -3.90238486
0.141573323 -3.89547436
0.141197119 -3.88858221
0.140822581 -3.88170832
0.140449698 -3.87485261
0.140078461 -3.868015
0.139708859 -3.86119541
0.139340885 -3.85439376
0.138974527 -3.84760998
0.138609778 -3.84084398
0.138246626 -3.83409569
0.137885064 -3.82736503
0.137525083 -3.82065193
0.137166672 -3.8139563
0.136809823 -3.80727807
0.136454527 -3.80061717
0.136100775 -3.79397352
0.135748559 -3.78734704
0.135397868 -3.78073766
0.135048696 -3.77414531
0.134701032 -3.76756991
0.13435487 -3.7610114
0.134010199 -3.75446969
0.133667011 -3.74794472
0.133325298 -3.74143641
0.132985053 -3.73494469
0.132646265 -3.7284695
0.132308928 -3.72201075
0.131973033 -3.71556839
0.131638571 -3.70914234
0.131305536 -3.70273253
0.130973918 -3.69633889
0.13064371 -3.68996135
0.130314904 -3.68359985
0.129987492 -3.67725432
0.129661467 -3.67092469
0.12933682 -3.66461089
0.129013544 -3.65831286
0.128691632 -3.65203052
0.128371075 -3.64576382
0.128051867 -3.63951269
0.127733999 -3.63327706
0.127417465 -3.62705687
0.127102256 -3.62085205
0.126788367 -3.61466255
0.126475789 -3.60848828
0.126164515 -3.6023292
0.125854538 -3.59618524
0.125545851 -3.59005633
0.125238447 -3.58394241
0.12493232 -3.57784343
0.124627461 -3.57175931
0.124323864 -3.56569001
0.124021522 -3.55963545
0.123720428 -3.55359557
0.123420577 -3.54757032
0.12312196 -3.54155964
0.122824571 -3.53556346
0.122528403 -3.52958173
0.122233451 -3.52361438
0.121939707 -3.51766136
0.121647165 -3.51172261
0.121355818 -3.50579808
0.121065661 -3.49988769
0.120776686 -3.4939914
0.120488887 -3.48810915
0.120202258 -3.48224088
0.119916793 -3.47638653
0.119632486 -3.47054606
0.11934933 -3.46471939
0.119067319 -3.45890648
0.118786448 -3.45310728
0.11850671 -3.44732171
0.118228099 -3.44154974
0.117950609 -3.43579131
0.117674234 -3.43004635
0.117398969 -3.42431482
0.117124807 -3.41859667
0.116851743 -3.41289184
0.116579772 -3.40720028
0.116308886 -3.40152193
0.116039081 -3.39585674
0.115770351 -3.39020466
0.11550269 -3.38456563
0.115236093 -3.37893962
0.114970554 -3.37332655
0.114706068 -3.36772639
0.114442629 -3.36213908
0.114180232 -3.35656458
0.113918872 -3.35100282
0.113658542 -3.34545376
0.113399238 -3.33991735
0.113140955 -3.33439354
0.112883686 -3.32888229
0.112627428 -3.32338353
0.112372174 -3.31789723
0.11211792 -3.31242333
0.11186466 -3.30696179
0.11161239 -3.30151255
0.111361104 -3.29607558
0.111110797 -3.29065081
0.110861464 -3.28523821
0.110613101 -3.27983773
0.110365702 -3.27444931
0.110119263 -3.26907292
0.109873778 -3.26370851
0.109629243 -3.25835603
0.109385654 -3.25301543
0.109143004 -3.24768667
0.10890129 -3.2423697
0.108660506 -3.23706448
0.108420649 -3.23177096
0.108181713 -3.2264891
0.107943693 -3.22121886
0.107706586 -3.21596018
0.107470387 -3.21071302
0.10723509 -3.20547735
0.107000693 -3.20025311
0.106767189 -3.19504026
0.106534575 -3.18983877
0.106302846 -3.18464858
0.106071998 -3.17946965
0.105842026 -3.17430195
0.105612926 -3.16914542
0.105384694 -3.16400003
0.105157326 -3.15886573
0.104930817 -3.15374249
0.104705163 -3.14863025
0.104480359 -3.14352899
0.104256403 -3.13843865
0.104033288 -3.13335919
0.103811012 -3.12829059
0.10358957 -3.12323279
0.103368958 -3.11818575
0.103149173 -3.11314944
0.102930209 -3.10812381
0.102712063 -3.10310882
0.102494732 -3.09810444
0.10227821 -3.09311063
0.102062494 -3.08812734
0.101847581 -3.08315454
0.101633466 -3.07819218
0.101420146 -3.07324024
0.101207616 -3.06829866
0.100995873 -3.06336742
0.100784913 -3.05844647
0.100574732 -3.05353578
0.100365327 -3.0486353
0.100156694 -3.04374501
0.0999488283 -3.03886486
0.0997417273 -3.03399481
0.0995353872 -3.02913484
0.0993298041 -3.0242849
0.0991249745 -3.01944495
0.0989208949 -3.01461496
0.0987175616 -3.00979489
0.098514971 -3.00498471
0.0983131198 -3.00018438
0.0981120043 -2.99539386
0.0979116211 -2.99061312
0.0977119667 -2.98584212
0.0975130376 -2.98108084
0.0973148305 -2.97632922
0.0971173419 -2.97158724
0.0969205685 -2.96685486
0.0967245069 -2.96213206
0.0965291537 -2.95741878
0.0963345057 -2.952715
0.0961405595 -2.94802069
0.0959473118 -2.94333581
0.0957547594 -2.93866033
0.095562899 -2.9339942
0.0953717275 -2.92933741
0.0951812415 -2.92468992
0.094991438 -2.92005168
0.0948023136 -2.91542268
0.0946138654 -2.91080287
0.0944260901 -2.90619223
0.0942389847 -2.90159071
0.094052546 -2.8969983
0.093866771 -2.89241495
0.0936816566 -2.88784064
0.0934971997 -2.88327533
0.0933133974 -2.87871899
0.0931302466 -2.87417158
0.0929477444 -2.86963309
0.0927658877 -2.86510347
0.0925846737 -2.86058269
0.0924040993 -2.85607072
0.0922241617 -2.85156754
0.0920448579 -2.84707311
0.091866185 -2.84258739
0.0916881403 -2.83811037
0.0915107208 -2.83364201
0.0913339237 -2.82918227
0.0911577462 -2.82473113
0.0909821854 -2.82028857
0.0908072387 -2.81585453
0.0906329031 -2.81142901
0.090459176 -2.80701197
0.0902860545 -2.80260337
0.0901135361 -2.7982032
0.0899416179 -2.79381142
0.0897702973 -2.78942799
0.0895995715 -2.7850529
0.089429438 -2.78068612
0.0892598941 -2.77632761
0.0890909371 -2.77197734
0.0889225644 -2.76763529
0.0887547734 -2.76330143
0.0885875616 -2.75897574
0.0884209263 -2.75465817
0.0882548649 -2.75034871
0.088089375 -2.74604733
0.087924454 -2.741754
0.0877600994 -2.73746869
0.0875963086 -2.73319137
0.0874330793 -2.72892202
0.0872704088 -2.72466061
0.0871082948 -2.72040712
0.0869467347 -2.7161615
0.0867857262 -2.71192375
0.0866252669 -2.70769383
0.0864653543 -2.70347171
0.086305986 -2.69925737
0.0861471596 -2.69505079
0.0859888728 -2.69085193
0.0858311233 -2.68666077
0.0856739086 -2.68247728
0.0855172265 -2.67830144
0.0853610746 -2.67413323
0.0852054506 -2.66997261
0.0850503522 -2.66581956
0.0848957772 -2.66167405
0.0847417233 -2.65753606
0.0845881882 -2.65340557
0.0844351697 -2.64928255
0.0842826656 -2.64516697
0.0841306736 -2.64105881
0.0839791915 -2.63695804
0.0838282172 -2.63286464
0.0836777484 -2.62877859
0.0835277831 -2.62469986
0.0833783189 -2.62062842
0.0832293539 -2.61656425
0.0830808858 -2.61250733
0.0829329125 -2.60845764
0.0827854319 -2.60441514
0.082638442 -2.60037982
0.0824919405 -2.59635165
0.0823459256 -2.5923306
0.082200395 -2.58831666
0.0820553467 -2.5843098
0.0819107787 -2.58031
0.081766689 -2.57631723
0.0816230755 -2.57233147
0.0814799362 -2.5683527
0.0813372691 -2.56438089
0.0811950722 -2.56041602
0.0810533436 -2.55645807
0.0809120813 -2.55250702
0.0807712833 -2.54856284
0.0806309476 -2.54462551
0.0804910724 -2.540695
0.0803516557 -2.53677131
0.0802126956 -2.53285439
0.0800741901 -2.52894424
0.0799361375 -2.52504083
0.0797985357 -2.52114413
0.0796613829 -2.51725413
0.0795246773 -2.5133708
0.079388417 -2.50949412
0.0792526002 -2.50562407
0.0791172249 -2.50176064
0.0789822895 -2.49790378
0.078847792 -2.4940535
0.0787137306 -2.49020976
0.0785801037 -2.48637254
0.0784469092 -2.48254182
0.0783141456 -2.47871758
0.078181811 -2.47489981
0.0780499036 -2.47108847
0.0779184218 -2.46728355
0.0777873637 -2.46348503
0.0776567276 -2.45969289
0.0775265118 -2.4559071
0.0773967146 -2.45212765
0.0772673342 -2.44835452
0.0771383691 -2.44458768
0.0770098174 -2.44082712
0.0768816775 -2.43707281
0.0767539477 -2.43332474
0.0766266265 -2.42958288
0.076499712 -2.42584722
0.0763732027 -2.42211773
0.0762470969 -2.4183944
0.076121393 -2.41467721
0.0759960894 -2.41096614
0.0758711844 -2.40726116
0.0757466765 -2.40356226
0.075622564 -2.39986942
0.0754988455 -2.39618262
0.0753755192 -2.39250184
0.0752525836 -2.38882706
0.0751300372 -2.38515826
0.0750078784 -2.38149543
0.0748861056 -2.37783854
0.0747647173 -2.37418758
0.074643712 -2.37054252
0.0745230882 -2.36690336
0.0744028443 -2.36327006
0.0742829788 -2.35964262
0.0741634902 -2.35602101
0.0740443771 -2.35240521
0.0739256379 -2.34879521
0.0738072711 -2.345191
0.0736892754 -2.34159254
0.0735716492 -2.33799982
0.073454391 -2.33441283
0.0733374995 -2.33083154
0.0732209731 -2.32725594
0.0731048105 -2.32368602
0.0729890102 -2.32012175
0.0728735707 -2.31656311
0.0727584908 -2.31301009
0.0726437689 -2.30946267
0.0725294037 -2.30592084
0.0724153938 -2.30238457
0.0723017378 -2.29885385
0.0721884343 -2.29532867
0.0720754819 -2.29180899
0.0719628793 -2.28829482
0.0718506251 -2.28478612
0.071738718 -2.28128289
0.0716271566 -2.2777851
0.0715159396 -2.27429275
0.0714050657 -2.27080581
0.0712945334 -2.26732426
0.0711843416 -2.26384809
0.0710744889 -2.26037729
0.070964974 -2.25691184
0.0708557956 -2.25345171
0.0707469523 -2.2499969
0.070638443 -2.24654738
0.0705302663 -2.24310315
0.070422421 -2.23966418
0.0703149057 -2.23623046
0.0702077193 -2.23280198
0.0701008605 -2.22937871
0.069994328 -2.22596065
0.0698881206 -2.22254776
0.069782237 -2.21914005
0.069676676 -2.21573749
0.0695714365 -2.21234007
0.0694665171 -2.20894778
0.0693619166 -2.20556059
0.069257634 -2.20217849
0.0691536678 -2.19880146
0.069050017 -2.1954295
0.0689466804 -2.19206259
0.0688436568 -2.1887007
0.0687409449 -2.18534383
0.0686385437 -2.18199195
0.068536452 -2.17864507
0.0684346686 -2.17530315
0.0683331923 -2.17196618
0.068232022 -2.16863416
0.0681311566 -2.16530706
0.0680305948 -2.16198487
0.0679303357 -2.15866758
0.067830378 -2.15535516
0.0677307206 -2.15204761
0.0676313625 -2.14874492
0.0675323024 -2.14544705
0.0674335394 -2.14215402
0.0673350722 -2.13886578
0.0672368998 -2.13558235
0.0671390212 -2.13230369
0.0670414351 -2.12902979
0.0669441406 -2.12576065
0.0668471365 -2.12249624
0.0667504219 -2.11923656
0.0666539956 -2.11598158
0.0665578565 -2.1127313
0.0664620036 -2.1094857
0.0663664359 -2.10624476
0.0662711524 -2.10300848
0.0661761519 -2.09977683
0.0660814334 -2.09654981
0.0659869959 -2.0933274
0.0658928385 -2.09010959
0.06579896 -2.08689636
0.0657053594 -2.0836877
0.0656120358 -2.0804836
0.0655189881 -2.07728404
0.0654262153 -2.07408901
0.0653337165 -2.0708985
0.0652414906 -2.06771249
0.0651495366 -2.06453097
0.0650578536 -2.06135392
0.0649664406 -2.05818135
0.0648752966 -2.05501322
0.0647844207 -2.05184952
0.0646938118 -2.04869026
0.064603469 -2.0455354
0.0645133914 -2.04238494
0.0644235781 -2.03923887
0.0643340279 -2.03609717
0.0642447401 -2.03295983
0.0641557137 -2.02982683
0.0640669477 -2.02669817
0.0639784413 -2.02357384
0.0638901934 -2.02045381
0.0638022032 -2.01733808
0.0637144698 -2.01422663
0.0636269922 -2.01111945
0.0635397695 -2.00801653
0.0634528008 -2.00491786
0.0633660853 -2.00182342
0.063279622 -1.99873321
0.0631934101 -1.9956472
0.0631074486 -1.99256539
0.0630217366 -1.98948777
0.0629362734 -1.98641432
0.0628510579 -1.98334503
0.0627660894 -1.98027989
0.062681367 -1.97721889
0.0625968898 -1.97416201
0.0625126569 -1.97110924
0.0624286675 -1.96806058
0.0623449208 -1.965016
0.0622614158 -1.96197551
0.0621781518 -1.95893907
0.0620951279 -1.9559067
0.0620123433 -1.95287836
0.061929797 -1.94985406
0.0618474884 -1.94683377
0.0617654166 -1.94381749
0.0616835808 -1.94080521
0.06160198 -1.93779691
0.0615206137 -1.93479259
0.0614394808 -1.93179223
0.0613585806 -1.92879581
0.0612779123 -1.92580334
0.0611974752 -1.9228148
0.0611172683 -1.91983017
0.061037291 -1.91684944
0.0609575424 -1.91387262
0.0608780217 -1.91089967
0.0607987282 -1.9079306
0.0607196611 -1.90496538
0.0606408195 -1.90200402
0.0605622028 -1.89904649
0.0604838102 -1.8960928
0.0604056409 -1.89314292
0.0603276941 -1.89019685
0.0602499691 -1.88725457
0.0601724651 -1.88431608
0.0600951814 -1.88138136
0.0600181172 -1.8784504
0.0599412718 -1.8755232
0.0598646445 -1.87259974
0.0597882344 -1.86968
0.059712041 -1.866764
0.0596360633 -1.8638517
0.0595603008 -1.8609431
0.0594847526 -1.85803818
0.0594094182 -1.85513695
0.0593342966 -1.85223939
0.0592593873 -1.84934548
0.0591846895 -1.84645522
0.0591102025 -1.8435686
0.0590359256 -1.84068561
0.0589618581 -1.83780623
0.0588879993 -1.83493046
0.0588143485 -1.83205829
0.058740905 -1.8291897
0.0586676682 -1.82632469
0.0585946372 -1.82346325
0.0585218115 -1.82060536
0.0584491904 -1.81775102
0.0583767731 -1.81490021
0.0583045591 -1.81205293
0.0582325475 -1.80920917
0.0581607379 -1.80636892
0.0580891294 -1.80353216
0.0580177215 -1.80069888
0.0579465134 -1.79786909
0.0578755046 -1.79504276
0.0578046943 -1.79221989
0.0577340819 -1.78940047
0.0576636668 -1.78658449
0.0575934483 -1.78377194
0.0575234257 -1.7809628
0.0574535985 -1.77815708
0.057383966 -1.77535476
0.0573145275 -1.77255583
0.0572452824 -1.76976027
0.0571762301 -1.7669681
0.0571073699 -1.76417928
0.0570387013 -1.76139382
END
