SIMP
NP=4096
SW=20000
TYPE=SPE
DATA
0.0775570579 -2.45542585
0.0774270803 -2.45164492
0.0772975208 -2.44787032
0.0771683775 -2.44410202
0.0770396489 -2.44034
0.0769113333 -2.43658425
0.0767834289 -2.43283474
0.0766559341 -2.42909146
0.0765288472 -2.42535438
0.0764021665 -2.42162348
0.0762758906 -2.41789875
0.0761500175 -2.41418016
0.0760245459 -2.4104677
0.075899474 -2.40676134
0.0757748002 -2.40306107
0.0756505229 -2.39936687
0.0755266406 -2.39567872
0.0754031516 -2.39199659
0.0752800544 -2.38832047
0.0751573473 -2.38465035
0.0750350289 -2.38098619
0.0749130975 -2.37732799
0.0747915517 -2.37367572
0.0746703898 -2.37002936
0.0745496104 -2.36638891
0.0744292119 -2.36275433
0.0743091928 -2.35912561
0.0741895517 -2.35550273
0.0740702869 -2.35188567
0.073951397 -2.34827442
0.0738328806 -2.34466895
0.0737147361 -2.34106925
0.073596962 -2.3374753
0.073479557 -2.33388708
0.0733625195 -2.33030458
0.0732458482 -2.32672777
0.0731295415 -2.32315664
0.073013598 -2.31959117
0.0728980163 -2.31603134
0.072782795 -2.31247714
0.0726679327 -2.30892854
0.0725534279 -2.30538554
0.0724392793 -2.30184811
0.0723254855 -2.29831623
0.072212045 -2.29478989
0.0720989566 -2.29126908
0.0719862188 -2.28775376
0.0718738303 -2.28424394
0.0717617897 -2.28073958
0.0716500957 -2.27724068
0.0715387469 -2.27374721
0.071427742 -2.27025916
0.0713170796 -2.26677652
0.0712067585 -2.26329926
0.0710967773 -2.25982737
0.0709871347 -2.25636084
0.0708778294 -2.25289964
0.0707688601 -2.24944376
0.0706602255 -2.24599318
0.0705519243 -2.2425479
0.0704439553 -2.23910788
0.0703363171 -2.23567312
0.0702290086 -2.2322436
0.0701220284 -2.2288193
0.0700153753 -2.2254002
0.069909048 -2.2219863
0.0698030454 -2.21857758
0.0696973661 -2.21517401
0.0695920089 -2.21177559
0.0694869727 -2.2083823
0.0693822561 -2.20499411
0.0692778581 -2.20161103
0.0691737773 -2.19823303
0.0690700126 -2.19486009
0.0689665628 -2.19149221
0.0688634266 -2.18812936
0.068760603 -2.18477153
0.0686580907 -2.1814187
0.0685558886 -2.17807087
0.0684539955 -2.17472801
0.0683524102 -2.17139011
0.0682511316 -2.16805715
0.0681501585 -2.16472912
0.0680494898 -2.16140601
0.0679491244 -2.1580878
0.0678490611 -2.15477448
0.0677492988 -2.15146603
0.0676498363 -2.14816243
0.0675506726 -2.14486367
0.0674518066 -2.14156974
0.0673532371 -2.13828063
0.067254963 -2.13499631
0.0671569833 -2.13171678
0.0670592968 -2.12844201
0.0669619025 -2.125172
0.0668647993 -2.12190674
0.0667679861 -2.11864619
0.0666714619 -2.11539037
0.0665752255 -2.11213924
0.066479276 -2.10889279
0.0663836122 -2.10565102
0.0662882331 -2.1024139
0.0661931377 -2.09918143
0.066098325 -2.09595359
0.0660037938 -2.09273036
0.0659095433 -2.08951173
0.0658155722 -2.08629769
0.0657218797 -2.08308823
0.0656284647 -2.07988333
0.0655353262 -2.07668297
0.0654424632 -2.07348715
0.0653498747 -2.07029585
0.0652575597 -2.06710906
0.0651655172 -2.06392676
0.0650737463 -2.06074894
0.0649822458 -2.05757559
0.064891015 -2.0544067
0.0648000527 -2.05124224
0.064709358 -2.04808222
0.06461893 -2.04492661
0.0645287677 -2.0417754
0.0644388702 -2.03862858
0.0643492364 -2.03548614
0.0642598654 -2.03234807
0.0641707564 -2.02921434
0.0640819084 -2.02608495
0.0639933203 -2.02295989
0.0639049914 -2.01983914
0.0638169206 -2.01672269
0.0637291072 -2.01361053
0.06364155 -2.01050264
0.0635542483 -2.00739902
0.0634672011 -2.00429964
0.0633804075 -2.00120451
0.0632938667 -1.9981136
0.0632075776 -1.9950269
0.0631215395 -1.99194441
0.0630357515 -1.9888661
0.0629502126 -1.98579197
0.062864922 -1.98272201
0.0627798788 -1.97965619
0.0626950822 -1.97659452
0.0626105312 -1.97353698
0.0625262251 -1.97048355
0.0624421629 -1.96743423
0.0623583437 -1.964389
0.0622747669 -1.96134785
0.0621914314 -1.95831077
0.0621083365 -1.95527775
0.0620254813 -1.95224878
0.061942865 -1.94922384
0.0618604867 -1.94620292
0.0617783457 -1.94318601
0.061696441 -1.9401731
0.0616147719 -1.93716418
0.0615333376 -1.93415924
0.0614521372 -1.93115826
0.06137117 -1.92816123
0.0612904351 -1.92516815
0.0612099317 -1.922179
0.061129659 -1.91919376
0.0610496163 -1.91621244
0.0609698027 -1.91323501
0.0608902174 -1.91026147
0.0608108598 -1.90729181
0.0607317289 -1.90432601
0.060652824 -1.90136406
0.0605741443 -1.89840595
0.0604956892 -1.89545168
0.0604174577 -1.89250122
0.0603394491 -1.88955458
0.0602616627 -1.88661173
0.0601840978 -1.88367267
0.0601067535 -1.88073739
0.0600296291 -1.87780587
0.0599527239 -1.87487811
0.0598760371 -1.87195409
0.0597995679 -1.86903381
0.0597233158 -1.86611725
0.0596472798 -1.8632044
0.0595714593 -1.86029526
0.0594958536 -1.85738981
0.0594204619 -1.85448804
0.0593452835 -1.85158994
0.0592703177 -1.8486955
0.0591955637 -1.84580471
0.059121021 -1.84291756
0.0590466887 -1.84003405
0.0589725661 -1.83715415
0.0588986526 -1.83427786
0.0588249474 -1.83140517
0.0587514499 -1.82853607
0.0586781594 -1.82567055
0.0586050751 -1.82280859
0.0585321964 -1.8199502
0.0584595226 -1.81709535
0.058387053 -1.81424405
0.058314787 -1.81139627
0.0582427238 -1.80855201
0.0581708629 -1.80571126
0.0580992034 -1.80287401
0.0580277448 -1.80004025
0.0579564865 -1.79720997
0.0578854276 -1.79438316
0.0578145677 -1.79155981
0.0577439059 -1.78873991
0.0576734417 -1.78592345
0.0576031745 -1.78311043
0.0575331035 -1.78030082
0.0574632282 -1.77749463
0.0573935479 -1.77469184
0.0573240619 -1.77189244
0.0572547696 -1.76909643
0.0571856704 -1.76630379
0.0571167637 -1.76351451
0.0570480489 -1.7607286
0.0569795252 -1.75794602
0.0569111921 -1.75516679
0.056843049 -1.75239088
0.0567750952 -1.74961829
0.0567073302 -1.74684901
0.0566397533 -1.74408304
0.0565723639 -1.74132035
0.0565051615 -1.73856094
0.0564381453 -1.73580481
0.0563713149 -1.73305194
0.0563046696 -1.73030232
0.0562382087 -1.72755595
0.0561719319 -1.72481282
0.0561058383 -1.72207291
0.0560399275 -1.71933622
0.0559741989 -1.71660275
0.0559086518 -1.71387247
0.0558432857 -1.71114539
0.0557781001 -1.70842149
0.0557130943 -1.70570076
0.0556482677 -1.7029832
0.0555836199 -1.7002688
0.0555191502 -1.69755754
0.0554548581 -1.69484943
0.055390743 -1.69214444
0.0553268043 -1.68944258
0.0552630415 -1.68674384
0.055199454 -1.68404819
0.0551360413 -1.68135565
0.0550728029 -1.67866619
0.0550097381 -1.67597981
0.0549468464 -1.67329651
0.0548841273 -1.67061627
0.0548215802 -1.66793908
0.0547592047 -1.66526493
0.0546970001 -1.66259383
0.054634966 -1.65992576
0.0545731017 -1.6572607
0.0545114068 -1.65459866
0.0544498807 -1.65193963
0.0543885229 -1.64928359
0.054327333 -1.64663054
0.0542663102 -1.64398046
0.0542054543 -1.64133337
0.0541447645 -1.63868923
0.0540842405 -1.63604805
0.0540238816 -1.63340982
0.0539636874 -1.63077453
0.0539036574 -1.62814217
0.0538437911 -1.62551273
0.0537840879 -1.62288621
0.0537245474 -1.6202626
0.053665169 -1.61764189
0.0536059523 -1.61502407
0.0535468967 -1.61240913
0.0534880019 -1.60979707
0.0534292671 -1.60718788
0.0533706921 -1.60458154
0.0533122763 -1.60197807
0.0532540191 -1.59937743
0.0531959202 -1.59677964
0.0531379791 -1.59418467
0.0530801952 -1.59159253
0.053022568 -1.5890032
0.0529650972 -1.58641667
0.0529077822 -1.58383295
0.0528506226 -1.58125202
0.0527936178 -1.57867387
0.0527367675 -1.5760985
0.0526800711 -1.57352589
0.0526235282 -1.57095605
0.0525671383 -1.56838897
0.052510901 -1.56582462
0.0524548158 -1.56326302
0.0523988822 -1.56070415
0.0523430998 -1.55814801
0.0522874682 -1.55559458
0.0522319868 -1.55304386
0.0521766553 -1.55049584
0.0521214731 -1.54795052
0.0520664399 -1.54540789
0.0520115552 -1.54286793
0.0519568185 -1.54033065
0.0519022294 -1.53779604
0.0518477875 -1.53526408
0.0517934924 -1.53273478
0.0517393435 -1.53020812
0.0516853405 -1.5276841
0.0516314829 -1.52516271
0.0515777703 -1.52264394
0.0515242023 -1.52012779
0.0514707785 -1.51761425
0.0514174983 -1.51510331
0.0513643615 -1.51259496
0.0513113675 -1.5100892
0.051258516 -1.50758603
0.0512058065 -1.50508543
0.0511532387 -1.50258739
0.051100812 -1.50009192
0.0510485261 -1.497599
0.0509963807 -1.49510863
0.0509443751 -1.49262079
0.0508925092 -1.49013549
0.0508407824 -1.48765272
0.0507891943 -1.48517247
0.0507377446 -1.48269473
0.0506864328 -1.48021949
0.0506352586 -1.47774675
0.0505842215 -1.47527651
0.0505333212 -1.47280875
0.0504825572 -1.47034348
0.0504319292 -1.46788067
0.0503814367 -1.46542033
0.0503310794 -1.46296245
0.0502808569 -1.46050703
0.0502307688 -1.45805405
0.0501808147 -1.45560351
0.0501309943 -1.4531554
0.0500813071 -1.45070972
0.0500317527 -1.44826646
0.0499823308 -1.44582561
0.049933041 -1.44338717
0.049883883 -1.44095114
0.0498348563 -1.43851749
0.0497859606 -1.43608624
0.0497371955 -1.43365737
0.0496885606 -1.43123087
0.0496400556 -1.42880674
0.0495916801 -1.42638497
0.0495434337 -1.42396556
0.049495316 -1.4215485
0.0494473268 -1.41913379
0.0493994656 -1.41672141
0.0493517321 -1.41431136
0.0493041259 -1.41190364
0.0492566466 -1.40949824
0.049209294 -1.40709515
0.0491620676 -1.40469436
0.0491149671 -1.40229588
0.0490679922 -1.39989969
0.0490211424 -1.39750579
0.0489744175 -1.39511418
0.048927817 -1.39272483
0.0488813407 -1.39033776
0.0488349882 -1.38795295
0.0487887592 -1.3855704
0.0487426532 -1.38319011
0.0486966701 -1.38081205
0.0486508093 -1.37843624
0.0486050707 -1.37606266
0.0485594538 -1.37369131
0.0485139583 -1.37132219
0.0484685839 -1.36895527
0.0484233303 -1.36659057
0.0483781971 -1.36422808
0.0483331839 -1.36186778
0.0482882905 -1.35950967
0.0482435165 -1.35715375
0.0481988617 -1.35480002
0.0481543256 -1.35244845
0.0481099079 -1.35009906
0.0480656084 -1.34775183
0.0480214267 -1.34540676
0.0479773624 -1.34306384
0.0479334153 -1.34072307
0.0478895851 -1.33838444
0.0478458714 -1.33604794
0.0478022739 -1.33371358
0.0477587923 -1.33138133
0.0477154262 -1.32905121
0.0476721755 -1.3267232
0.0476290397 -1.32439729
0.0475860185 -1.32207349
0.0475431117 -1.31975178
0.0475003189 -1.31743216
0.0474576399 -1.31511463
0.0474150742 -1.31279917
0.0473726217 -1.31048579
0.047330282 -1.30817448
0.0472880548 -1.30586523
0.0472459398 -1.30355803
0.0472039367 -1.30125289
0.0471620453 -1.2989498
0.0471202651 -1.29664874
0.047078596 -1.29434972
0.0470370376 -1.29205273
0.0469955896 -1.28975777
0.0469542518 -1.28746482
0.0469130238 -1.28517389
0.0468719054 -1.28288497
0.0468308962 -1.28059805
0.046789996 -1.27831312
0.0467492045 -1.27603019
0.0467085215 -1.27374925
0.0466679465 -1.27147029
0.0466274794 -1.26919331
0.0465871198 -1.26691829
0.0465468676 -1.26464525
0.0465067223 -1.26237416
0.0464666837 -1.26010503
0.0464267516 -1.25783785
0.0463869256 -1.25557261
0.0463472055 -1.25330932
0.046307591 -1.25104796
0.0462680818 -1.24878853
0.0462286777 -1.24653103
0.0461893784 -1.24427544
0.0461501837 -1.24202177
0.0461110931 -1.23977001
0.0460721066 -1.23752015
0.0460332237 -1.2352722
0.0459944443 -1.23302613
0.0459557681 -1.23078196
0.0459171948 -1.22853967
0.0458787241 -1.22629926
0.0458403558 -1.22406072
0.0458020897 -1.22182405
0.0457639254 -1.21958925
0.0457258627 -1.21735631
0.0456879013 -1.21512522
0.0456500411 -1.21289598
0.0456122817 -1.21066858
0.0455746228 -1.20844302
0.0455370643 -1.2062193
0.0454996058 -1.20399741
0.0454622472 -1.20177734
0.0454249881 -1.19955909
0.0453878283 -1.19734266
0.0453507676 -1.19512804
0.0453138056 -1.19291522
0.0452769423 -1.19070421
0.0452401772 -1.18849499
0.0452035103 -1.18628756
0.0451669411 -1.18408192
0.0451304695 -1.18187806
0.0450940953 -1.17967597
0.0450578181 -1.17747566
0.0450216378 -1.17527712
0.0449855541 -1.17308033
0.0449495668 -1.17088531
0.0449136756 -1.16869204
0.0448778802 -1.16650052
0.0448421806 -1.16431074
0.0448065763 -1.1621227
0.0447710672 -1.1599364
0.0447356531 -1.15775182
0.0447003337 -1.15556897
0.0446651088 -1.15338784
0.0446299781 -1.15120843
0.0445949414 -1.14903073
0.0445599985 -1.14685473
0.0445251492 -1.14468044
0.0444903932 -1.14250785
0.0444557303 -1.14033695
0.0444211602 -1.13816773
0.0443866829 -1.13600021
0.0443522979 -1.13383436
0.0443180051 -1.13167019
0.0442838043 -1.12950768
0.0442496953 -1.12734685
0.0442156777 -1.12518767
0.0441817515 -1.12303015
0.0441479164 -1.12087429
0.0441141721 -1.11872007
0.0440805185 -1.1165675
0.0440469553 -1.11441657
0.0440134824 -1.11226727
0.0439800994 -1.11011961
0.0439468062 -1.10797357
0.0439136026 -1.10582915
0.0438804883 -1.10368635
0.0438474632 -1.10154516
0.043814527 -1.09940558
0.0437816795 -1.09726761
0.0437489206 -1.09513123
0.0437162499 -1.09299646
0.0436836673 -1.09086327
0.0436511726 -1.08873167
0.0436187656 -1.08660166
0.043586446 -1.08447322
0.0435542137 -1.08234636
0.0435220685 -1.08022107
0.0434900101 -1.07809734
0.0434580383 -1.07597518
0.043426153 -1.07385457
0.0433943539 -1.07173552
0.0433626409 -1.06961801
0.0433310137 -1.06750206
0.0432994722 -1.06538764
0.0432680161 -1.06327476
0.0432366452 -1.06116341
0.0432053594 -1.05905359
0.0431741584 -1.05694529
0.0431430421 -1.05483852
0.0431120102 -1.05273326
0.0430810626 -1.05062951
0.0430501991 -1.04852727
0.0430194194 -1.04642653
0.0429887234 -1.04432729
0.0429581109 -1.04222955
0.0429275817 -1.0401333
0.0428971357 -1.03803854
0.0428667725 -1.03594526
0.042836492 -1.03385346
0.0428062941 -1.03176313
0.0427761786 -1.02967428
0.0427461452 -1.02758689
0.0427161938 -1.02550097
0.0426863242 -1.02341651
0.0426565362 -1.0213335
0.0426268296 -1.01925194
0.0425972043 -1.01717183
0.04256766 -1.01509316
0.0425381966 -1.01301593
0.0425088139 -1.01094014
0.0424795117 -1.00886578
0.0424502898 -1.00679285
0.0424211481 -1.00472134
0.0423920864 -1.00265125
0.0423631044 -1.00058258
0.0423342021 -0.998515313
0.0423053793 -0.996449459
0.0422766356 -0.99438501
0.0422479711 -0.99232196
0.0422193855 -0.990260308
0.0421908787 -0.988200048
0.0421624504 -0.986141176
0.0421341005 -0.98408369
0.0421058288 -0.982027585
0.0420776352 -0.979972857
0.0420495194 -0.977919503
0.0420214814 -0.975867519
0.0419935209 -0.973816901
0.0419656378 -0.971767645
0.0419378318 -0.969719747
0.0419101029 -0.967673204
0.0418824509 -0.965628012
0.0418548756 -0.963584167
0.0418273768 -0.961541666
0.0417999544 -0.959500504
0.0417726081 -0.957460678
0.0417453379 -0.955422185
0.0417181436 -0.95338502
0.041691025 -0.95134918
0.041663982 -0.949314661
0.0416370143 -0.94728146
0.0416101219 -0.945249573
0.0415833045 -0.943218996
0.0415565621 -0.941189725
0.0415298943 -0.939161757
0.0415033012 -0.937135089
0.0414767825 -0.935109716
0.0414503381 -0.933085635
0.0414239678 -0.931062842
0.0413976714 -0.929041334
0.0413714488 -0.927021107
0.0413452999 -0.925002158
0.0413192245 -0.922984483
0.0412932224 -0.920968078
0.0412672935 -0.91895294
0.0412414377 -0.916939065
0.0412156547 -0.91492645
0.0411899444 -0.912915091
0.0411643067 -0.910904984
0.0411387414 -0.908896127
0.0411132484 -0.906888515
0.0410878276 -0.904882145
0.0410624787 -0.902877013
0.0410372016 -0.900873117
0.0410119962 -0.898870452
0.0409868623 -0.896869015
0.0409617999 -0.894868802
0.0409368086 -0.89286981
0.0409118885 -0.890872036
0.0408870392 -0.888875477
0.0408622608 -0.886880127
0.0408375531 -0.884885985
0.0408129158 -0.882893047
0.040788349 -0.880901309
0.0407638523 -0.878910767
0.0407394258 -0.87692142
0.0407150691 -0.874933262
0.0406907823 -0.872946291
0.0406665651 -0.870960503
0.0406424175 -0.868975895
0.0406183392 -0.866992463
0.0405943302 -0.865010205
0.0405703903 -0.863029116
0.0405465194 -0.861049193
0.0405227172 -0.859070433
0.0404989838 -0.857092833
0.0404753189 -0.85511639
0.0404517225 -0.853141099
0.0404281943 -0.851166957
0.0404047343 -0.849193962
0.0403813423 -0.84722211
0.0403580181 -0.845251398
0.0403347617 -0.843281822
0.040311573 -0.841313378
0.0402884517 -0.839346065
0.0402653977 -0.837379878
0.040242411 -0.835414814
0.0402194914 -0.83345087
0.0401966387 -0.831488043
0.0401738528 -0.829526329
0.0401511336 -0.827565725
0.040128481 -0.825606227
0.0401058949 -0.823647834
0.040083375 -0.821690541
0.0400609214 -0.819734344
0.0400385337 -0.817779242
0.0400162121 -0.815825231
0.0399939562 -0.813872306
0.039971766 -0.811920467
0.0399496413 -0.809969708
0.0399275821 -0.808020027
0.0399055882 -0.806071421
0.0398836594 -0.804123886
0.0398617957 -0.802177419
0.039839997 -0.800232018
0.039818263 -0.798287679
0.0397965937 -0.796344398
0.0397749891 -0.794402173
0.0397534488 -0.792461001
0.0397319729 -0.790520878
0.0397105611 -0.788581801
0.0396892135 -0.786643767
0.0396679298 -0.784706774
0.03964671 -0.782770817
0.0396255539 -0.780835894
0.0396044614 -0.778902002
0.0395834324 -0.776969137
0.0395624668 -0.775037296
0.0395415644 -0.773106477
0.0395207252 -0.771176677
0.039499949 -0.769247891
0.0394792357 -0.767320118
0.0394585852 -0.765393354
0.0394379974 -0.763467595
0.0394174722 -0.76154284
0.0393970094 -0.759619085
0.039376609 -0.757696326
0.0393562708 -0.755774562
0.0393359947 -0.753853788
0.0393157806 -0.751934002
0.0392956284 -0.7500152
0.039275538 -0.748097381
0.0392555092 -0.74618054
0.039235542 -0.744264674
0.0392156363 -0.742349782
0.0391957919 -0.740435859
0.0391760088 -0.738522903
0.0391562867 -0.736610911
0.0391366257 -0.734699879
0.0391170256 -0.732789805
0.0390974863 -0.730880686
0.0390780077 -0.728972519
0.0390585897 -0.727065301
0.0390392321 -0.725159029
0.039019935 -0.7232537
0.0390006981 -0.72134931
0.0389815214 -0.719445858
0.0389624047 -0.717543341
0.038943348 -0.715641754
0.0389243511 -0.713741096
0.038905414 -0.711841363
0.0388865366 -0.709942552
0.0388677187 -0.708044662
0.0388489602 -0.706147687
0.0388302611 -0.704251627
0.0388116212 -0.702356478
0.0387930405 -0.700462236
0.0387745188 -0.6985689
0.038756056 -0.696676466
0.0387376521 -0.694784932
0.0387193069 -0.692894294
0.0387010204 -0.691004549
0.0386827924 -0.689115696
0.0386646229 -0.68722773
0.0386465117 -0.685340649
0.0386284587 -0.683454451
0.0386104639 -0.681569132
0.0385925272 -0.67968469
0.0385746484 -0.677801121
0.0385568275 -0.675918423
0.0385390643 -0.674036594
0.0385213589 -0.67215563
0.038503711 -0.670275528
0.0384861205 -0.668396286
0.0384685875 -0.6665179
0.0384511118 -0.664640369
0.0384336933 -0.662763689
0.0384163318 -0.660887858
0.0383990274 -0.659012872
0.03838178 -0.657138729
0.0383645893 -0.655265426
0.0383474554 -0.653392961
0.0383303782 -0.65152133
0.0383133575 -0.649650532
0.0382963933 -0.647780562
0.0382794854 -0.645911418
0.0382626339 -0.644043099
0.0382458385 -0.6421756
0.0382290993 -0.640308919
0.0382124161 -0.638443053
0.0381957888 -0.636578
0.0381792174 -0.634713757
0.0381627017 -0.632850322
0.0381462417 -0.63098769
0.0381298373 -0.629125861
0.0381134884 -0.627264831
0.0380971949 -0.625404596
0.0380809567 -0.623545156
0.0380647737 -0.621686506
0.038048646 -0.619828645
0.0380325732 -0.61797157
0.0380165555 -0.616115277
0.0380005927 -0.614259764
0.0379846847 -0.612405029
0.0379688314 -0.610551069
0.0379530328 -0.608697881
0.0379372888 -0.606845462
0.0379215992 -0.604993811
0.037905964 -0.603142923
0.0378903832 -0.601292797
0.0378748566 -0.59944343
0.0378593842 -0.597594819
0.0378439658 -0.595746962
0.0378286015 -0.593899856
0.0378132911 -0.592053498
0.0377980345 -0.590207886
0.0377828316 -0.588363017
0.0377676825 -0.586518889
0.0377525869 -0.584675498
0.0377375449 -0.582832843
0.0377225563 -0.58099092
0.0377076211 -0.579149727
0.0376927392 -0.577309262
0.0376779105 -0.575469522
0.0376631349 -0.573630503
0.0376484124 -0.571792205
0.0376337428 -0.569954623
0.0376191262 -0.568117756
0.0376045624 -0.566281601
0.0375900514 -0.564446155
0.037575593 -0.562611416
0.0375611873 -0.560777381
0.037546834 -0.558944048
0.0375325333 -0.557111414
0.0375182849 -0.555279476
0.0375040889 -0.553448232
0.037489945 -0.55161768
0.0374758534 -0.549787816
0.0374618138 -0.547958639
0.0374478263 -0.546130145
0.0374338907 -0.544302333
0.0374200069 -0.5424752
0.037406175 -0.540648742
0.0373923948 -0.538822958
0.0373786663 -0.536997846
0.0373649894 -0.535173402
0.037351364 -0.533349624
0.0373377901 -0.531526509
0.0373242675 -0.529704056
0.0373107963 -0.527882261
0.0372973763 -0.526061123
0.0372840075 -0.524240638
0.0372706898 -0.522420803
0.0372574231 -0.520601618
0.0372442074 -0.518783078
0.0372310426 -0.516965183
0.0372179287 -0.515147928
0.0372048655 -0.513331312
0.0371918531 -0.511515332
0.0371788912 -0.509699986
0.03716598 -0.507885271
0.0371531193 -0.506071184
0.037140309 -0.504257724
0.0371275491 -0.502444888
0.0371148395 -0.500632673
0.0371021801 -0.498821077
0.037089571 -0.497010098
0.0370770119 -0.495199733
0.0370645029 -0.493389979
0.0370520439 -0.491580834
0.0370396349 -0.489772296
0.0370272757 -0.487964362
0.0370149663 -0.486157031
0.0370027067 -0.484350298
0.0369904967 -0.482544163
0.0369783364 -0.480738622
0.0369662256 -0.478933673
0.0369541644 -0.477129314
0.0369421525 -0.475325542
0.0369301901 -0.473522355
0.0369182769 -0.471719751
0.036906413 -0.469917727
0.0368945983 -0.46811628
0.0368828328 -0.466315409
0.0368711163 -0.46451511
0.0368594489 -0.462715382
0.0368478304 -0.460916223
0.0368362608 -0.459117628
0.0368247401 -0.457319598
0.0368132681 -0.455522128
0.0368018449 -0.453725217
0.0367904704 -0.451928862
0.0367791444 -0.45013306
0.036767867 -0.44833781
0.0367566382 -0.44654311
0.0367454578 -0.444748956
0.0367343257 -0.442955346
0.036723242 -0.441162279
0.0367122066 -0.439369751
0.0367012194 -0.43757776
0.0366902804 -0.435786304
0.0366793895 -0.433995381
0.0366685466 -0.432204988
0.0366577518 -0.430415123
0.0366470049 -0.428625783
0.0366363059 -0.426836967
0.0366256548 -0.425048672
0.0366150515 -0.423260895
0.0366044959 -0.421473634
0.036593988 -0.419686888
0.0365835277 -0.417900652
0.036573115 -0.416114927
0.0365627498 -0.414329708
0.0365524322 -0.412544993
0.0365421619 -0.410760781
0.036531939 -0.408977069
0.0365217635 -0.407193854
0.0365116352 -0.405411135
0.0365015542 -0.403628909
0.0364915204 -0.401847174
0.0364815336 -0.400065927
0.036471594 -0.398285166
0.0364617014 -0.396504889
0.0364518558 -0.394725094
0.0364420571 -0.392945778
0.0364323052 -0.391166939
0.0364226003 -0.389388574
0.0364129421 -0.387610682
0.0364033306 -0.38583326
0.0363937659 -0.384056306
0.0363842478 -0.382279818
0.0363747763 -0.380503793
0.0363653513 -0.378728229
0.0363559729 -0.376953123
0.0363466409 -0.375178474
0.0363373553 -0.37340428
0.0363281161 -0.371630537
0.0363189232 -0.369857244
0.0363097766 -0.368084398
0.0363006763 -0.366311998
0.0362916221 -0.36454004
0.0362826141 -0.362768523
0.0362736521 -0.360997445
0.0362647363 -0.359226803
0.0362558664 -0.357456594
0.0362470425 -0.355686818
0.0362382645 -0.353917471
0.0362295325 -0.352148551
0.0362208462 -0.350380056
0.0362122058 -0.348611983
0.0362036111 -0.346844331
0.0361950621 -0.345077098
0.0361865588 -0.34331028
0.0361781011 -0.341543877
0.0361696891 -0.339777884
0.0361613225 -0.338012302
0.0361530015 -0.336247126
0.0361447259 -0.334482355
0.0361364958 -0.332717987
0.0361283111 -0.33095402
0.0361201717 -0.32919045
0.0361120776 -0.327427277
0.0361040287 -0.325664498
0.0360960251 -0.32390211
0.0360880667 -0.322140111
0.0360801535 -0.3203785
0.0360722853 -0.318617274
0.0360644622 -0.316856431
0.0360566842 -0.315095968
0.0360489512 -0.313335884
0.0360412631 -0.311576176
0.0360336199 -0.309816842
0.0360260217 -0.30805788
0.0360184683 -0.306299288
0.0360109596 -0.304541063
0.0360034958 -0.302783203
0.0359960767 -0.301025707
0.0359887023 -0.299268571
0.0359813726 -0.297511794
0.0359740875 -0.295755374
0.035966847 -0.293999308
0.0359596511 -0.292243594
0.0359524997 -0.290488231
0.0359453928 -0.288733215
0.0359383304 -0.286978545
0.0359313123 -0.285224218
0.0359243387 -0.283470233
0.0359174094 -0.281716587
0.0359105245 -0.279963278
0.0359036838 -0.278210304
0.0358968874 -0.276457662
0.0358901353 -0.274705352
0.0358834273 -0.272953369
0.0358767634 -0.271201713
0.0358701437 -0.269450381
0.0358635681 -0.267699371
0.0358570366 -0.26594868
0.0358505491 -0.264198307
0.0358441056 -0.26244825
0.0358377061 -0.260698506
0.0358313505 -0.258949073
0.0358250388 -0.25719995
0.035818771 -0.255451133
0.035812547 -0.253702621
0.0358063669 -0.251954412
0.0358002305 -0.250206503
0.0357941379 -0.248458892
0.035788089 -0.246711578
0.0357820839 -0.244964558
0.0357761224 -0.243217829
0.0357702045 -0.241471391
0.0357643303 -0.23972524
0.0357584997 -0.237979375
0.0357527126 -0.236233793
0.035746969 -0.234488493
0.035741269 -0.232743472
0.0357356124 -0.230998728
0.0357299993 -0.229254258
0.0357244295 -0.227510062
0.0357189032 -0.225766136
0.0357134203 -0.224022479
0.0357079807 -0.222279089
0.0357025844 -0.220535963
0.0356972314 -0.218793099
0.0356919217 -0.217050495
0.0356866552 -0.215308149
0.0356814319 -0.21356606
0.0356762518 -0.211824224
0.0356711149 -0.210082639
0.0356660211 -0.208341305
0.0356609705 -0.206600217
0.0356559629 -0.204859376
0.0356509984 -0.203118777
0.035646077 -0.20137842
0.0356411985 -0.199638302
0.0356363631 -0.197898421
0.0356315706 -0.196158774
0.0356268211 -0.194419361
0.0356221145 -0.192680178
0.0356174508 -0.190941224
0.03561283 -0.189202496
0.0356082521 -0.187463993
0.035603717 -0.185725712
0.0355992247 -0.183987652
0.0355947753 -0.182249809
0.0355903686 -0.180512183
0.0355860046 -0.17877477
0.0355816834 -0.17703757
0.0355774049 -0.175300579
0.0355731691 -0.173563796
0.035568976 -0.171827219
0.0355648255 -0.170090845
0.0355607177 -0.168354673
0.0355566524 -0.1666187
0.0355526298 -0.164882924
0.0355486497 -0.163147344
0.0355447122 -0.161411957
0.0355408173 -0.159676761
0.0355369648 -0.157941754
0.0355331549 -0.156206934
0.0355293874 -0.154472299
0.0355256624 -0.152737846
0.0355219799 -0.151003575
0.0355183398 -0.149269482
0.035514742 -0.147535565
0.0355111867 -0.145801823
0.0355076738 -0.144068254
0.0355042032 -0.142334855
0.035500775 -0.140601624
0.0354973891 -0.13886856
0.0354940455 -0.137135659
0.0354907442 -0.135402921
0.0354874852 -0.133670343
0.0354842685 -0.131937923
0.035481094 -0.130205659
0.0354779617 -0.128473548
0.0354748717 -0.12674159
0.0354718239 -0.125009781
0.0354688183 -0.12327812
0.0354658548 -0.121546605
0.0354629335 -0.119815233
0.0354600544 -0.118084002
0.0354572174 -0.116352911
0.0354544225 -0.114621958
0.0354516697 -0.11289114
0.035448959 -0.111160455
0.0354462904 -0.109429901
0.0354436639 -0.107699477
0.0354410794 -0.10596918
0.035438537 -0.104239008
0.0354360366 -0.102508958
0.0354335783 -0.10077903
0.0354311619 -0.099049221
0.0354287876 -0.0973195287
0.0354264552 -0.0955899512
0.0354241648 -0.0938604864
0.0354219164 -0.0921311324
0.0354197099 -0.0904018871
0.0354175454 -0.0886727485
0.0354154228 -0.0869437144
0.0354133422 -0.0852147829
0.0354113034 -0.0834859519
0.0354093066 -0.0817572193
0.0354073516 -0.0800285832
0.0354054386 -0.0783000415
0.0354035674 -0.076571592
0.0354017381 -0.0748432329
0.0353999506 -0.073114962
0.035398205 -0.0713867772
0.0353965013 -0.0696586767
0.0353948394 -0.0679306583
0.0353932193 -0.0662027199
0.035391641 -0.0644748596
0.0353901045 -0.0627470752
0.0353886099 -0.0610193648
0.035387157 -0.0592917264
0.035385746 -0.0575641578
0.0353843767 -0.055836657
0.0353830492 -0.054109222
0.0353817635 -0.0523818508
0.0353805195 -0.0506545413
0.0353793173 -0.0489272915
0.0353781568 -0.0472000994
0.0353770381 -0.0454729628
0.0353759612 -0.0437458798
0.035374926 -0.0420188484
0.0353739325 -0.0402918664
0.0353729807 -0.0385649319
0.0353720707 -0.0368380428
0.0353712024 -0.0351111972
0.0353703758 -0.0333843928
0.0353695909 -0.0316576278
0.0353688477 -0.0299309001
0.0353681463 -0.0282042076
0.0353674865 -0.0264775483
0.0353668684 -0.0247509202
0.0353662921 -0.0230243212
0.0353657574 -0.0212977494
0.0353652644 -0.0195712026
0.0353648131 -0.0178446789
0.0353644035 -0.0161181761
0.0353640355 -0.0143916923
0.0353637093 -0.0126652255
0.0353634247 -0.0109387736
0.0353631818 -0.00921233453
0.0353629806 -0.00748590631
0.0353628211 -0.00575948689
0.0353627032 -0.00403307424
0.035362627 -0.00230666632
0.0353625925 -0.000580261099
0.0353625997 0.00114614345
0.0353626485 0.00287254937
0.0353627391 0.00459895869
0.0353628713 0.00632537344
0.0353630451 0.00805179566
0.0353632607 0.00977822738
0.0353635179 0.0115046706
0.0353638168 0.0132311275
0.0353641574 0.0149575999
0.0353645397 0.01668409
0.0353649636 0.0184105997
0.0353654293 0.0201371311
0.0353659366 0.0218636863
0.0353664856 0.0235902672
0.0353670764 0.025316876
0.0353677088 0.0270435146
0.0353683829 0.0287701851
0.0353690987 0.0304968895
0.0353698562 0.0322236298
0.0353706555 0.0339504081
0.0353714964 0.0356772264
0.0353723791 0.0374040868
0.0353733035 0.0391309913
0.0353742696 0.0408579419
0.0353752774 0.0425849407
0.035376327 0.0443119896
0.0353774183 0.0460390908
0.0353785514 0.0477662463
0.0353797262 0.049493458
0.0353809428 0.0512207281
0.0353822011 0.0529480586
0.0353835012 0.0546754515
0.0353848431 0.0564029089
0.0353862267 0.0581304328
0.0353876522 0.0598580252
0.0353891194 0.0615856882
0.0353906285 0.0633134238
0.0353921793 0.065041234
0.035393772 0.066769121
0.0353954065 0.0684970867
0.0353970828 0.0702251331
0.0353988009 0.0719532624
0.0354005609 0.0736814765
0.0354023628 0.0754097776
0.0354042065 0.0771381675
0.0354060921 0.0788666485
0.0354080196 0.0805952225
0.0354099889 0.0823238916
0.0354120002 0.0840526578
0.0354140534 0.0857815231
0.0354161484 0.0875104897
0.0354182855 0.0892395595
0.0354204644 0.0909687347
0.0354226853 0.0926980171
0.0354249482 0.094427409
0.035427253 0.0961569123
0.0354295998 0.0978865291
0.0354319886 0.0996162614
0.0354344195 0.101346111
0.0354368923 0.103076081
0.0354394071 0.104806172
0.035441964 0.106536387
0.035444563 0.108266728
0.035447204 0.109997197
0.0354498871 0.111727795
0.0354526122 0.113458526
0.0354553795 0.11518939
0.0354581889 0.116920391
0.0354610404 0.118651529
0.0354639341 0.120382808
0.0354668699 0.122114229
0.0354698478 0.123845794
0.035472868 0.125577506
0.0354759304 0.127309366
0.0354790349 0.129041377
0.0354821817 0.13077354
0.0354853708 0.132505857
0.035488602 0.134238332
0.0354918756 0.135970965
0.0354951915 0.137703758
0.0354985496 0.139436715
0.0355019501 0.141169836
0.0355053929 0.142903125
0.0355088781 0.144636582
0.0355124056 0.146370211
0.0355159755 0.148104013
0.0355195878 0.14983799
0.0355232426 0.151572144
0.0355269397 0.153306477
0.0355306793 0.155040992
0.0355344614 0.156775691
0.035538286 0.158510575
0.0355421531 0.160245647
0.0355460627 0.161980909
0.0355500149 0.163716362
0.0355540096 0.165452009
0.0355580469 0.167187852
0.0355621268 0.168923894
0.0355662494 0.170660135
0.0355704146 0.172396579
0.0355746224 0.174133227
0.0355788729 0.175870081
0.0355831661 0.177607143
0.0355875021 0.179344417
0.0355918807 0.181081903
0.0355963022 0.182819603
0.0356007664 0.18455752
0.0356052734 0.186295657
0.0356098233 0.188034014
0.035614416 0.189772594
0.0356190516 0.191511399
0.03562373 0.193250432
0.0356284514 0.194989694
0.0356332157 0.196729187
0.035638023 0.198468914
0.0356428733 0.200208877
0.0356477665 0.201949077
0.0356527028 0.203689517
0.0356576822 0.205430199
0.0356627046 0.207171125
0.0356677701 0.208912297
0.0356728788 0.210653718
0.0356780306 0.212395388
0.0356832256 0.214137311
0.0356884638 0.215879489
0.0356937452 0.217621923
0.0356990698 0.219364617
0.0357044377 0.22110757
0.0357098489 0.222850787
0.0357153035 0.22459427
0.0357208014 0.226338019
0.0357263427 0.228082037
0.0357319274 0.229826327
0.0357375555 0.231570891
0.0357432271 0.23331573
0.0357489421 0.235060847
0.0357547007 0.236806244
0.0357605028 0.238551924
0.0357663485 0.240297887
0.0357722378 0.242044136
0.0357781707 0.243790674
0.0357841473 0.245537503
0.0357901675 0.247284624
0.0357962315 0.24903204
0.0358023392 0.250779753
0.0358084906 0.252527766
0.0358146859 0.254276079
0.035820925 0.256024696
0.035827208 0.257773618
0.0358335348 0.259522848
0.0358399056 0.261272388
0.0358463203 0.263022239
0.035852779 0.264772405
0.0358592817 0.266522887
0.0358658284 0.268273687
0.0358724193 0.270024808
0.0358790542 0.271776252
0.0358857333 0.27352802
0.0358924565 0.275280115
0.035899224 0.27703254
0.0359060357 0.278785296
0.0359128916 0.280538385
0.0359197919 0.28229181
0.0359267365 0.284045572
0.0359337255 0.285799675
0.0359407588 0.287554119
0.0359478366 0.289308908
0.0359549589 0.291064044
0.0359621257 0.292819528
0.035969337 0.294575363
0.0359765929 0.296331551
0.0359838934 0.298088093
0.0359912386 0.299844994
0.0359986284 0.301602253
0.036006063 0.303359875
0.0360135423 0.30511786
0.0360210664 0.306876211
0.0360286353 0.308634931
0.0360362491 0.310394021
0.0360439078 0.312153484
0.0360516114 0.313913321
0.03605936 0.315673535
0.0360671536 0.317434129
0.0360749923 0.319195104
0.036082876 0.320956462
0.0360908049 0.322718207
0.036098779 0.324480339
0.0361067982 0.326242862
0.0361148627 0.328005777
0.0361229725 0.329769086
0.0361311276 0.331532792
0.036139328 0.333296898
0.0361475739 0.335061404
0.0361558652 0.336826315
0.0361642019 0.33859163
0.0361725842 0.340357354
0.0361810121 0.342123488
0.0361894856 0.343890034
0.0361980047 0.345656995
0.0362065695 0.347424372
0.03621518 0.349192169
0.0362238363 0.350960387
0.0362325384 0.352729028
0.0362412864 0.354498095
0.0362500803 0.35626759
0.0362589201 0.358037515
0.0362678059 0.359807873
0.0362767377 0.361578665
0.0362857156 0.363349895
0.0362947396 0.365121563
0.0363038098 0.366893673
0.0363129262 0.368666227
0.0363220888 0.370439227
0.0363312977 0.372212675
0.036340553 0.373986573
0.0363498546 0.375760924
0.0363592027 0.37753573
0.0363685973 0.379310994
0.0363780384 0.381086716
0.036387526 0.382862901
0.0363970603 0.38463955
0.0364066413 0.386416665
0.0364162689 0.388194249
0.0364259433 0.389972304
0.0364356645 0.391750832
0.0364454326 0.393529835
0.0364552476 0.395309316
0.0364651095 0.397089277
0.0364750184 0.398869721
0.0364849744 0.400650649
0.0364949775 0.402432064
0.0365050277 0.404213969
0.0365151251 0.405996365
0.0365252698 0.407779255
0.0365354617 0.409562641
0.0365457011 0.411346525
0.0365559878 0.41313091
0.0365663219 0.414915798
0.0365767036 0.416701192
0.0365871328 0.418487094
0.0365976096 0.420273505
0.0366081341 0.422060429
0.0366187062 0.423847867
0.0366293262 0.425635823
0.0366399939 0.427424298
0.0366507095 0.429213295
0.0366614731 0.431002815
0.0366722846 0.432792862
0.0366831441 0.434583438
0.0366940518 0.436374545
0.0367050075 0.438166185
0.0367160115 0.439958361
0.0367270637 0.441751075
0.0367381642 0.443544329
0.036749313 0.445338127
0.0367605103 0.447132469
0.036771756 0.448927359
0.0367830502 0.450722799
0.0367943931 0.452518791
0.0368057845 0.454315338
0.0368172247 0.456112442
0.0368287136 0.457910105
0.0368402514 0.45970833
0.0368518379 0.46150712
0.0368634735 0.463306476
0.036875158 0.4651064
0.0368868915 0.466906896
0.0368986742 0.468707966
0.036910506 0.470509612
0.036922387 0.472311836
0.0369343173 0.474114642
0.0369462969 0.47591803
0.036958326 0.477722005
0.0369704045 0.479526567
0.0369825325 0.48133172
0.0369947101 0.483137466
0.0370069374 0.484943808
0.0370192143 0.486750747
0.037031541 0.488558287
0.0370439176 0.490366429
0.037056344 0.492175176
0.0370688204 0.493984531
0.0370813469 0.495794496
0.0370939234 0.497605073
0.03710655 0.499416266
0.0371192269 0.501228075
0.037131954 0.503040504
0.0371447315 0.504853556
0.0371575593 0.506667232
0.0371704377 0.508481535
0.0371833666 0.510296468
0.037196346 0.512112033
0.0372093762 0.513928233
0.037222457 0.51574507
0.0372355887 0.517562546
0.0372487712 0.519380664
0.0372620047 0.521199426
0.0372752892 0.523018836
0.0372886247 0.524838895
0.0373020114 0.526659606
0.0373154493 0.528480971
0.0373289384 0.530302993
0.0373424789 0.532125675
0.0373560708 0.533949018
0.0373697142 0.535773026
0.0373834091 0.537597701
0.0373971557 0.539423046
0.0374109539 0.541249062
0.0374248039 0.543075753
0.0374387057 0.544903121
0.0374526595 0.546731169
0.0374666652 0.548559899
0.037480723 0.550389313
0.0374948328 0.552219415
0.0375089949 0.554050206
0.0375232093 0.55588169
0.0375374759 0.557713868
0.037551795 0.559546744
0.0375661666 0.56138032
0.0375805907 0.563214598
0.0375950675 0.565049581
0.037609597 0.566885272
0.0376241793 0.568721674
0.0376388144 0.570558788
0.0376535025 0.572396617
0.0376682435 0.574235165
0.0376830377 0.576074432
0.037697885 0.577914424
0.0377127856 0.57975514
0.0377277395 0.581596586
0.0377427468 0.583438762
0.0377578075 0.585281671
0.0377729218 0.587125317
0.0377880898 0.588969702
0.0378033114 0.590814828
0.0378185869 0.592660698
0.0378339162 0.594507314
0.0378492994 0.59635468
0.0378647367 0.598202798
0.0378802281 0.60005167
0.0378957737 0.6019013
0.0379113736 0.603751689
0.0379270278 0.605602841
0.0379427365 0.607454758
0.0379584996 0.609307443
0.0379743174 0.611160898
0.0379901899 0.613015127
0.0380061171 0.614870131
0.0380220992 0.616725913
0.0380381362 0.618582477
0.0380542282 0.620439825
0.0380703753 0.622297959
0.0380865776 0.624156882
0.0381028352 0.626016597
0.0381191482 0.627877107
0.0381355165 0.629738414
0.0381519405 0.631600521
0.03816842 0.633463431
0.0381849552 0.635327146
0.0382015463 0.637191669
0.0382181932 0.639057004
0.0382348961 0.640923151
0.038251655 0.642790116
0.0382684701 0.644657899
0.0382853414 0.646526504
0.0383022691 0.648395933
0.0383192531 0.65026619
0.0383362937 0.652137277
0.0383533908 0.654009197
0.0383705447 0.655881953
0.0383877553 0.657755546
0.0384050228 0.659629981
0.0384223472 0.66150526
0.0384397287 0.663381385
0.0384571673 0.66525836
0.0384746632 0.667136187
0.0384922164 0.66901487
0.038509827 0.67089441
0.0385274952 0.67277481
0.038545221 0.674656074
0.0385630044 0.676538205
0.0385808457 0.678421204
0.0385987449 0.680305076
0.0386167021 0.682189822
0.0386347173 0.684075446
0.0386527908 0.68596195
0.0386709225 0.687849337
0.0386891127 0.689737611
0.0387073613 0.691626773
0.0387256684 0.693516828
0.0387440343 0.695407777
0.038762459 0.697299623
0.0387809425 0.69919237
0.038799485 0.70108602
0.0388180866 0.702980576
0.0388367473 0.704876042
0.0388554673 0.706772419
0.0388742468 0.708669711
0.0388930857 0.710567921
0.0389119841 0.712467051
0.0389309423 0.714367105
0.0389499603 0.716268085
0.0389690381 0.718169995
0.038988176 0.720072837
0.0390073739 0.721976615
0.0390266321 0.72388133
0.0390459506 0.725786986
0.0390653294 0.727693587
0.0390847689 0.729601135
0.0391042689 0.731509632
0.0391238297 0.733419082
0.0391434513 0.735329489
0.0391631338 0.737240854
0.0391828775 0.739153181
0.0392026822 0.741066472
0.0392225483 0.742980732
0.0392424758 0.744895962
0.0392624647 0.746812166
0.0392825152 0.748729347
0.0393026275 0.750647507
0.0393228016 0.752566651
0.0393430376 0.75448678
0.0393633356 0.756407898
0.0393836959 0.758330008
0.0394041184 0.760253113
0.0394246032 0.762177215
0.0394451506 0.764102319
0.0394657606 0.766028427
0.0394864333 0.767955542
0.0395071688 0.769883667
0.0395279673 0.771812805
0.0395488289 0.77374296
0.0395697537 0.775674134
0.0395907417 0.77760633
0.0396117932 0.779539552
0.0396329083 0.781473803
0.0396540869 0.783409085
0.0396753294 0.785345402
0.0396966357 0.787282757
0.0397180061 0.789221154
0.0397394405 0.791160594
0.0397609393 0.793101082
0.0397825024 0.79504262
0.03980413 0.796985212
0.0398258222 0.798928861
0.0398475791 0.80087357
0.0398694009 0.802819342
0.0398912877 0.80476618
0.0399132395 0.806714087
0.0399352566 0.808663067
0.0399573391 0.810613123
0.039979487 0.812564258
0.0400017005 0.814516475
0.0400239798 0.816469778
0.0400463249 0.818424169
0.0400687359 0.820379652
0.0400912131 0.82233623
0.0401137565 0.824293906
0.0401363663 0.826252684
0.0401590425 0.828212566
0.0401817854 0.830173557
0.040204595 0.832135658
0.0402274715 0.834098874
0.040250415 0.836063208
0.0402734256 0.838028663
0.0402965035 0.839995242
0.0403196488 0.841962949
0.0403428617 0.843931787
0.0403661421 0.845901759
0.0403894904 0.847872868
0.0404129067 0.849845119
0.0404363909 0.851818513
0.0404599434 0.853793055
0.0404835642 0.855768747
0.0405072535 0.857745594
0.0405310114 0.859723598
0.040554838 0.861702763
0.0405787336 0.863683092
0.0406026981 0.865664588
0.0406267318 0.867647256
0.0406508348 0.869631097
0.0406750072 0.871616117
0.0406992492 0.873602317
0.0407235609 0.875589702
0.0407479424 0.877578275
0.040772394 0.879568038
0.0407969157 0.881558997
0.0408215077 0.883551154
0.0408461701 0.885544512
0.040870903 0.887539075
0.0408957067 0.889534846
0.0409205813 0.89153183
0.0409455268 0.893530028
0.0409705435 0.895529446
0.0409956314 0.897530086
0.0410207909 0.899531951
0.0410460219 0.901535046
0.0410713246 0.903539373
0.0410966992 0.905544937
0.0411221458 0.90755174
0.0411476647 0.909559787
0.0411732558 0.91156908
0.0411989195 0.913579624
0.0412246557 0.915591422
0.0412504648 0.917604477
0.0412763468 0.919618792
0.0413023019 0.921634373
0.0413283302 0.923651221
0.0413544319 0.925669341
0.0413806072 0.927688737
0.0414068561 0.929709411
0.041433179 0.931731368
0.0414595758 0.93375461
0.0414860469 0.935779143
0.0415125922 0.937804968
0.0415392121 0.939832091
0.0415659066 0.941860514
0.0415926759 0.943890241
0.0416195201 0.945921276
0.0416464395 0.947953622
0.0416734342 0.949987284
0.0417005044 0.952022265
0.0417276501 0.954058568
0.0417548716 0.956096197
0.0417821691 0.958135156
0.0418095427 0.960175449
0.0418369925 0.962217079
0.0418645187 0.96426005
0.0418921216 0.966304366
0.0419198012 0.96835003
0.0419475578 0.970397047
0.0419753914 0.97244542
0.0420033023 0.974495153
0.0420312907 0.976546249
0.0420593566 0.978598712
0.0420875004 0.980652547
0.0421157221 0.982707756
0.0421440218 0.984764345
0.0421723999 0.986822316
0.0422008565 0.988881673
0.0422293917 0.990942421
0.0422580056 0.993004562
0.0422866986 0.995068102
0.0423154707 0.997133043
0.0423443222 0.99919939
0.0423732532 1.00126715
0.0424022638 1.00333632
0.0424313544 1.0054069
0.0424605249 1.00747891
0.0424897757 1.00955234
0.0425191069 1.01162721
0.0425485187 1.0137035
0.0425780112 1.01578123
0.0426075847 1.01786041
0.0426372393 1.01994102
0.0426669753 1.02202309
0.0426967927 1.02410661
0.0427266918 1.02619158
0.0427566728 1.02827802
0.0427867358 1.03036592
0.0428168811 1.03245529
0.0428471087 1.03454613
0.042877419 1.03663845
0.0429078121 1.03873225
0.0429382882 1.04082754
0.0429688475 1.04292431
0.0429994902 1.04502258
0.0430302164 1.04712234
0.0430610263 1.0492236
0.0430919202 1.05132637
0.0431228983 1.05343065
0.0431539607 1.05553644
0.0431851076 1.05764375
0.0432163393 1.05975258
0.0432476558 1.06186294
0.0432790575 1.06397482
0.0433105446 1.06608825
0.0433421171 1.0682032
0.0433737753 1.0703197
0.0434055195 1.07243775
0.0434373498 1.07455735
0.0434692664 1.0766785
0.0435012695 1.07880122
0.0435333594 1.08092549
0.0435655362 1.08305133
0.0435978001 1.08517875
0.0436301514 1.08730774
0.0436625902 1.08943831
0.0436951167 1.09157047
0.0437277312 1.09370421
0.0437604339 1.09583955
0.043793225 1.09797649
0.0438261047 1.10011503
0.0438590731 1.10225517
0.0438921306 1.10439692
0.0439252773 1.10654029
0.0439585134 1.10868528
0.0439918392 1.11083189
0.0440252549 1.11298013
0.0440587606 1.11513001
0.0440923566 1.11728152
0.0441260432 1.11943467
0.0441598204 1.12158946
0.0441936887 1.12374591
0.0442276481 1.12590401
0.0442616989 1.12806377
0.0442958413 1.13022519
0.0443300756 1.13238828
0.0443644019 1.13455304
0.0443988205 1.13671948
0.0444333316 1.1388876
0.0444679354 1.14105741
0.0445026322 1.14322891
0.0445374222 1.1454021
0.0445723056 1.14757699
0.0446072827 1.14975359
0.0446423536 1.15193189
0.0446775186 1.15411191
0.044712778 1.15629364
0.0447481319 1.1584771
0.0447835807 1.16066228
0.0448191244 1.1628492
0.0448547635 1.16503785
0.0448904981 1.16722825
0.0449263284 1.16942038
0.0449622547 1.17161427
0.0449982772 1.17380992
0.0450343961 1.17600732
0.0450706118 1.17820649
0.0451069244 1.18040742
0.0451433342 1.18261014
0.0451798415 1.18481462
0.0452164464 1.1870209
0.0452531492 1.18922896
0.0452899502 1.19143881
0.0453268496 1.19365046
0.0453638476 1.19586391
0.0454009446 1.19807918
0.0454381407 1.20029625
0.0454754362 1.20251514
0.0455128314 1.20473585
0.0455503265 1.20695839
0.0455879217 1.20918276
0.0456256174 1.21140896
0.0456634138 1.21363701
0.0457013111 1.2158669
0.0457393095 1.21809865
0.0457774095 1.22033225
0.0458156111 1.22256771
0.0458539147 1.22480504
0.0458923205 1.22704424
0.0459308288 1.22928531
0.0459694399 1.23152827
0.046008154 1.23377311
0.0460469713 1.23601984
0.0460858922 1.23826847
0.046124917 1.240519
0.0461640458 1.24277144
0.046203279 1.24502579
0.0462426168 1.24728205
0.0462820595 1.24954024
0.0463216073 1.25180035
0.0463612606 1.25406239
0.0464010196 1.25632637
0.0464408847 1.2585923
0.0464808559 1.26086017
0.0465209338 1.26312999
0.0465611184 1.26540177
0.0466014102 1.26767551
0.0466418093 1.26995122
0.0466823162 1.27222891
0.0467229309 1.27450857
0.0467636539 1.27679022
0.0468044854 1.27907385
0.0468454258 1.28135948
0.0468864752 1.28364712
0.046927634 1.28593675
0.0469689025 1.2882284
0.0470102809 1.29052206
0.0470517696 1.29281774
0.0470933689 1.29511545
0.047135079 1.29741519
0.0471769002 1.29971697
0.0472188329 1.30202079
0.0472608773 1.30432666
0.0473030337 1.30663458
0.0473453025 1.30894456
0.0473876838 1.31125661
0.0474301782 1.31357073
0.0474727857 1.31588692
0.0475155068 1.31820519
0.0475583418 1.32052555
0.0476012909 1.322848
0.0476443544 1.32517255
0.0476875328 1.32749921
0.0477308262 1.32982797
0.047774235 1.33215885
0.0478177595 1.33449184
0.0478614001 1.33682697
0.0479051569 1.33916422
0.0479490305 1.34150361
0.047993021 1.34384515
0.0480371287 1.34618883
0.0480813541 1.34853467
0.0481256975 1.35088267
0.048170159 1.35323283
0.0482147392 1.35558517
0.0482594383 1.35793968
0.0483042565 1.36029638
0.0483491944 1.36265526
0.0483942521 1.36501634
0.0484394301 1.36737962
0.0484847286 1.36974511
0.048530148 1.37211281
0.0485756885 1.37448273
0.0486213507 1.37685487
0.0486671347 1.37922925
0.048713041 1.38160585
0.0487590698 1.38398471
0.0488052215 1.38636581
0.0488514965 1.38874916
0.0488978951 1.39113477
0.0489444176 1.39352265
0.0489910644 1.39591281
0.0490378358 1.39830524
0.0490847322 1.40069995
0.049131754 1.40309696
0.0491789014 1.40549626
0.0492261748 1.40789787
0.0492735747 1.41030178
0.0493211013 1.41270801
0.0493687549 1.41511656
0.0494165361 1.41752744
0.0494644451 1.41994065
0.0495124822 1.4223562
0.0495606479 1.4247741
0.0496089425 1.42719435
0.0496573664 1.42961696
0.04970592 1.43204193
0.0497546035 1.43446928
0.0498034175 1.436899
0.0498523621 1.43933111
0.049901438 1.44176561
0.0499506453 1.44420251
0.0499999845 1.4466418
0.0500494559 1.44908351
0.05009906 1.45152764
0.0501487971 1.45397418
0.0501986676 1.45642316
0.0502486719 1.45887457
0.0502988104 1.46132843
0.0503490834 1.46378473
0.0503994914 1.46624349
0.0504500346 1.46870471
0.0505007137 1.4711684
0.0505515288 1.47363456
0.0506024804 1.47610321
0.050653569 1.47857434
0.0507047948 1.48104797
0.0507561584 1.48352411
0.0508076601 1.48600275
0.0508593002 1.4884839
0.0509110793 1.49096758
0.0509629977 1.49345379
0.0510150559 1.49594253
0.0510672542 1.49843381
0.051119593 1.50092765
0.0511720727 1.50342404
0.0512246939 1.50592299
0.0512774568 1.50842452
0.051330362 1.51092862
0.0513834098 1.5134353
0.0514366006 1.51594458
0.0514899349 1.51845645
0.051543413 1.52097093
0.0515970355 1.52348802
0.0516508028 1.52600773
0.0517047152 1.52853006
0.0517587732 1.53105503
0.0518129773 1.53358264
0.0518673278 1.53611289
0.0519218253 1.5386458
0.0519764701 1.54118137
0.0520312627 1.54371961
0.0520862035 1.54626053
0.052141293 1.54880413
0.0521965316 1.55135042
0.0522519198 1.5538994
0.052307458 1.5564511
0.0523631467 1.5590055
0.0524189863 1.56156263
0.0524749773 1.56412248
0.0525311201 1.56668506
0.0525874151 1.56925039
0.052643863 1.57181847
0.052700464 1.5743893
0.0527572188 1.5769629
0.0528141276 1.57953927
0.0528711911 1.58211842
0.0529284097 1.58470036
0.0529857838 1.58728509
0.0530433139 1.58987262
0.0531010005 1.59246297
0.0531588441 1.59505613
0.0532168452 1.59765211
0.0532750042 1.60025093
0.0533333217 1.60285259
0.053391798 1.6054571
0.0534504337 1.60806446
0.0535092293 1.61067468
0.0535681853 1.61328778
0.0536273022 1.61590376
0.0536865804 1.61852262
0.0537460205 1.62114438
0.053805623 1.62376904
0.0538653883 1.62639661
0.053925317 1.6290271
0.0539854096 1.63166052
0.0540456665 1.63429687
0.0541060884 1.63693617
0.0541666756 1.63957841
0.0542274288 1.64222362
0.0542883484 1.64487179
0.0543494349 1.64752294
0.054410689 1.65017707
0.054472111 1.65283419
0.0545337016 1.65549431
0.0545954612 1.65815744
0.0546573904 1.66082359
0.0547194897 1.66349276
0.0547817597 1.66616496
0.0548442008 1.6688402
0.0549068137 1.67151849
0.0549695989 1.67419985
0.0550325568 1.67688426
0.0550956881 1.67957175
0.0551589933 1.68226233
0.055222473 1.68495599
0.0552861277 1.68765276
0.0553499579 1.69035263
0.0554139643 1.69305563
0.0554781473 1.69576174
0.0555425075 1.698471
0.0556070456 1.70118339
0.0556717621 1.70389894
0.0557366574 1.70661765
0.0558017323 1.70933952
0.0558669873 1.71206458
0.0559324229 1.71479282
0.0559980398 1.71752426
0.0560638385 1.7202589
0.0561298196 1.72299675
0.0561959837 1.72573783
0.0562623314 1.72848214
0.0563288633 1.73122968
0.0563955799 1.73398048
0.0564624819 1.73673454
0.0565295699 1.73949186
0.0565968444 1.74225246
0.0566643061 1.74501634
0.0567319555 1.74778352
0.0567997934 1.750554
0.0568678202 1.75332779
0.0569360367 1.75610491
0.0570044433 1.75888536
0.0570730409 1.76166915
0.0571418299 1.76445629
0.057210811 1.76724678
0.0572799848 1.77004065
0.057349352 1.77283789
0.0574189132 1.77563853
0.057488669 1.77844256
0.05755862 1.78124999
0.057628767 1.78406084
0.0576991105 1.78687512
0.0577696513 1.78969283
0.0578403898 1.79251399
0.0579113269 1.7953386
0.0579824631 1.79816667
0.0580537992 1.80099822
0.0581253357 1.80383325
0.0581970734 1.80667178
0.0582690129 1.80951381
0.0583411548 1.81235935
0.0584135 1.81520842
0.0584860489 1.81806101
0.0585588024 1.82091715
0.058631761 1.82377685
0.0587049255 1.8266401
0.0587782966 1.82950693
0.058851875 1.83237734
0.0589256613 1.83525135
0.0589996562 1.83812896
0.0590738605 1.84101018
0.0591482748 1.84389502
0.0592228999 1.8467835
0.0592977365 1.84967562
0.0593727853 1.8525714
0.0594480469 1.85547084
0.0595235222 1.85837396
0.0595992118 1.86128076
0.0596751164 1.86419126
0.0597512369 1.86710547
0.0598275739 1.87002339
0.0599041281 1.87294504
0.0599809003 1.87587043
0.0600578913 1.87879956
0.0601351018 1.88173246
0.0602125325 1.88466913
0.0602901842 1.88760958
0.0603680576 1.89055382
0.0604461535 1.89350186
0.0605244727 1.89645371
0.0606030159 1.8994094
0.0606817839 1.90236891
0.0607607775 1.90533227
0.0608399974 1.90829949
0.0609194445 1.91127058
0.0609991194 1.91424555
0.0610790231 1.91722441
0.0611591562 1.92020717
0.0612395196 1.92319384
0.0613201141 1.92618444
0.0614009404 1.92917897
0.0614819994 1.93217745
0.0615632919 1.93517988
0.0616448187 1.93818629
0.0617265806 1.94119668
0.0618085785 1.94421106
0.0618908131 1.94722944
0.0619732852 1.95025184
0.0620559958 1.95327827
0.0621389456 1.95630873
0.0622221355 1.95934325
0.0623055663 1.96238183
0.0623892389 1.96542448
0.0624731541 1.96847122
0.0625573128 1.97152205
0.0626417158 1.97457699
0.062726364 1.97763606
0.0628112582 1.98069926
0.0628963993 1.9837666
0.0629817883 1.9868381
0.0630674259 1.98991378
0.0631533131 1.99299363
0.0632394507 1.99607767
0.0633258396 1.99916593
0.0634124807 2.0022584
0.063499375 2.0053551
0.0635865232 2.00845604
0.0636739264 2.01156124
0.0637615854 2.01467071
0.0638495012 2.01778446
0.0639376746 2.0209025
0.0640261066 2.02402484
0.0641147981 2.02715151
0.0642037501 2.0302825
0.0642929634 2.03341784
0.0643824391 2.03655753
0.064472178 2.03970159
0.0645621811 2.04285004
0.0646524494 2.04600288
0.0647429838 2.04916012
0.0648337853 2.05232179
0.0649248548 2.05548789
0.0650161933 2.05865844
0.0651078019 2.06183344
0.0651996814 2.06501292
0.0652918328 2.06819689
0.0653842572 2.07138535
0.0654769556 2.07457833
0.0655699289 2.07777584
0.0656631781 2.08097788
0.0657567043 2.08418448
0.0658505084 2.08739564
0.0659445915 2.09061139
0.0660389546 2.09383172
0.0661335988 2.09705667
0.066228525 2.10028623
0.0663237343 2.10352044
0.0664192277 2.10675929
0.0665150063 2.1100028
0.0666110712 2.11325099
0.0667074234 2.11650386
0.0668040639 2.11976145
0.0669009938 2.12302375
0.0669982142 2.12629079
0.0670957262 2.12956257
0.0671935308 2.13283911
0.0672916292 2.13612043
0.0673900224 2.13940653
0.0674887116 2.14269745
0.0675876978 2.14599318
0.0676869821 2.14929374
0.0677865657 2.15259915
0.0678864496 2.15590942
0.067986635 2.15922457
0.0680871231 2.16254461
0.0681879149 2.16586956
0.0682890117 2.16919943
0.0683904145 2.17253423
0.0684921245 2.17587399
0.0685941428 2.17921871
0.0686964707 2.18256841
0.0687991092 2.18592311
0.0689020596 2.18928282
0.0690053231 2.19264756
0.0691089008 2.19601734
0.0692127939 2.19939217
0.0693170036 2.20277208
0.0694215312 2.20615707
0.0695263778 2.20954717
0.0696315446 2.21294239
0.0697370329 2.21634274
0.0698428439 2.21974824
0.0699489788 2.22315891
0.0700554389 2.22657476
0.0701622254 2.22999581
0.0702693395 2.23342207
0.0703767826 2.23685356
0.0704845558 2.2402903
0.0705926605 2.2437323
0.0707010979 2.24717957
0.0708098694 2.25063214
0.0709189761 2.25409002
0.0710284194 2.25755323
0.0711382006 2.26102178
0.071248321 2.26449569
0.0713587819 2.26797498
0.0714695847 2.27145966
0.0715807306 2.27494975
0.0716922211 2.27844526
0.0718040573 2.28194622
0.0719162408 2.28545264
0.0720287728 2.28896454
0.0721416546 2.29248193
0.0722548878 2.29600483
0.0723684736 2.29953326
0.0724824134 2.30306723
0.0725967086 2.30660677
0.0727113607 2.31015189
0.0728263709 2.3137026
0.0729417408 2.31725893
0.0730574717 2.32082089
0.073173565 2.3243885
0.0732900222 2.32796178
0.0734068448 2.33154075
0.0735240341 2.33512541
0.0736415917 2.3387158
0.073759519 2.34231193
0.0738778173 2.34591382
0.0739964884 2.34952148
0.0741155335 2.35313493
0.0742349542 2.3567542
0.074354752 2.36037929
0.0744749284 2.36401024
0.074595485 2.36764705
0.0747164231 2.37128975
0.0748377444 2.37493835
0.0749594505 2.37859287
0.0750815427 2.38225334
0.0752040228 2.38591976
0.0753268922 2.38959217
0.0754501525 2.39327057
0.0755738053 2.39695499
0.0756978522 2.40064545
0.0758222947 2.40434196
0.0759471345 2.40804455
0.0760723732 2.41175323
0.0761980124 2.41546803
0.0763240537 2.41918895
0.0764504988 2.42291604
0.0765773493 2.42664929
0.0767046068 2.43038874
0.076832273 2.4341344
0.0769603496 2.43788629
0.0770888382 2.44164444
0.0772177406 2.44540885
0.0773470583 2.44917956
0.0774767933 2.45295658
0.077606947 2.45673994
0.0777375213 2.46052965
0.077868518 2.46432573
0.0779999386 2.46812821
0.078131785 2.4719371
0.078264059 2.47575243
0.0783967622 2.47957422
0.0785298965 2.48340249
0.0786634637 2.48723725
0.0787974656 2.49107853
0.0789319039 2.49492636
0.0790667804 2.49878075
0.0792020971 2.50264172
0.0793378557 2.5065093
0.079474058 2.5103835
0.079610706 2.51426435
0.0797478015 2.51815188
0.0798853463 2.52204609
0.0800233423 2.52594702
0.0801617915 2.52985469
0.0803006957 2.53376911
0.0804400568 2.53769032
0.0805798768 2.54161833
0.0807201576 2.54555316
0.0808609011 2.54949484
0.0810021093 2.55344339
0.0811437842 2.55739884
0.0812859277 2.56136119
0.0814285418 2.56533049
0.0815716285 2.56930675
0.0817151898 2.57329
0.0818592278 2.57728025
0.0820037444 2.58127753
0.0821487417 2.58528187
0.0822942218 2.58929328
0.0824401866 2.59331179
0.0825866384 2.59733743
0.0827335791 2.60137022
0.0828810108 2.60541019
0.0830289357 2.60945734
0.0831773559 2.61351172
0.0833262735 2.61757334
0.0834756907 2.62164224
0.0836256096 2.62571842
0.0837760323 2.62980192
0.0839269611 2.63389277
0.0840783981 2.63799098
0.0842303455 2.64209658
0.0843828056 2.6462096
0.0845357805 2.65033007
0.0846892726 2.65445799
0.084843284 2.65859342
0.084997817 2.66273635
0.0851528739 2.66688683
0.085308457 2.67104488
0.0854645685 2.67521053
0.0856212109 2.67938379
0.0857783863 2.6835647
0.0859360972 2.68775328
0.0860943459 2.69194956
0.0862531347 2.69615356
0.0864124661 2.70036531
0.0865723424 2.70458484
0.086732766 2.70881217
0.0868937394 2.71304733
0.087055265 2.71729035
0.0872173452 2.72154126
0.0873799824 2.72580007
0.0875431792 2.73006682
0.0877069381 2.73434154
0.0878712615 2.73862425
0.0880361519 2.74291498
0.0882016119 2.74721376
0.088367644 2.75152061
0.0885342508 2.75583557
0.0887014348 2.76015865
0.0888691987 2.7644899
0.089037545 2.76882934
0.0892064763 2.77317699
0.0893759953 2.77753289
0.0895461047 2.78189706
0.089716807 2.78626953
0.0898881049 2.79065034
0.0900600012 2.7950395
0.0902324986 2.79943706
0.0904055997 2.80384303
0.0905793073 2.80825745
0.0907536241 2.81268035
0.090928553 2.81711176
0.0911040967 2.8215517
0.0912802581 2.82600021
0.0914570398 2.83045732
0.0916344448 2.83492306
0.0918124759 2.83939746
0.0919911359 2.84388054
0.0921704279 2.84837234
0.0923503545 2.85287289
0.0925309189 2.85738223
0.0927121238 2.86190038
0.0928939723 2.86642736
0.0930764673 2.87096323
0.0932596117 2.875508
0.0934434087 2.88006171
0.0936278612 2.88462439
0.0938129723 2.88919607
0.093998745 2.89377678
0.0941851823 2.89836656
0.0943722874 2.90296544
0.0945600634 2.90757345
0.0947485134 2.91219062
0.0949376405 2.91681699
0.095127448 2.92145259
0.095317939 2.92609745
0.0955091166 2.93075161
0.0957009842 2.9354151
0.0958935449 2.94008795
0.096086802 2.9447702
0.0962807588 2.94946188
0.0964754187 2.95416302
0.0966707848 2.95887367
0.0968668605 2.96359384
0.0970636493 2.96832359
0.0972611544 2.97306294
0.0974593793 2.97781193
0.0976583274 2.98257059
0.0978580021 2.98733895
0.0980584069 2.99211707
0.0982595453 2.99690496
0.0984614207 3.00170267
0.0986640368 3.00651022
0.0988673969 3.01132767
0.0990715047 3.01615504
0.0992763638 3.02099237
0.0994819778 3.02583969
0.0996883503 3.03069705
0.099895485 3.03556448
0.100103385 3.04044202
0.100312056 3.0453297
0.100521499 3.05022756
0.100731719 3.05513565
0.10094272 3.06005399
0.101154506 3.06498263
0.10136708 3.0699216
0.101580446 3.07487095
0.101794608 3.0798307
0.10200957 3.08480091
0.102225336 3.0897816
0.102441909 3.09477283
0.102659295 3.09977462
0.102877496 3.10478701
0.103096516 3.10981006
0.103316361 3.11484379
0.103537033 3.11988825
0.103758537 3.12494348
0.103980877 3.13000951
0.104204057 3.13508639
0.104428081 3.14017416
0.104652954 3.14527287
0.104878679 3.15038254
0.105105261 3.15550323
0.105332704 3.16063498
0.105561013 3.16577782
0.105790191 3.1709318
0.106020243 3.17609696
0.106251174 3.18127335
0.106482987 3.186461
0.106715688 3.19165997
0.10694928 3.19687029
0.107183768 3.202092
0.107419157 3.20732516
0.107655452 3.2125698
0.107892655 3.21782597
0.108130774 3.22309371
0.108369811 3.22837307
0.108609772 3.23366409
0.108850661 3.23896682
0.109092483 3.24428131
0.109335243 3.24960759
0.109578945 3.25494571
0.109823594 3.26029573
0.110069196 3.26565768
0.110315755 3.27103161
0.110563275 3.27641757
0.110811763 3.28181561
0.111061222 3.28722577
0.111311658 3.2926481
0.111563075 3.29808264
0.11181548 3.30352946
0.112068876 3.30898859
0.11232327 3.31446007
0.112578666 3.31994397
0.112835069 3.32544033
0.113092484 3.3309492
0.113350918 3.33647063
0.113610375 3.34200466
0.11387086 3.34755135
0.114132379 3.35311075
0.114394937 3.35868291
0.11465854 3.36426787
0.114923193 3.3698657
0.115188901 3.37547643
0.115455671 3.38110013
0.115723508 3.38673684
0.115992417 3.39238661
0.116262403 3.39804951
0.116533474 3.40372557
0.116805634 3.40941486
0.117078889 3.41511742
0.117353245 3.42083331
0.117628708 3.42656259
0.117905284 3.4323053
0.118182978 3.43806151
0.118461797 3.44383126
0.118741746 3.44961461
0.119022832 3.45541162
0.11930506 3.46122233
0.119588438 3.46704682
0.11987297 3.47288513
0.120158663 3.47873731
0.120445524 3.48460344
0.120733559 3.49048355
0.121022773 3.49637771
0.121313174 3.50228598
0.121604768 3.50820842
0.121897561 3.51414508
0.12219156 3.52009602
0.122486771 3.5260613
0.122783201 3.53204098
0.123080857 3.53803512
0.123379744 3.54404377
0.123679871 3.55006701
0.123981243 3.55610488
0.124283868 3.56215745
0.124587753 3.56822478
0.124892903 3.57430694
0.125199327 3.58040397
0.125507032 3.58651595
0.125816023 3.59264294
0.126126309 3.598785
0.126437897 3.6049422
0.126750794 3.61111459
0.127065006 3.61730224
0.127380542 3.62350521
0.127697409 3.62972357
0.128015614 3.63595739
0.128335165 3.64220673
0.128656069 3.64847165
0.128978333 3.65475222
0.129301966 3.66104851
0.129626975 3.66736058
0.129953368 3.6736885
0.130281152 3.68003234
0.130610336 3.68639217
0.130940927 3.69276804
0.131272933 3.69916004
0.131606362 3.70556824
0.131941223 3.71199269
0.132277523 3.71843347
0.132615271 3.72489065
0.132954474 3.7313643
0.133295142 3.7378545
0.133637283 3.7443613
0.133980904 3.75088479
0.134326014 3.75742504
0.134672623 3.76398212
0.135020738 3.77055609
0.135370368 3.77714705
0.135721523 3.78375505
0.13607421 3.79038018
0.136428438 3.7970225
0.136784218 3.8036821
0.137141556 3.81035904
0.137500463 3.81705341
0.137860948 3.82376528
0.13822302 3.83049473
0.138586687 3.83724183
0.138951961 3.84400667
0.139318848 3.85078931
0.139687361 3.85758985
0.140057506 3.86440835
0.140429296 3.8712449
0.140802738 3.87809958
0.141177843 3.88497246
0.141554621 3.89186364
0.141933081 3.89877319
0.142313233 3.90570118
0.142695088 3.91264772
0.143078655 3.91961287
0.143463945 3.92659672
0.143850968 3.93359936
0.144239735 3.94062086
0.144630255 3.94766132
0.145022539 3.95472082
0.145416598 3.96179945
0.145812443 3.96889728
0.146210083 3.97601442
0.146609531 3.98315094
0.147010796 3.99030693
0.14741389 3.99748249
0.147818824 4.0046777
0.148225609 4.01189265
0.148634256 4.01912743
0.149044777 4.02638213
0.149457183 4.03365684
0.149871485 4.04095166
0.150287695 4.04826668
0.150705824 4.05560198
0.151125885 4.06295767
0.15154789 4.07033383
0.151971849 4.07773057
0.152397776 4.08514797
0.152825682 4.09258614
0.153255579 4.10004516
0.15368748 4.10752514
0.154121398 4.11502617
0.154557344 4.12254835
0.154995332 4.13009179
0.155435373 4.13765657
0.155877481 4.1452428
0.156321669 4.15285058
0.15676795 4.16048001
0.157216337 4.16813119
0.157666842 4.17580423
0.15811948 4.18349923
0.158574263 4.19121628
0.159031206 4.19895551
0.159490321 4.206717
0.159951623 4.21450088
0.160415126 4.22230723
0.160880842 4.23013618
0.161348788 4.23798782
0.161818975 4.24586227
0.16229142 4.25375963
0.162766136 4.26168002
0.163243137 4.26962355
0.163722439 4.27759032
0.164204057 4.28558045
0.164688004 4.29359405
0.165174296 4.30163123
0.165662948 4.30969212
0.166153976 4.31777682
0.166647395 4.32588544
0.167143219 4.33401811
0.167641466 4.34217495
0.16814215 4.35035606
0.168645287 4.35856157
0.169150894 4.3667916
0.169658986 4.37504627
0.17016958 4.38332569
0.170682693 4.39163
0.17119834 4.39995931
0.171716538 4.40831374
0.172237305 4.41669342
0.172760656 4.42509848
0.17328661 4.43352904
0.173815183 4.44198523
0.174346393 4.45046717
0.174880257 4.45897499
0.175416794 4.46750882
0.17595602 4.4760688
0.176497953 4.48465504
0.177042613 4.4932677
0.177590016 4.50190688
0.178140182 4.51057274
0.178693129 4.5192654
0.179248875 4.527985
0.179807441 4.53673167
0.180368844 4.54550556
0.180933104 4.5543068
0.18150024 4.56313552
0.182070272 4.57199187
0.182643219 4.580876
0.183219102 4.58978803
0.18379794 4.59872812
0.184379753 4.6076964
0.184964563 4.61669303
0.185552389 4.62571814
0.186143252 4.63477189
0.186737174 4.64385442
0.187334174 4.65296588
0.187934276 4.66210642
0.188537499 4.67127619
0.189143866 4.68047534
0.189753399 4.68970403
0.190366119 4.69896241
0.190982048 4.70825063
0.19160121 4.71756884
0.192223627 4.72691722
0.192849321 4.73629591
0.193478316 4.74570507
0.194110635 4.75514487
0.194746301 4.76461546
0.195385338 4.77411701
0.19602777 4.78364968
0.19667362 4.79321364
0.197322914 4.80280906
0.197975675 4.81243609
0.198631928 4.82209491
0.199291699 4.83178569
0.199955012 4.8415086
0.200621892 4.8512638
0.201292366 4.86105149
0.201966459 4.87087182
0.202644197 4.88072497
0.203325607 4.89061113
0.204010715 4.90053046
0.204699547 4.91048316
0.205392132 4.92046939
0.206088496 4.93048935
0.206788666 4.94054322
0.207492671 4.95063117
0.208200538 4.9607534
0.208912296 4.97091009
0.209627974 4.98110144
0.210347599 4.99132763
0.211071202 5.00158886
0.211798811 5.01188531
0.212530457 5.02221719
0.213266169 5.03258468
0.214005977 5.04298799
0.214749911 5.05342732
0.215498004 5.06390286
0.216250284 5.07441481
0.217006785 5.08496339
0.217767537 5.09554879
0.218532573 5.10617122
0.219301924 5.11683089
0.220075623 5.12752801
0.220853703 5.13826279
0.221636197 5.14903544
0.222423139 5.15984617
0.223214563 5.17069521
0.224010501 5.18158276
0.22481099 5.19250906
0.225616063 5.20347431
0.226425756 5.21447875
0.227240104 5.22552259
0.228059143 5.23660606
0.22888291 5.24772939
0.229711439 5.25889281
0.230544769 5.27009655
0.231382937 5.28134084
0.23222598 5.29262591
0.233073935 5.30395201
0.233926842 5.31531938
0.234784739 5.32672824
0.235647665 5.33817884
0.236515659 5.34967144
0.237388762 5.36120626
0.238267013 5.37278357
0.239150453 5.38440361
0.240039122 5.39606663
0.240933064 5.40777288
0.241832318 5.41952263
0.242736929 5.43131612
0.243646937 5.44315363
0.244562387 5.4550354
0.245483321 5.46696171
0.246409784 5.47893281
0.24734182 5.49094899
0.248279475 5.5030105
0.249222792 5.51511762
0.250171819 5.52727063
0.251126602 5.5394698
0.252087186 5.5517154
0.253053619 5.56400773
0.25402595 5.57634706
0.255004225 5.58873369
0.255988495 5.60116789
0.256978807 5.61364996
0.257975212 5.62618019
0.258977759 5.63875888
0.259986501 5.65138633
0.261001486 5.66406282
0.262022768 5.67678868
0.263050399 5.6895642
0.264084432 5.70238968
0.26512492 5.71526545
0.266171916 5.72819181
0.267225476 5.74116907
0.268285655 5.75419756
0.269352507 5.7672776
0.270426091 5.7804095
0.271506462 5.7935936
0.272593678 5.80683022
0.273687797 5.8201197
0.274788877 5.83346237
0.275896979 5.84685856
0.277012162 5.86030862
0.278134486 5.87381288
0.279264013 5.8873717
0.280400806 5.90098543
0.281544926 5.91465441
0.282696436 5.92837899
0.283855402 5.94215955
0.285021887 5.95599643
0.286195957 5.96989001
0.287377678 5.98384064
0.288567117 5.9978487
0.289764341 6.01191456
0.290969419 6.0260386
0.29218242 6.04022121
0.293403413 6.05446275
0.294632469 6.06876362
0.295869661 6.08312421
0.297115059 6.09754491
0.298368736 6.11202613
0.299630768 6.12656825
0.300901227 6.14117168
0.302180191 6.15583684
0.303467734 6.17056412
0.304763935 6.18535396
0.306068872 6.20020676
0.307382622 6.21512295
0.308705267 6.23010295
0.310036887 6.2451472
0.311377564 6.26025612
0.312727379 6.27543016
0.314086418 6.29066976
0.315454765 6.30597536
0.316832504 6.32134741
0.318219723 6.33678637
0.319616509 6.35229269
0.321022951 6.36786685
0.322439138 6.38350929
0.32386516 6.3992205
0.32530111 6.41500095
0.326747081 6.43085112
0.328203166 6.44677149
0.32966946 6.46276255
0.331146059 6.4788248
0.33263306 6.49495873
0.334130563 6.51116484
0.335638666 6.52744364
0.33715747 6.54379565
0.338687077 6.56022138
0.340227591 6.57672135
0.341779115 6.59329609
0.343341756 6.60994613
0.34491562 6.626672
0.346500817 6.64347425
0.348097454 6.66035343
0.349705644 6.67731008
0.351325498 6.69434476
0.352957131 6.71145805
0.354600657 6.7286505
0.356256192 6.74592268
0.357923856 6.76327519
0.359603766 6.7807086
0.361296045 6.7982235
0.363000813 6.81582049
0.364718196 6.83350018
0.366448319 6.85126316
0.368191308 6.86911006
0.369947293 6.8870415
0.371716403 6.90505809
0.373498771 6.92316049
0.37529453 6.94134931
0.377103815 6.95962521
0.378926764 6.97798885
0.380763514 6.99644087
0.382614207 7.01498195
0.384478985 7.03361275
0.386357993 7.05233396
0.388251375 7.07114626
0.39015928 7.09005034
0.392081858 7.1090469
0.394019261 7.12813665
0.395971642 7.1473203
0.397939158 7.16659858
0.399921966 7.1859722
0.401920225 7.20544192
0.403934099 7.22500846
0.405963751 7.24467259
0.408009347 7.26443506
0.410071057 7.28429664
0.412149051 7.30425811
0.414243502 7.32432025
0.416354585 7.34448384
0.418482479 7.3647497
0.420627364 7.38511862
0.422789422 7.40559143
0.424968838 7.42616896
0.4271658 7.44685203
0.429380499 7.46764148
0.431613126 7.48853819
0.433863879 7.50954299
0.436132954 7.53065677
0.438420552 7.55188041
0.440726879 7.57321479
0.443052139 7.59466082
0.445396542 7.61621941
0.447760301 7.63789147
0.450143631 7.65967793
0.452546751 7.68157974
0.454969881 7.70359785
0.457413247 7.72573321
0.459877076 7.74798679
0.462361599 7.77035959
0.464867051 7.79285259
0.467393668 7.81546679
0.469941693 7.83820322
0.47251137 7.8610629
0.475102946 7.88404686
0.477716674 7.90715616
0.480352808 7.93039187
0.483011609 7.95375505
0.485693338 7.97724679
0.488398263 8.00086819
0.491126654 8.02462037
0.493878786 8.04850444
0.496654938 8.07252155
0.499455391 8.09667285
0.502280434 8.12095949
0.505130358 8.14538267
0.508005459 8.16994356
0.510906036 8.19464338
0.513832395 8.21948335
0.516784845 8.2444647
0.5197637 8.26958867
0.522769278 8.29485654
0.525801904 8.32026957
0.528861906 8.34582908
0.531949619 8.37153635
0.53506538 8.39739273
0.538209534 8.42339955
0.541382431 8.44955817
0.544584425 8.47586996
0.547815878 8.50233631
0.551077154 8.52895864
0.554368627 8.55573836
0.557690675 8.58267692
0.56104368 8.60977578
0.564428034 8.63703641
0.567844131 8.66446033
0.571292376 8.69204903
0.574773176 8.71980406
0.578286948 8.74772696
0.581834113 8.77581932
0.585415102 8.80408272
0.58903035 8.83251878
0.592680301 8.86112913
0.596365406 8.88991542
0.600086122 8.91887934
0.603842915 8.94802258
0.607636259 8.97734685
0.611466635 9.0068539
0.615334533 9.0365455
0.619240449 9.06642342
0.62318489 9.09648949
0.627168371 9.12674553
0.631191415 9.15719339
0.635254554 9.18783498
0.639358328 9.21867218
0.64350329 9.24970694
0.647689998 9.28094121
0.651919023 9.31237698
0.656190944 9.34401625
0.660506351 9.37586107
0.664865844 9.4079135
0.669270034 9.44017563
0.673719541 9.4726496
0.678214998 9.50533754
0.682757049 9.53824164
0.687346349 9.5713641
0.691983564 9.60470718
0.696669374 9.63827315
0.701404468 9.6720643
0.706189551 9.70608297
0.711025338 9.74033153
0.71591256 9.77481238
0.720851959 9.80952797
0.72584429 9.84448075
0.730890325 9.87967324
0.735990848 9.91510797
0.741146659 9.95078752
0.746358571 9.98671451
0.751627414 10.0228916
0.756954032 10.0593214
0.762339288 10.0960068
0.767784059 10.1329504
0.773289238 10.1701552
0.778855737 10.2076238
0.784484486 10.2453594
0.79017643 10.2833646
0.795932535 10.3216426
0.801753786 10.3601964
0.807641185 10.3990291
0.813595756 10.4381437
0.819618542 10.4775434
0.825710607 10.5172314
0.831873036 10.557211
0.838106936 10.5974856
0.844413437 10.6380584
0.85079369 10.6789328
0.857248871 10.7201124
0.86378018 10.7616007
0.870388839 10.8034012
0.877076098 10.8455175
0.883843233 10.8879534
0.890691544 10.9307126
0.897622361 10.9737989
0.904637039 11.0172161
0.911736963 11.0609682
0.918923548 11.1050592
0.926198238 11.1494932
0.933562508 11.1942741
0.941017865 11.2394063
0.948565848 11.284894
0.956208031 11.3307415
0.963946019 11.3769533
0.971781455 11.4235337
0.979716018 11.4704873
0.987751423 11.5178187
0.995889423 11.5655327
1.00413181 11.613634
1.01248042 11.6621275
1.02093712 11.7110181
1.02950384 11.7603107
1.03818252 11.8100107
1.04697519 11.860123
1.05588388 11.9106531
1.0649107 11.9616063
1.0740578 12.012988
1.08332737 12.0648039
1.09272166 12.1170596
1.10224298 12.1697608
1.11189369 12.2229135
1.1216762 12.2765236
1.13159297 12.3305972
1.14164656 12.3851405
1.15183954 12.4401597
1.16217457 12.4956614
1.17265438 12.551652
1.18328176 12.6081381
1.19405957 12.6651267
1.20499074 12.7226245
1.21607827 12.7806386
1.22732525 12.8391762
1.23873483 12.8982445
1.25031025 12.9578511
1.26205484 13.0180034
1.27397202 13.0787092
1.28606527 13.1399764
1.29833819 13.2018129
1.31079446 13.2642271
1.32343788 13.3272271
1.33627233 13.3908216
1.34930179 13.4550192
1.36253036 13.5198286
1.37596226 13.585259
1.38960181 13.6513195
1.40345346 13.7180195
1.41752178 13.7853687
1.43181146 13.8533766
1.44632733 13.9220534
1.46107437 13.9914091
1.47605767 14.0614542
1.4912825 14.1321992
1.50675427 14.203655
1.52247853 14.2758325
1.53846103 14.3487432
1.55470767 14.4223984
1.57122451 14.49681
1.58801781 14.5719899
1.60509403 14.6479504
1.62245982 14.7247041
1.64012201 14.8022637
1.65808767 14.8806424
1.67636409 14.9598534
1.69495877 15.0399105
1.71387946 15.1208277
1.73313416 15.2026191
1.75273113 15.2852995
1.77267887 15.3688838
1.7929862 15.4533871
1.8136622 15.5388252
1.83471627 15.6252141
1.85615811 15.71257
1.87799776 15.8009096
1.9002456 15.8902502
1.92291236 15.9806092
1.94600915 16.0720046
1.96954746 16.1644546
1.99353921 16.2579782
2.01799671 16.3525944
2.04293273 16.448323
2.06836051 16.5451843
2.09429376 16.6431987
2.1207467 16.7423876
2.14773409 16.8427725
2.17527124 16.9443757
2.20337404 17.04722
2.23205899 17.1513287
2.26134322 17.2567256
2.29124455 17.3634353
2.3217815 17.4714828
2.35297332 17.580894
2.38484003 17.6916952
2.41740249 17.8039135
2.45068239 17.9175765
2.48470234 18.0327129
2.51948591 18.1493516
2.55505764 18.2675227
2.59144315 18.3872567
2.62866916 18.5085853
2.66676357 18.6315405
2.7057555 18.7561555
2.7456754 18.8824642
2.78655508 19.0105013
2.82842781 19.1403026
2.87132843 19.2719045
2.91529338 19.4053445
2.96036084 19.540661
3.00657082 19.6778934
3.05396528 19.8170818
3.10258822 19.9582676
3.15248585 20.101493
3.20370668 20.2468012
3.25630169 20.3942364
3.31032448 20.5438437
3.36583142 20.6956693
3.42288187 20.8497603
3.48153832 21.0061647
3.54186663 21.1649315
3.60393623 21.3261104
3.66782035 21.4897521
3.73359631 21.6559079
3.80134574 21.8246298
3.87115488 21.9959705
3.94311492 22.169983
4.01732227 22.3467205
4.09387898 22.5262367
4.17289304 22.7085847
4.25447881 22.8938178
4.33875742 23.0819881
4.42585724 23.2731473
4.51591429 23.4673453
4.60907273 23.6646303
4.70548536 23.865048
4.80531411 24.0686414
4.90873055 24.2754492
5.0159164 24.4855059
5.12706398 24.69884
5.2423767 24.9154734
5.36206944 25.13542
5.48636891 25.358684
5.61551383 25.5852583
5.74975504 25.8151227
5.88935538 26.0482418
6.03458931 26.2845623
6.18574228 26.5240108
6.34310956 26.7664906
6.50699473 27.0118787
6.67770745 27.2600229
6.85556053 27.5107378
7.04086615 27.7638019
7.23393106 28.0189545
7.4350507 28.2758925
7.644502 28.5342686
7.86253506 28.7936898
8.08936341 29.053718
8.32515323 29.313872
8.57001174 29.5736319
8.82397516 29.8324471
9.08699709 30.0897469
9.35893815 30.3449559
9.63955821 30.5975123
9.92851246 30.8468908
10.2253529 31.0926274
10.5295366 31.3343462
10.8404412 31.5717854
11.1573886 31.8048202
11.4796759 32.0334801
11.8066107 32.2579579
12.1375509 32.4786081
12.4719417 32.6959357
12.8093493 32.9105735
13.1494872 33.1232518
13.4922318 33.3347632
13.837628 33.5459255
14.1858853 33.7575473
14.5373654 33.9703982
14.8925651 34.1851852
15.2520963 34.4025363
15.6166656 34.6229903
15.9870555 34.8469921
16.3641073 35.074892
16.7487067 35.3069477
17.1417723 35.5433293
17.5442469 35.7841262
17.9570926 36.0293541
18.3812897 36.2789639
18.8178411 36.5328485
19.2677797 36.790847
19.7321819 37.0527445
20.2121814 37.3182645
20.7089846 37.5870532
21.2238815 37.8586545
21.7582493 38.1324763
22.3135455 38.4077516
22.8912857 38.6834963
23.493007 38.9584707
24.1202154 39.2311497
24.7743214 39.4997075
25.4565678 39.7620215
26.167957 40.0156983
26.909186 40.2581222
27.6805949 40.4865231
28.4821381 40.6980585
29.3133806 40.8899028
30.1735218 41.0593333
31.0614455 41.2038047
31.9757899 41.3210024
32.91503 41.4088691
33.8775616 41.4656015
34.8617762 41.4896184
35.8661175 41.4795053
36.889112 41.433944
37.9293717 41.3516386
38.9855692 41.2312448
40.0563902 41.0713146
41.1404699 40.8702587
42.2363193 40.6263301
43.3422489 40.337629
44.4562917 40.0021283
45.5761318 39.6177169
46.6990385 39.182263
47.8218099 38.6936951
48.9407313 38.1501028
50.051552 37.5498557
51.1494902 36.8917378
52.2292703 36.1750917
53.2852001 35.3999637
54.3112895 34.5672378
55.3014103 33.6787466
56.2494916 32.7373443
57.1497392 31.7469319
57.9968666 30.712426
58.7863202 29.6396681
59.514481 28.5352772
60.1788293 27.4064522
60.778056 26.2607367
61.3121155 25.1057622
61.7822131 23.9489855
62.1907304 22.7974393
62.5410949 21.6575114
62.8376032 20.5347663
63.0852141 19.4338176
63.2893255 18.358257
63.455551 17.3106387
63.5895113 16.2925142
63.6966493 15.3045098
63.7820787 14.3464369
63.8504681 13.4174247
63.9059637 12.5160653
63.9521485 11.6405629
63.9920377 10.7888796
64.0281068 9.95887043
64.0623495 9.14840175
64.0963625 8.35544568
64.1314494 7.57814445
64.1687363 6.81483911
64.2092893 6.0640591
64.2542204 5.32447269
64.3047706 4.59480212
64.3623584 3.87371159
64.428586 3.1596803
64.5051976 2.4508751
64.5939946 1.74503822
64.6967098 1.03940472
64.814856 0.330660993
64.9495607 -0.385048766
65.1014039 -1.11206653
65.2702745 -1.855119
65.4552561 -2.61917926
65.6545516 -3.40930331
65.865449 -4.2304543
66.0843273 -5.08732637
66.306698 -5.98417748
66.527274 -6.92467712
66.7400608 -7.9117712
66.9384636 -8.94756347
67.115408 -10.0332114
67.2634744 -11.1688346
67.3750487 -12.3534355
67.4424932 -13.5848348
67.4583403 -14.8596292
67.41551 -16.1731799
67.307546 -17.5196442
67.1288616 -18.8920612
66.8749781 -20.2825015
66.542737 -21.6822802
66.1304622 -23.0822303
65.6380539 -24.4730208
65.0669997 -25.8454972
64.4202962 -27.1910193
63.7022872 -28.5017689
62.9184303 -29.7710042
62.0750109 -30.993244
61.1788281 -32.1643721
60.2368731 -33.2816613
59.2560222 -34.343719
58.2427618 -35.3503664
57.202958 -36.3024607
56.1416832 -37.2016752
55.0631037 -38.0502523
53.9704346 -38.8507465
52.8659594 -39.6057726
51.7511105 -40.3177771
50.6266 -40.9888457
49.4925893 -41.62056
48.3488806 -42.2139074
47.1951139 -42.7692471
46.0309558 -43.2863285
44.8562663 -43.7643531
43.6712366 -44.2020709
42.4764921 -44.5979007
41.273161 -44.9500642
40.0629081 -45.2567249
38.8479369 -45.5161266
37.6309612 -45.7267254
36.4151499 -45.8873099
35.2040462 -45.9971059
34.0014653 -46.0558588
32.811376 -46.0638899
31.6377722 -46.0221223
30.4845436 -45.9320748
29.3553536 -45.7958239
28.253534 -45.6159391
27.1820007 -45.395397
26.1431974 -45.1374819
25.1390642 -44.8456824
24.1710333 -44.5235897
23.2400461 -44.1748047
22.3465865 -43.8028577
21.4907278 -43.4111437
20.672185 -43.0028726
19.8903711 -42.5810343
19.1444522 -42.1483779
18.4334 -41.7074011
17.7560394 -41.2603501
17.1110905 -40.8092254
16.497205 -40.3557928
15.9129966 -39.9015985
15.3570658 -39.4479855
14.8280204 -38.9961114
14.3244907 -38.5469658
13.8451418 -38.1013881
13.3886821 -37.6600841
12.9538698 -37.2236408
12.5395166 -36.7925416
12.1444901 -36.3671784
11.7677151 -35.947864
11.4081732 -35.5348423
11.0649018 -35.1282977
10.7369934 -34.7283633
10.4235929 -34.3351284
10.1238959 -33.9486446
9.83714631 -33.5689317
9.56263397 -33.1959823
9.29969206 -32.8297663
9.04769476 -32.4702346
8.80605479 -32.1173218
8.5742211 -31.7709497
8.35167659 -31.4310293
8.13793596 -31.0974627
7.93254372 -30.7701451
7.73507218 -30.4489665
7.54511965 -30.1338125
7.36230878 -29.8245658
7.18628486 -29.521107
7.01671437 -29.2233155
6.85328359 -28.93107
6.69569724 -28.6442492
6.54367729 -28.3627325
6.39696181 -28.0864
6.25530391 -27.8151329
6.11847076 -27.5488142
5.98624267 -27.2873285
5.85841224 -27.0305621
5.73478354 -26.7784036
5.61517144 -26.5307439
5.49940085 -26.2874757
5.38730612 -26.0484945
5.27873044 -25.813698
5.1735253 -25.582986
5.07154998 -25.3562613
4.97267101 -25.1334285
4.87676184 -24.914395
4.7837023 -24.6990704
4.69337832 -24.4873667
4.60568151 -24.2791982
4.52050882 -24.0744816
4.43776227 -23.8731356
4.35734863 -23.6750813
4.27917912 -23.4802419
4.20316923 -23.2885426
4.12923841 -23.0999108
4.05730985 -22.9142758
3.98731034 -22.7315689
3.91917 -22.5517234
3.85282212 -22.3746742
3.788203 -22.2003582
3.72525178 -22.0287141
3.66391029 -21.859682
3.60412291 -21.6932039
3.54583642 -21.5292235
3.4889999 -21.3676858
3.43356461 -21.2085373
3.37948385 -21.0517263
3.32671288 -20.8972022
3.27520884 -20.7449158
3.22493061 -20.5948194
3.17583876 -20.4468665
3.12789545 -20.3010119
3.08106436 -20.1572115
3.03531062 -20.0154225
2.99060073 -19.8756032
2.94690251 -19.7377131
2.90418501 -19.6017125
2.8624185 -19.4675631
2.82157436 -19.3352274
2.78162507 -19.2046688
2.74254414 -19.0758519
2.70430607 -18.9487421
2.66688629 -18.8233055
2.63026114 -18.6995095
2.59440784 -18.5773218
2.55930441 -18.4567114
2.52492966 -18.3376478
2.49126316 -18.2201014
2.45828521 -18.1040432
2.42597679 -17.989445
2.39431953 -17.8762794
2.36329573 -17.7645195
2.33288827 -17.6541392
2.30308061 -17.5451129
2.27385679 -17.4374158
2.24520136 -17.3310235
2.2170994 -17.2259122
2.1895365 -17.122059
2.16249868 -17.019441
2.13597246 -16.9180363
2.10994477 -16.8178234
2.08440297 -16.7187811
2.05933482 -16.6208889
2.03472848 -16.5241267
2.01057246 -16.4284749
1.98685565 -16.3339143
1.96356729 -16.2404261
1.94069692 -16.1479922
1.91823445 -16.0565945
1.89617005 -15.9662156
1.87449421 -15.8768383
1.85319772 -15.788446
1.83227161 -15.7010222
1.81170722 -15.614551
1.79149611 -15.5290167
1.77163009 -15.444404
1.75210124 -15.360698
1.73290184 -15.2778839
1.7140244 -15.1959474
1.69546165 -15.1148745
1.67720652 -15.0346515
1.65925214 -14.9552648
1.64159184 -14.8767014
1.62421914 -14.7989483
1.60712772 -14.7219929
1.59031145 -14.6458228
1.57376436 -14.570426
1.55748066 -14.4957905
1.54145471 -14.4219048
1.525681 -14.3487574
1.51015419 -14.2763372
1.49486909 -14.2046333
1.47982062 -14.1336349
1.46500386 -14.0633315
1.45041401 -13.9937129
1.43604639 -13.924769
1.42189644 -13.8564898
1.40795974 -13.7888657
1.39423194 -13.7218871
1.38070885 -13.6555448
1.36738636 -13.5898295
1.35426046 -13.5247323
1.34132726 -13.4602443
1.32858294 -13.3963571
1.3160238 -13.333062
1.30364622 -13.2703507
1.29144667 -13.2082152
1.27942171 -13.1466473
1.26756797 -13.0856392
1.25588219 -13.0251833
1.24436117 -12.9652719
1.23300177 -12.9058976
1.22180095 -12.847053
1.21075575 -12.7887311
1.19986324 -12.7309248
1.1891206 -12.6736271
1.17852505 -12.6168314
1.1680739 -12.5605308
1.15776448 -12.5047189
1.14759423 -12.4493892
1.13756062 -12.3945354
1.12766118 -12.3401513
1.11789351 -12.2862307
1.10825524 -12.2327678
1.09874407 -12.1797565
1.08935776 -12.1271911
1.0800941 -12.0750659
1.07095095 -12.0233752
1.06192618 -11.9721137
1.05301776 -11.9212759
1.04422365 -11.8708564
1.03554191 -11.82085
1.02697059 -11.7712516
1.01850781 -11.7220561
1.01015172 -11.6732586
1.00190053 -11.6248541
0.993752465 -11.5768378
0.985705792 -11.5292051
0.977758819 -11.4819512
0.96990989 -11.4350716
0.962157381 -11.3885617
0.954499703 -11.3424171
0.946935299 -11.2966335
0.939462646 -11.2512065
0.932080249 -11.206132
0.924786648 -11.1614057
0.917580408 -11.1170236
0.910460127 -11.0729816
0.903424429 -11.0292758
0.896471966 -10.9859023
0.889601418 -10.9428572
0.882811491 -10.9001367
0.876100915 -10.8577371
0.869468447 -10.8156548
0.862912869 -10.7738861
0.856432984 -10.7324274
0.850027622 -10.6912753
0.843695632 -10.6504262
0.837435889 -10.6098769
0.831247287 -10.5696239
0.825128741 -10.5296639
0.81907919 -10.4899937
0.813097591 -10.4506102
0.807182919 -10.41151
0.801334172 -10.3726901
0.795550365 -10.3341475
0.789830531 -10.2958792
0.784173722 -10.2578821
0.778579008 -10.2201533
0.773045474 -10.1826899
0.767572226 -10.1454891
0.762158381 -10.1085481
0.756803078 -10.0718641
0.751505467 -10.0354344
0.746264716 -9.99925621
0.741080007 -9.96332699
0.735950538 -9.92764408
0.73087552 -9.89220491
0.725854179 -9.85700693
0.720885754 -9.82204763
0.715969498 -9.78732455
0.711104678 -9.75283524
0.706290573 -9.7185773
0.701526475 -9.68454835
0.696811689 -9.65074607
0.69214553 -9.61716813
0.687527327 -9.58381226
0.68295642 -9.55067623
0.678432161 -9.5177578
0.673953912 -9.4850548
0.669521047 -9.45256507
0.665132949 -9.42028649
0.660789014 -9.38821695
0.656488647 -9.35635438
0.652231262 -9.32469673
0.648016284 -9.293242
0.643843149 -9.26198819
0.639711299 -9.23093333
0.635620189 -9.20007549
0.631569281 -9.16941276
0.627558045 -9.13894323
0.623585962 -9.10866506
0.61965252 -9.07857639
0.615757217 -9.04867542
0.611899557 -9.01896034
0.608079054 -8.98942939
0.604295229 -8.96008082
0.60054761 -8.9309129
0.596835734 -8.90192392
0.593159145 -8.87311221
0.589517394 -8.8444761
0.585910039 -8.81601396
0.582336645 -8.78772415
0.578796786 -8.75960508
0.57529004 -8.73165517
0.571815992 -8.70387286
0.568374235 -8.6762566
0.564964367 -8.64880488
0.561585993 -8.62151618
0.558238723 -8.59438902
0.554922176 -8.56742194
0.551635973 -8.54061348
0.548379744 -8.5139622
0.545153122 -8.48746671
0.541955748 -8.46112558
0.538787267 -8.43493745
0.53564733 -8.40890095
0.532535593 -8.38301473
0.529451717 -8.35727746
0.52639537 -8.33168781
0.523366221 -8.30624449
0.520363948 -8.28094621
0.517388232 -8.2557917
0.514438759 -8.2307797
0.511515218 -8.20590897
0.508617306 -8.18117828
0.505744723 -8.15658643
0.502897171 -8.1321322
0.50007436 -8.10781442
0.497276002 -8.08363191
0.494501814 -8.05958351
0.491751517 -8.03566809
0.489024836 -8.0118845
0.486321499 -7.98823163
0.483641241 -7.96470836
0.480983796 -7.94131362
0.478348907 -7.91804631
0.475736317 -7.89490536
0.473145773 -7.87188973
0.470577028 -7.84899835
0.468029835 -7.8262302
0.465503954 -7.80358425
0.462999147 -7.7810595
0.460515177 -7.75865494
0.458051814 -7.73636958
0.455608828 -7.71420245
0.453185996 -7.69215257
0.450783095 -7.67021899
0.448399905 -7.64840076
0.446036211 -7.62669695
0.443691799 -7.60510663
0.44136646 -7.58362888
0.439059986 -7.56226279
0.436772172 -7.54100748
0.434502818 -7.51986205
0.432251723 -7.49882562
0.430018692 -7.47789733
0.427803532 -7.45707631
0.42560605 -7.43636172
0.42342606 -7.41575272
0.421263374 -7.39524847
0.419117809 -7.37484814
0.416989184 -7.35455094
0.414877321 -7.33435604
0.412782043 -7.31426265
0.410703177 -7.29426998
0.40864055 -7.27437725
0.406593994 -7.25458369
0.404563341 -7.23488852
0.402548426 -7.215291
0.400549086 -7.19579037
0.39856516 -7.17638589
0.39659649 -7.15707683
0.39464292 -7.13786245
0.392704294 -7.11874205
0.390780459 -7.0997149
0.388871266 -7.0807803
0.386976566 -7.06193756
0.38509621 -7.04318597
0.383230056 -7.02452487
0.381377959 -7.00595357
0.379539778 -6.98747139
0.377715373 -6.96907768
0.375904607 -6.95077178
0.374107343 -6.93255304
0.372323448 -6.91442081
0.370552788 -6.89637446
0.368795232 -6.87841335
0.367050652 -6.86053686
0.365318918 -6.84274437
0.363599905 -6.82503526
0.361893489 -6.80740893
0.360199545 -6.78986478
0.358517952 -6.77240221
0.356848591 -6.75502062
0.355191342 -6.73771945
0.353546088 -6.7204981
0.351912713 -6.703356
0.350291103 -6.68629259
0.348681145 -6.66930731
0.347082727 -6.65239959
0.345495738 -6.63556889
0.34392007 -6.61881466
0.342355615 -6.60213635
0.340802266 -6.58553344
0.339259919 -6.56900539
0.337728469 -6.55255167
0.336207813 -6.53617177
0.33469785 -6.51986516
0.333198481 -6.50363134
0.331709604 -6.4874698
0.330231124 -6.47138003
0.328762942 -6.45536155
0.327304964 -6.43941385
0.325857094 -6.42353645
0.324419239 -6.40772886
0.322991307 -6.39199061
0.321573206 -6.37632122
0.320164847 -6.36072022
0.318766139 -6.34518714
0.317376995 -6.32972152
0.315997328 -6.31432291
0.31462705 -6.29899084
0.313266078 -6.28372488
0.311914327 -6.26852457
0.310571713 -6.25338947
0.309238154 -6.23831914
0.307913568 -6.22331316
0.306597876 -6.20837108
0.305290998 -6.19349249
0.303992854 -6.17867697
0.302703368 -6.16392408
0.301422461 -6.14923343
0.300150059 -6.13460459
0.298886085 -6.12003716
0.297630465 -6.10553074
0.296383126 -6.09108493
0.295143995 -6.07669932
0.293913 -6.06237352
0.292690069 -6.04810716
0.291475133 -6.03389982
0.290268121 -6.01975115
0.289068965 -6.00566075
0.287877596 -5.99162824
0.286693948 -5.97765326
0.285517953 -5.96373544
0.284349545 -5.9498744
0.28318866 -5.93606978
0.282035233 -5.92232122
0.280889199 -5.90862837
0.279750496 -5.89499087
0.278619062 -5.88140836
0.277494834 -5.8678805
0.276377751 -5.85440695
0.275267753 -5.84098735
0.274164781 -5.82762138
0.273068773 -5.81430868
0.271979673 -5.80104893
0.270897422 -5.7878418
0.269821963 -5.77468696
0.268753238 -5.76158408
0.267691192 -5.74853283
0.26663577 -5.7355329
0.265586916 -5.72258397
0.264544575 -5.70968572
0.263508694 -5.69683785
0.26247922 -5.68404003
0.261456099 -5.67129197
0.26043928 -5.65859335
0.25942871 -5.64594388
0.25842434 -5.63334325
0.257426117 -5.62079117
0.256433992 -5.60828734
0.255447916 -5.59583146
0.254467838 -5.58342325
0.253493712 -5.57106243
0.252525487 -5.55874869
0.251563118 -5.54648176
0.250606556 -5.53426136
0.249655756 -5.52208721
0.24871067 -5.50995903
0.247771254 -5.49787655
0.246837461 -5.48583949
0.245909247 -5.47384758
0.244986568 -5.46190056
0.24406938 -5.44999816
0.243157639 -5.43814011
0.242251303 -5.42632615
0.241350327 -5.41455603
0.240454671 -5.40282949
0.239564293 -5.39114626
0.238679151 -5.3795061
0.237799204 -5.36790875
0.236924412 -5.35635397
0.236054734 -5.3448415
0.23519013 -5.3333711
0.234330562 -5.32194252
0.23347599 -5.31055553
0.232626376 -5.29920989
0.231781681 -5.28790534
0.230941867 -5.27664166
0.230106897 -5.26541862
0.229276734 -5.25423597
0.228451341 -5.2430935
0.227630681 -5.23199096
0.226814718 -5.22092813
0.226003417 -5.20990478
0.225196742 -5.1989207
0.224394658 -5.18797565
0.223597131 -5.17706942
0.222804125 -5.16620178
0.222015607 -5.15537253
0.221231543 -5.14458143
0.220451899 -5.13382829
0.219676643 -5.12311288
0.218905741 -5.11243499
0.218139162 -5.10179442
0.217376872 -5.09119096
0.21661884 -5.08062439
0.215865034 -5.07009452
0.215115423 -5.05960114
0.214369976 -5.04914405
0.213628663 -5.03872304
0.212891451 -5.02833793
0.212158313 -5.01798851
0.211429216 -5.00767458
0.210704133 -4.99739595
0.209983034 -4.98715243
0.209265888 -4.97694383
0.208552669 -4.96676995
0.207843346 -4.9566306
0.207137893 -4.9465256
0.20643628 -4.93645476
0.20573848 -4.9264179
0.205044465 -4.91641483
0.204354209 -4.90644537
0.203667684 -4.89650934
0.202984863 -4.88660656
0.202305719 -4.87673685
0.201630228 -4.86690003
0.200958361 -4.85709592
0.200290094 -4.84732436
0.199625401 -4.83758517
0.198964256 -4.82787817
0.198306634 -4.8182032
0.197652511 -4.80856008
0.197001862 -4.79894865
0.196354661 -4.78936874
0.195710886 -4.77982018
0.195070511 -4.77030281
0.194433513 -4.76081646
0.193799869 -4.75136097
0.193169554 -4.74193618
0.192542546 -4.73254192
0.191918821 -4.72317805
0.191298358 -4.71384439
0.190681132 -4.7045408
0.190067122 -4.69526712
0.189456305 -4.68602318
0.18884866 -4.67680885
0.188244164 -4.66762395
0.187642796 -4.65846835
0.187044534 -4.64934189
0.186449357 -4.64024443
0.185857245 -4.6311758
0.185268175 -4.62213587
0.184682127 -4.61312449
0.184099082 -4.60414151
0.183519017 -4.59518678
0.182941913 -4.58626017
0.182367751 -4.57736154
0.181796509 -4.56849072
0.181228169 -4.5596476
0.180662711 -4.55083202
0.180100115 -4.54204386
0.179540362 -4.53328296
0.178983433 -4.52454919
0.17842931 -4.51584242
0.177877973 -4.50716251
0.177329404 -4.49850933
0.176783584 -4.48988274
0.176240496 -4.48128261
0.175700121 -4.47270881
0.175162441 -4.46416121
0.174627438 -4.45563967
0.174095094 -4.44714407
0.173565393 -4.43867428
0.173038316 -4.43023018
0.172513847 -4.42181162
0.171991968 -4.4134185
0.171472663 -4.40505068
0.170955914 -4.39670804
0.170441704 -4.38839045
0.169930019 -4.3800978
0.16942084 -4.37182996
0.168914151 -4.36358681
0.168409937 -4.35536824
0.167908182 -4.34717411
0.167408869 -4.33900431
0.166911983 -4.33085873
0.166417508 -4.32273724
0.165925429 -4.31463974
0.16543573 -4.3065661
0.164948396 -4.2985162
0.164463412 -4.29048995
0.163980763 -4.28248721
0.163500433 -4.27450788
0.16302241 -4.26655185
0.162546676 -4.25861901
0.162073219 -4.25070924
0.161602023 -4.24282243
0.161133075 -4.23495848
0.16066636 -4.22711728
0.160201863 -4.21929871
0.159739572 -4.21150267
0.159279472 -4.20372907
0.15882155 -4.19597777
0.158365791 -4.1882487
0.157912182 -4.18054173
0.157460711 -4.17285677
0.157011363 -4.16519371
0.156564125 -4.15755244
0.156118984 -4.14993288
0.155675928 -4.14233491
0.155234942 -4.13475844
0.154796016 -4.12720336
0.154359135 -4.11966957
0.153924287 -4.11215699
0.153491459 -4.1046655
0.15306064 -4.09719501
0.152631816 -4.08974542
0.152204977 -4.08231664
0.151780108 -4.07490857
0.151357199 -4.06752112
0.150936238 -4.06015419
0.150517212 -4.05280769
0.15010011 -4.04548151
0.14968492 -4.03817558
0.149271631 -4.0308898
0.14886023 -4.02362407
0.148450708 -4.01637831
0.148043051 -4.00915241
0.14763725 -4.00194631
0.147233293 -3.99475989
0.146831168 -3.98759308
0.146430866 -3.98044579
0.146032374 -3.97331792
0.145635682 -3.96620939
0.14524078 -3.95912012
0.144847657 -3.95205001
0.144456301 -3.94499898
0.144066703 -3.93796695
0.143678853 -3.93095382
0.143292739 -3.92395952
0.142908351 -3.91698397
0.14252568 -3.91002707
0.142144716 -3.90308874
0.141765447 -3.8961689
0.141387865 -3.88926748
0.141011959 -3.88238438
0.140637719 -3.87551953
0.140265136 -3.86867285
0.1398942 -3.86184426
0.139524902 -3.85503367
0.139157231 -3.848241
0.138791179 -3.84146619
0.138426736 -3.83470915
0.138063893 -3.82796979
0.13770264 -3.82124806
0.137342968 -3.81454386
0.136984868 -3.80785712
0.136628331 -3.80118777
0.136273348 -3.79453573
0.135919911 -3.78790092
0.135568009 -3.78128327
0.135217635 -3.77468271
0.13486878 -3.76809916
0.134521434 -3.76153255
0.13417559 -3.7549828
0.133831239 -3.74844984
0.133488372 -3.74193361
0.133146981 -3.73543402
0.132807057 -3.72895101
0.132468592 -3.7224845
0.132131579 -3.71603443
0.131796008 -3.70960072
0.131461871 -3.70318331
0.131129161 -3.69678213
0.13079787 -3.69039709
0.130467989 -3.68402815
0.130139511 -3.67767523
0.129812427 -3.67133826
0.12948673 -3.66501717
0.129162413 -3.6587119
0.128839467 -3.65242238
0.128517884 -3.64614854
0.128197658 -3.63989032
0.127878781 -3.63364765
0.127561245 -3.62742046
0.127245043 -3.6212087
0.126930167 -3.6150123
0.12661661 -3.60883119
0.126304366 -3.6026653
0.125993425 -3.59651459
0.125683783 -3.59037897
0.12537543 -3.5842584
0.125068361 -3.5781528
0.124762568 -3.57206211
0.124458044 -3.56598628
0.124154783 -3.55992524
0.123852777 -3.55387893
0.123552019 -3.54784728
0.123252504 -3.54183025
0.122954223 -3.53582777
0.122657171 -3.52983977
0.12236134 -3.52386621
0.122066725 -3.51790701
0.121773318 -3.51196212
0.121481113 -3.50603149
0.121190103 -3.50011506
0.120900283 -3.49421275
0.120611646 -3.48832453
0.120324184 -3.48245033
0.120037893 -3.4765901
0.119752766 -3.47074377
0.119468797 -3.46491129
0.119185978 -3.45909261
0.118904305 -3.45328767
0.118623772 -3.44749642
0.118344371 -3.44171879
0.118066098 -3.43595473
0.117788946 -3.4302042
0.117512909 -3.42446713
0.117237981 -3.41874347
0.116964157 -3.41303317
0.116691431 -3.40733618
0.116419797 -3.40165243
0.116149248 -3.39598188
0.115879781 -3.39032448
0.115611388 -3.38468017
0.115344064 -3.3790489
0.115077804 -3.37343062
0.114812602 -3.36782528
0.114548452 -3.36223282
0.11428535 -3.3566532
0.114023289 -3.35108636
0.113762265 -3.34553225
0.113502271 -3.33999083
0.113243303 -3.33446205
0.112985355 -3.32894584
0.112728422 -3.32344217
0.112472498 -3.31795099
0.112217579 -3.31247224
0.11196366 -3.30700588
0.111710735 -3.30155186
0.111458799 -3.29611013
0.111207846 -3.29068065
0.110957873 -3.28526336
0.110708874 -3.27985821
0.110460844 -3.27446517
0.110213778 -3.26908418
0.109967672 -3.2637152
0.109722519 -3.25835818
0.109478316 -3.25301307
0.109235058 -3.24767983
0.10899274 -3.24235841
0.108751356 -3.23704877
0.108510904 -3.23175086
0.108271376 -3.22646464
0.10803277 -3.22119006
0.107795081 -3.21592707
0.107558303 -3.21067564
0.107322433 -3.20543571
0.107087465 -3.20020725
0.106853395 -3.19499021
0.106620219 -3.18978455
0.106387933 -3.18459022
0.106156531 -3.17940718
0.10592601 -3.17423539
0.105696364 -3.1690748
0.105467591 -3.16392538
0.105239684 -3.15878707
0.105012641 -3.15365984
0.104786457 -3.14854365
0.104561127 -3.14343845
0.104336647 -3.13834421
0.104113014 -3.13326088
0.103890223 -3.12818842
0.103668269 -3.12312678
0.103447149 -3.11807594
0.103226859 -3.11303585
0.103007395 -3.10800646
0.102788752 -3.10298774
0.102570927 -3.09797966
0.102353915 -3.09298216
0.102137713 -3.08799521
0.101922316 -3.08301877
0.101707722 -3.0780528
0.101493925 -3.07309726
0.101280922 -3.06815212
0.101068709 -3.06321733
0.100857283 -3.05829286
0.100646639 -3.05337867
0.100436774 -3.04847472
0.100227684 -3.04358097
0.100019366 -3.03869738
0.0998118144 -3.03382393
0.0996050272 -3.02896056
0.0993990003 -3.02410725
0.0991937299 -3.01926395
0.0989892126 -3.01443064
0.0987854447 -3.00960727
0.0985824226 -3.0047938
0.0983801428 -2.99999021
0.0981786017 -2.99519645
0.0979777959 -2.99041249
0.0977777218 -2.98563829
0.097578376 -2.98087382
0.0973797551 -2.97611905
0.0971818556 -2.97137393
0.0969846741 -2.96663843
0.0967882072 -2.96191252
0.0965924516 -2.95719616
0.0963974039 -2.95248933
0.0962030608 -2.94779197
0.096009419 -2.94310407
0.0958164752 -2.93842558
0.0956242261 -2.93375647
0.0954326685 -2.92909671
0.0952417992 -2.92444627
0.0950516149 -2.9198051
0.0948621125 -2.91517319
0.0946732888 -2.91055049
0.0944851406 -2.90593697
0.0942976648 -2.9013326
0.0941108583 -2.89673735
0.0939247181 -2.89215118
0.0937392409 -2.88757406
0.0935544237 -2.88300596
0.0933702636 -2.87844685
0.0931867575 -2.8738967
0.0930039023 -2.86935547
0.0928216951 -2.86482313
0.0926401329 -2.86029965
0.0924592128 -2.855785
0.0922789318 -2.85127915
0.092099287 -2.84678207
0.0919202754 -2.84229373
0.0917418943 -2.83781409
0.0915641406 -2.83334312
0.0913870117 -2.8288808
0.0912105045 -2.82442709
0.0910346164 -2.81998197
0.0908593445 -2.8155454
0.090684686 -2.81111736
0.0905106381 -2.80669781
0.0903371981 -2.80228673
0.0901643632 -2.79788408
0.0899921307 -2.79348983
0.0898204979 -2.78910397
0.0896494621 -2.78472645
0.0894790207 -2.78035725
0.0893091708 -2.77599634
0.08913991 -2.77164369
0.0889712355 -2.76729927
0.0888031448 -2.76296305
0.0886356352 -2.75863502
0.0884687041 -2.75431513
0.088302349 -2.75000336
0.0881365673 -2.74569968
0.0879713565 -2.74140406
0.087806714 -2.73711648
0.0876426373 -2.73283691
0.0874791238 -2.72856531
0.0873161712 -2.72430168
0.0871537769 -2.72004596
0.0869919385 -2.71579815
0.0868306535 -2.71155821
0.0866699195 -2.70732611
0.086509734 -2.70310184
0.0863500947 -2.69888535
0.0861909991 -2.69467663
0.0860324449 -2.69047565
0.0858744296 -2.68628238
0.0857169511 -2.6820968
0.0855600068 -2.67791887
0.0854035945 -2.67374859
0.0852477118 -2.66958591
0.0850923565 -2.66543081
0.0849375263 -2.66128327
0.0847832188 -2.65714326
0.0846294318 -2.65301076
0.0844761631 -2.64888574
0.0843234104 -2.64476818
0.0841711715 -2.64065805
0.0840194441 -2.63655532
0.0838682261 -2.63245997
0.0837175153 -2.62837198
0.0835673094 -2.62429133
0.0834176064 -2.62021798
0.083268404 -2.61615191
0.0831197002 -2.6120931
0.0829714927 -2.60804152
0.0828237794 -2.60399716
0.0826765584 -2.59995998
0.0825298273 -2.59592996
0.0823835842 -2.59190708
0.082237827 -2.58789132
0.0820925536 -2.58388265
0.081947762 -2.57988104
0.0818034501 -2.57588648
0.0816596158 -2.57189894
0.0815162572 -2.5679184
0.0813733723 -2.56394483
0.081230959 -2.55997822
0.0810890154 -2.55601853
0.0809475394 -2.55206575
0.0808065292 -2.54811985
0.0806659827 -2.54418082
0.080525898 -2.54024862
0.0803862732 -2.53632324
0.0802471063 -2.53240465
0.0801083954 -2.52849283
0.0799701387 -2.52458776
0.0798323342 -2.52068941
0.07969498 -2.51679778
0.0795580743 -2.51291282
0.0794216152 -2.50903453
0.0792856008 -2.50516287
0.0791500293 -2.50129784
0.0790148989 -2.4974394
0.0788802077 -2.49358753
0.0787459539 -2.48974222
0.0786121357 -2.48590344
0.0784787513 -2.48207117
0.0783457989 -2.47824539
0.0782132768 -2.47442609
0.0780811831 -2.47061323
0.0779495161 -2.46680679
0.0778182741 -2.46300677
0.0776874553 -2.45921313
END
