SIMP
NP=4096
SW=20000
TYPE=SPE
DATA
0.0822696464 -2.58360363
0.082123913 -2.57959344
0.0819786652 -2.57559035
0.0818339008 -2.57159431
0.0816896179 -2.56760532
0.0815458143 -2.56362335
0.081402488 -2.55964838
0.081259637 -2.55568038
0.0811172593 -2.55171932
0.0809753528 -2.5477652
0.0808339156 -2.54381798
0.0806929457 -2.53987764
0.080552441 -2.53594416
0.0804123997 -2.53201751
0.0802728199 -2.52809768
0.0801336994 -2.52418464
0.0799950365 -2.52027837
0.0798568291 -2.51637884
0.0797190754 -2.51248604
0.0795817736 -2.50859994
0.0794449215 -2.50472052
0.0793085175 -2.50084776
0.0791725597 -2.49698164
0.0790370461 -2.49312213
0.0789019749 -2.48926921
0.0787673443 -2.48542287
0.0786331524 -2.48158307
0.0784993975 -2.47774981
0.0783660777 -2.47392305
0.0782331911 -2.47010279
0.0781007361 -2.46628898
0.0779687109 -2.46248162
0.0778371135 -2.45868069
0.0777059424 -2.45488616
0.0775751957 -2.45109801
0.0774448717 -2.44731622
0.0773149686 -2.44354078
0.0771854847 -2.43977166
0.0770564184 -2.43600883
0.0769277678 -2.43225229
0.0767995313 -2.428502
0.0766717072 -2.42475796
0.0765442938 -2.42102014
0.0764172895 -2.41728851
0.0762906925 -2.41356307
0.0761645012 -2.40984379
0.076038714 -2.40613064
0.0759133292 -2.40242362
0.0757883452 -2.3987227
0.0756637604 -2.39502786
0.0755395731 -2.39133909
0.0754157817 -2.38765635
0.0752923847 -2.38397965
0.0751693804 -2.38030894
0.0750467673 -2.37664422
0.0749245438 -2.37298547
0.0748027083 -2.36933267
0.0746812592 -2.36568579
0.0745601951 -2.36204483
0.0744395144 -2.35840975
0.0743192155 -2.35478055
0.0741992969 -2.35115721
0.0740797571 -2.3475397
0.0739605946 -2.34392801
0.0738418079 -2.34032211
0.0737233955 -2.336722
0.0736053558 -2.33312765
0.0734876875 -2.32953904
0.073370389 -2.32595616
0.0732534589 -2.32237899
0.0731368958 -2.31880751
0.073020698 -2.3152417
0.0729048643 -2.31168155
0.0727893932 -2.30812703
0.0726742833 -2.30457814
0.0725595331 -2.30103484
0.0724451412 -2.29749714
0.0723311062 -2.29396499
0.0722174268 -2.2904384
0.0721041014 -2.28691734
0.0719911288 -2.2834018
0.0718785076 -2.27989175
0.0717662363 -2.27638719
0.0716543137 -2.27288809
0.0715427383 -2.26939444
0.0714315088 -2.26590621
0.0713206239 -2.2624234
0.0712100822 -2.25894599
0.0710998824 -2.25547396
0.0709900232 -2.25200729
0.0708805032 -2.24854597
0.0707713211 -2.24508998
0.0706624757 -2.2416393
0.0705539656 -2.23819392
0.0704457895 -2.23475382
0.0703379462 -2.23131899
0.0702304343 -2.2278894
0.0701232527 -2.22446505
0.0700163999 -2.22104592
0.0699098749 -2.21763198
0.0698036762 -2.21422324
0.0696978027 -2.21081966
0.0695922532 -2.20742123
0.0694870263 -2.20402794
0.0693821208 -2.20063977
0.0692775356 -2.19725671
0.0691732694 -2.19387874
0.069069321 -2.19050585
0.0689656892 -2.18713801
0.0688623728 -2.18377522
0.0687593706 -2.18041746
0.0686566813 -2.17706471
0.0685543039 -2.17371696
0.0684522371 -2.17037419
0.0683504798 -2.16703639
0.0682490309 -2.16370354
0.068147889 -2.16037564
0.0680470531 -2.15705265
0.0679465221 -2.15373458
0.0678462948 -2.15042139
0.06774637 -2.14711309
0.0676467467 -2.14380965
0.0675474236 -2.14051106
0.0674483998 -2.1372173
0.0673496739 -2.13392837
0.0672512451 -2.13064424
0.067153112 -2.1273649
0.0670552738 -2.12409034
0.0669577291 -2.12082054
0.066860477 -2.11755549
0.0667635164 -2.11429517
0.0666668462 -2.11103958
0.0665704653 -2.10778869
0.0664743726 -2.10454249
0.0663785671 -2.10130097
0.0662830477 -2.09806411
0.0661878135 -2.0948319
0.0660928632 -2.09160433
0.0659981959 -2.08838138
0.0659038105 -2.08516304
0.065809706 -2.08194929
0.0657158814 -2.07874013
0.0656223357 -2.07553553
0.0655290678 -2.07233549
0.0654360767 -2.06913999
0.0653433614 -2.06594901
0.0652509209 -2.06276255
0.0651587541 -2.05958059
0.0650668602 -2.05640311
0.0649752381 -2.05323011
0.0648838868 -2.05006157
0.0647928054 -2.04689747
0.0647019928 -2.04373781
0.0646114481 -2.04058257
0.0645211704 -2.03743174
0.0644311586 -2.03428531
0.0643414117 -2.03114325
0.064251929 -2.02800557
0.0641627093 -2.02487224
0.0640737518 -2.02174326
0.0639850555 -2.0186186
0.0638966194 -2.01549827
0.0638084427 -2.01238224
0.0637205244 -2.0092705
0.0636328636 -2.00616304
0.0635454593 -2.00305985
0.0634583107 -1.99996092
0.0633714168 -1.99686623
0.0632847768 -1.99377577
0.0631983897 -1.99068952
0.0631122546 -1.98760749
0.0630263706 -1.98452964
0.0629407369 -1.98145598
0.0628553526 -1.97838649
0.0627702167 -1.97532115
0.0626853284 -1.97225996
0.0626006869 -1.96920291
0.0625162912 -1.96614997
0.0624321404 -1.96310114
0.0623482338 -1.96005641
0.0622645705 -1.95701577
0.0621811496 -1.95397919
0.0620979702 -1.95094668
0.0620150316 -1.94791822
0.0619323328 -1.9448938
0.0618498731 -1.94187341
0.0617676515 -1.93885702
0.0616856673 -1.93584465
0.0616039197 -1.93283626
0.0615224078 -1.92983185
0.0614411307 -1.92683142
0.0613600878 -1.92383494
0.0612792781 -1.9208424
0.0611987008 -1.9178538
0.0611183553 -1.91486913
0.0610382405 -1.91188836
0.0609583558 -1.9089115
0.0608787004 -1.90593853
0.0607992735 -1.90296943
0.0607200742 -1.90000421
0.0606411018 -1.89704283
0.0605623555 -1.89408531
0.0604838346 -1.89113162
0.0604055382 -1.88818175
0.0603274656 -1.88523569
0.0602496161 -1.88229344
0.0601719888 -1.87935497
0.060094583 -1.87642029
0.060017398 -1.87348937
0.059940433 -1.87056221
0.0598636872 -1.8676388
0.05978716 -1.86471913
0.0597108504 -1.86180319
0.0596347579 -1.85889095
0.0595588817 -1.85598243
0.0594832211 -1.8530776
0.0594077752 -1.85017645
0.0593325435 -1.84727898
0.0592575251 -1.84438517
0.0591827194 -1.84149501
0.0591081256 -1.8386085
0.0590337431 -1.83572562
0.058959571 -1.83284636
0.0588856088 -1.82997071
0.0588118557 -1.82709866
0.0587383109 -1.82423021
0.0586649739 -1.82136533
0.0585918438 -1.81850403
0.0585189201 -1.81564629
0.058446202 -1.8127921
0.0583736889 -1.80994145
0.05830138 -1.80709433
0.0582292747 -1.80425073
0.0581573723 -1.80141064
0.0580856721 -1.79857406
0.0580141734 -1.79574096
0.0579428757 -1.79291135
0.0578717782 -1.79008521
0.0578008802 -1.78726253
0.0577301812 -1.78444331
0.0576596804 -1.78162752
0.0575893771 -1.77881517
0.0575192709 -1.77600625
0.0574493609 -1.77320074
0.0573796465 -1.77039863
0.0573101272 -1.76759992
0.0572408023 -1.76480459
0.057171671 -1.76201264
0.0571027329 -1.75922405
0.0570339872 -1.75643882
0.0569654334 -1.75365694
0.0568970708 -1.7508784
0.0568288987 -1.74810319
0.0567609167 -1.7453313
0.056693124 -1.74256271
0.05662552 -1.73979743
0.0565581041 -1.73703544
0.0564908758 -1.73427674
0.0564238343 -1.73152131
0.0563569792 -1.72876914
0.0562903098 -1.72602023
0.0562238254 -1.72327456
0.0561575256 -1.72053214
0.0560914097 -1.71779294
0.0560254771 -1.71505696
0.0559597272 -1.71232419
0.0558941595 -1.70959463
0.0558287733 -1.70686826
0.0557635681 -1.70414507
0.0556985433 -1.70142506
0.0556336983 -1.69870821
0.0555690326 -1.69599452
0.0555045455 -1.69328399
0.0554402365 -1.69057659
0.0553761051 -1.68787232
0.0553121507 -1.68517118
0.0552483726 -1.68247315
0.0551847705 -1.67977823
0.0551213436 -1.67708641
0.0550580914 -1.67439767
0.0549950135 -1.67171202
0.0549321091 -1.66902943
0.0548693779 -1.66634991
0.0548068192 -1.66367345
0.0547444325 -1.66100003
0.0546822173 -1.65832965
0.054620173 -1.6556623
0.054558299 -1.65299797
0.0544965949 -1.65033666
0.0544350602 -1.64767835
0.0543736942 -1.64502304
0.0543124965 -1.64237072
0.0542514665 -1.63972137
0.0541906037 -1.637075
0.0541299076 -1.6344316
0.0540693777 -1.63179115
0.0540090134 -1.62915364
0.0539488143 -1.62651908
0.0538887798 -1.62388745
0.0538289094 -1.62125874
0.0537692026 -1.61863295
0.053709659 -1.61601007
0.0536502779 -1.61339009
0.0535910589 -1.610773
0.0535320015 -1.60815879
0.0534731053 -1.60554746
0.0534143696 -1.602939
0.053355794 -1.6003334
0.0532973781 -1.59773065
0.0532391213 -1.59513075
0.0531810231 -1.59253368
0.0531230831 -1.58993944
0.0530653007 -1.58734803
0.0530076756 -1.58475943
0.0529502072 -1.58217364
0.052892895 -1.57959064
0.0528357385 -1.57701044
0.0527787374 -1.57443302
0.052721891 -1.57185838
0.0526651991 -1.5692865
0.0526086609 -1.56671739
0.0525522762 -1.56415103
0.0524960445 -1.56158742
0.0524399652 -1.55902655
0.052384038 -1.5564684
0.0523282623 -1.55391298
0.0522726378 -1.55136028
0.0522171639 -1.54881029
0.0521618402 -1.546263
0.0521066662 -1.5437184
0.0520516416 -1.54117649
0.0519967658 -1.53863727
0.0519420385 -1.53610071
0.0518874591 -1.53356682
0.0518330272 -1.53103559
0.0517787424 -1.52850701
0.0517246043 -1.52598107
0.0516706124 -1.52345777
0.0516167663 -1.5209371
0.0515630655 -1.51841905
0.0515095097 -1.51590362
0.0514560983 -1.5133908
0.051402831 -1.51088058
0.0513497073 -1.50837295
0.0512967268 -1.50586791
0.0512438891 -1.50336545
0.0511911938 -1.50086557
0.0511386405 -1.49836825
0.0510862286 -1.49587349
0.0510339579 -1.49338128
0.0509818279 -1.49089163
0.0509298382 -1.4884045
0.0508779883 -1.48591992
0.0508262779 -1.48343785
0.0507747066 -1.48095831
0.050723274 -1.47848128
0.0506719796 -1.47600675
0.0506208231 -1.47353472
0.050569804 -1.47106519
0.0505189219 -1.46859813
0.0504681765 -1.46613356
0.0504175674 -1.46367146
0.0503670942 -1.46121182
0.0503167564 -1.45875465
0.0502665537 -1.45629992
0.0502164857 -1.45384764
0.0501665519 -1.4513978
0.0501167521 -1.44895039
0.0500670859 -1.44650541
0.0500175528 -1.44406284
0.0499681524 -1.44162269
0.0499188845 -1.43918495
0.0498697485 -1.4367496
0.0498207442 -1.43431665
0.0497718711 -1.43188609
0.049723129 -1.4294579
0.0496745173 -1.42703209
0.0496260357 -1.42460865
0.049577684 -1.42218757
0.0495294616 -1.41976884
0.0494813682 -1.41735247
0.0494334036 -1.41493843
0.0493855672 -1.41252674
0.0493378588 -1.41011737
0.0492902779 -1.40771033
0.0492428242 -1.4053056
0.0491954975 -1.40290319
0.0491482972 -1.40050308
0.0491012231 -1.39810527
0.0490542747 -1.39570975
0.0490074518 -1.39331653
0.048960754 -1.39092558
0.0489141809 -1.3885369
0.0488677322 -1.3861505
0.0488214076 -1.38376636
0.0487752067 -1.38138447
0.0487291291 -1.37900483
0.0486831745 -1.37662744
0.0486373426 -1.37425229
0.048591633 -1.37187937
0.0485460454 -1.36950868
0.0485005795 -1.36714021
0.0484552349 -1.36477395
0.0484100112 -1.3624099
0.0483649082 -1.36004805
0.0483199255 -1.35768841
0.0482750628 -1.35533095
0.0482303198 -1.35297568
0.048185696 -1.35062258
0.0481411913 -1.34827167
0.0480968052 -1.34592292
0.0480525375 -1.34357633
0.0480083878 -1.34123189
0.0479643558 -1.33888961
0.0479204412 -1.33654948
0.0478766436 -1.33421148
0.0478329628 -1.33187562
0.0477893984 -1.32954188
0.0477459501 -1.32721027
0.0477026176 -1.32488077
0.0476594006 -1.32255338
0.0476162987 -1.3202281
0.0475733117 -1.31790492
0.0475304393 -1.31558383
0.0474876811 -1.31326483
0.0474450368 -1.31094792
0.0474025061 -1.30863308
0.0473600887 -1.30632031
0.0473177844 -1.30400961
0.0472755928 -1.30170097
0.0472335135 -1.29939439
0.0471915464 -1.29708985
0.0471496911 -1.29478736
0.0471079473 -1.29248691
0.0470663147 -1.2901885
0.047024793 -1.28789211
0.046983382 -1.28559774
0.0469420813 -1.28330539
0.0469008906 -1.28101505
0.0468598097 -1.27872672
0.0468188382 -1.27644039
0.0467779758 -1.27415606
0.0467372224 -1.27187372
0.0466965776 -1.26959336
0.046656041 -1.26731498
0.0466156125 -1.26503858
0.0465752917 -1.26276414
0.0465350783 -1.26049168
0.0464949722 -1.25822117
0.0464549729 -1.25595261
0.0464150802 -1.253686
0.0463752939 -1.25142134
0.0463356136 -1.24915861
0.0462960391 -1.24689782
0.0462565701 -1.24463895
0.0462172064 -1.24238201
0.0461779476 -1.24012699
0.0461387935 -1.23787387
0.0460997438 -1.23562267
0.0460607982 -1.23337337
0.0460219566 -1.23112596
0.0459832185 -1.22888045
0.0459445838 -1.22663682
0.0459060521 -1.22439508
0.0458676233 -1.22215521
0.045829297 -1.21991722
0.045791073 -1.21768109
0.045752951 -1.21544682
0.0457149308 -1.21321441
0.0456770121 -1.21098386
0.0456391946 -1.20875515
0.0456014781 -1.20652828
0.0455638624 -1.20430325
0.0455263471 -1.20208006
0.045488932 -1.19985869
0.0454516169 -1.19763914
0.0454144015 -1.19542142
0.0453772856 -1.1932055
0.0453402689 -1.19099139
0.0453033511 -1.18877909
0.0452665321 -1.18656858
0.0452298115 -1.18435987
0.0451931891 -1.18215295
0.0451566647 -1.17994781
0.045120238 -1.17774445
0.0450839088 -1.17554287
0.0450476768 -1.17334305
0.0450115418 -1.171145
0.0449755036 -1.16894871
0.0449395619 -1.16675418
0.0449037164 -1.1645614
0.044867967 -1.16237036
0.0448323133 -1.16018107
0.0447967553 -1.15799351
0.0447612925 -1.15580769
0.0447259248 -1.15362359
0.044690652 -1.15144121
0.0446554738 -1.14926056
0.0446203899 -1.14708161
0.0445854002 -1.14490438
0.0445505045 -1.14272885
0.0445157024 -1.14055502
0.0444809938 -1.13838289
0.0444463784 -1.13621245
0.044411856 -1.13404369
0.0443774264 -1.13187662
0.0443430893 -1.12971122
0.0443088446 -1.1275475
0.0442746919 -1.12538544
0.0442406312 -1.12322505
0.0442066621 -1.12106632
0.0441727844 -1.11890924
0.0441389979 -1.11675381
0.0441053025 -1.11460003
0.0440716978 -1.11244789
0.0440381836 -1.11029739
0.0440047598 -1.10814852
0.0439714262 -1.10600128
0.0439381824 -1.10385566
0.0439050283 -1.10171167
0.0438719637 -1.09956928
0.0438389884 -1.09742851
0.0438061021 -1.09528935
0.0437733046 -1.09315178
0.0437405958 -1.09101582
0.0437079753 -1.08888145
0.0436754431 -1.08674867
0.0436429989 -1.08461747
0.0436106425 -1.08248785
0.0435783736 -1.08035981
0.0435461922 -1.07823334
0.0435140979 -1.07610844
0.0434820905 -1.07398511
0.04345017 -1.07186333
0.043418336 -1.06974311
0.0433865883 -1.06762443
0.0433549268 -1.06550731
0.0433233512 -1.06339173
0.0432918614 -1.06127768
0.0432604572 -1.05916517
0.0432291383 -1.05705419
0.0431979045 -1.05494474
0.0431667557 -1.05283681
0.0431356917 -1.05073039
0.0431047122 -1.04862549
0.0430738171 -1.0465221
0.0430430062 -1.04442021
0.0430122793 -1.04231983
0.0429816361 -1.04022094
0.0429510765 -1.03812354
0.0429206004 -1.03602763
0.0428902074 -1.03393321
0.0428598975 -1.03184027
0.0428296704 -1.0297488
0.042799526 -1.02765881
0.042769464 -1.02557029
0.0427394843 -1.02348323
0.0427095866 -1.02139763
0.0426797709 -1.01931349
0.0426500369 -1.0172308
0.0426203844 -1.01514956
0.0425908132 -1.01306976
0.0425613232 -1.0109914
0.0425319142 -1.00891448
0.0425025859 -1.006839
0.0424733383 -1.00476494
0.0424441711 -1.00269231
0.0424150842 -1.0006211
0.0423860773 -0.998551303
0.0423571504 -0.996482922
0.0423283031 -0.99441595
0.0422995354 -0.992350383
0.042270847 -0.990286218
0.0422422379 -0.988223451
0.0422137077 -0.986162077
0.0421852564 -0.984102094
0.0421568838 -0.982043497
0.0421285896 -0.979986281
0.0421003737 -0.977930445
0.042072236 -0.975875983
0.0420441763 -0.973822891
0.0420161944 -0.971771167
0.0419882901 -0.969720806
0.0419604633 -0.967671805
0.0419327137 -0.965624159
0.0419050413 -0.963577865
0.0418774459 -0.96153292
0.0418499272 -0.959489319
0.0418224852 -0.957447058
0.0417951196 -0.955406134
0.0417678303 -0.953366544
0.0417406172 -0.951328283
0.04171348 -0.949291348
0.0416864186 -0.947255735
0.0416594328 -0.94522144
0.0416325226 -0.943188461
0.0416056876 -0.941156792
0.0415789278 -0.93912643
0.041552243 -0.937097372
0.041525633 -0.935069615
0.0414990977 -0.933043153
0.0414726369 -0.931017985
0.0414462505 -0.928994105
0.0414199383 -0.926971512
0.0413937001 -0.9249502
0.0413675358 -0.922930166
0.0413414453 -0.920911407
0.0413154283 -0.918893919
0.0412894847 -0.916877699
0.0412636144 -0.914862742
0.0412378172 -0.912849046
0.041212093 -0.910836607
0.0411864416 -0.908825421
0.0411608629 -0.906815484
0.0411353566 -0.904806794
0.0411099228 -0.902799347
0.0410845611 -0.900793138
0.0410592715 -0.898788165
0.0410340538 -0.896784425
0.0410089078 -0.894781912
0.0409838335 -0.892780625
0.0409588306 -0.89078056
0.0409338991 -0.888781712
0.0409090387 -0.886784079
0.0408842493 -0.884787658
0.0408595309 -0.882792444
0.0408348831 -0.880798434
0.040810306 -0.878805625
0.0407857993 -0.876814013
0.0407613629 -0.874823596
0.0407369967 -0.872834369
0.0407127005 -0.870846329
0.0406884742 -0.868859472
0.0406643176 -0.866873796
0.0406402307 -0.864889297
0.0406162132 -0.862905971
0.040592265 -0.860923815
0.040568386 -0.858942826
0.040544576 -0.856963001
0.040520835 -0.854984335
0.0404971627 -0.853006826
0.040473559 -0.85103047
0.0404500239 -0.849055264
0.0404265571 -0.847081205
0.0404031585 -0.845108289
0.040379828 -0.843136513
0.0403565655 -0.841165873
0.0403333708 -0.839196367
0.0403102438 -0.837227991
0.0402871844 -0.835260741
0.0402641923 -0.833294615
0.0402412676 -0.831329609
0.04021841 -0.82936572
0.0401956195 -0.827402944
0.0401728959 -0.825441279
0.040150239 -0.82348072
0.0401276488 -0.821521266
0.0401051251 -0.819562912
0.0400826678 -0.817605655
0.0400602768 -0.815649493
0.0400379518 -0.813694421
0.0400156929 -0.811740437
0.0399934999 -0.809787537
0.0399713726 -0.807835718
0.0399493109 -0.805884978
0.0399273148 -0.803935312
0.039905384 -0.801986718
0.0398835185 -0.800039192
0.0398617181 -0.798092731
0.0398399827 -0.796147333
0.0398183122 -0.794202993
0.0397967064 -0.792259709
0.0397751653 -0.790317478
0.0397536888 -0.788376295
0.0397322766 -0.78643616
0.0397109287 -0.784497067
0.0396896449 -0.782559014
0.0396684252 -0.780621999
0.0396472694 -0.778686017
0.0396261774 -0.776751065
0.0396051491 -0.774817141
0.0395841844 -0.772884242
0.0395632831 -0.770952364
0.0395424452 -0.769021504
0.0395216704 -0.767091659
0.0395009588 -0.765162826
0.0394803101 -0.763235003
0.0394597244 -0.761308185
0.0394392013 -0.75938237
0.039418741 -0.757457555
0.0393983431 -0.755533736
0.0393780077 -0.753610912
0.0393577345 -0.751689078
0.0393375236 -0.749768231
0.0393173747 -0.747848369
0.0392972878 -0.745929489
0.0392772627 -0.744011587
0.0392572994 -0.742094661
0.0392373978 -0.740178707
0.0392175576 -0.738263723
0.0391977789 -0.736349705
0.0391780615 -0.734436651
0.0391584052 -0.732524558
0.0391388101 -0.730613421
0.0391192759 -0.72870324
0.0390998026 -0.72679401
0.0390803901 -0.724885729
0.0390610383 -0.722978393
0.039041747 -0.721072
0.0390225161 -0.719166547
0.0390033456 -0.717262031
0.0389842353 -0.715358448
0.0389651852 -0.713455797
0.0389461951 -0.711554073
0.0389272649 -0.709653275
0.0389083946 -0.707753398
0.0388895839 -0.705854441
0.0388708329 -0.7039564
0.0388521414 -0.702059273
0.0388335094 -0.700163056
0.0388149366 -0.698267747
0.038796423 -0.696373343
0.0387779686 -0.69447984
0.0387595731 -0.692587237
0.0387412366 -0.690695529
0.0387229589 -0.688804715
0.0387047399 -0.686914791
0.0386865795 -0.685025755
0.0386684777 -0.683137603
0.0386504342 -0.681250333
0.0386324491 -0.679363942
0.0386145222 -0.677478427
0.0385966535 -0.675593786
0.0385788427 -0.673710014
0.0385610899 -0.671827111
0.038543395 -0.669945072
0.0385257578 -0.668063895
0.0385081782 -0.666183577
0.0384906562 -0.664304116
0.0384731916 -0.662425508
0.0384557845 -0.66054775
0.0384384346 -0.658670841
0.0384211419 -0.656794777
0.0384039062 -0.654919555
0.0383867276 -0.653045173
0.0383696059 -0.651171628
0.038352541 -0.649298916
0.0383355328 -0.647427036
0.0383185812 -0.645555984
0.0383016862 -0.643685758
0.0382848477 -0.641816355
0.0382680655 -0.639947772
0.0382513395 -0.638080007
0.0382346698 -0.636213056
0.0382180562 -0.634346917
0.0382014985 -0.632481588
0.0381849968 -0.630617065
0.0381685509 -0.628753346
0.0381521608 -0.626890428
0.0381358263 -0.625028308
0.0381195474 -0.623166984
0.038103324 -0.621306453
0.038087156 -0.619446712
0.0380710433 -0.617587759
0.0380549858 -0.61572959
0.0380389835 -0.613872203
0.0380230362 -0.612015596
0.0380071439 -0.610159766
0.0379913065 -0.60830471
0.0379755239 -0.606450425
0.037959796 -0.604596909
0.0379441228 -0.602744159
0.0379285042 -0.600892173
0.03791294 -0.599040947
0.0378974302 -0.597190479
0.0378819747 -0.595340767
0.0378665735 -0.593491807
0.0378512264 -0.591643598
0.0378359334 -0.589796136
0.0378206944 -0.587949419
0.0378055093 -0.586103444
0.037790378 -0.584258209
0.0377753005 -0.582413711
0.0377602767 -0.580569947
0.0377453064 -0.578726915
0.0377303897 -0.576884612
0.0377155264 -0.575043035
0.0377007165 -0.573202183
0.0376859599 -0.571362051
0.0376712565 -0.569522639
0.0376566062 -0.567683943
0.037642009 -0.56584596
0.0376274648 -0.564008688
0.0376129735 -0.562172124
0.037598535 -0.560336266
0.0375841493 -0.558501112
0.0375698162 -0.556666658
0.0375555358 -0.554832902
0.0375413079 -0.552999842
0.0375271324 -0.551167474
0.0375130094 -0.549335797
0.0374989386 -0.547504808
0.0374849201 -0.545674504
0.0374709538 -0.543844883
0.0374570396 -0.542015942
0.0374431774 -0.540187678
0.0374293671 -0.53836009
0.0374156088 -0.536533174
0.0374019022 -0.534706929
0.0373882474 -0.532881351
0.0373746443 -0.531056437
0.0373610927 -0.529232187
0.0373475927 -0.527408596
0.0373341442 -0.525585663
0.037320747 -0.523763385
0.0373074012 -0.521941759
0.0372941067 -0.520120783
0.0372808633 -0.518300454
0.037267671 -0.516480771
0.0372545298 -0.51466173
0.0372414396 -0.512843328
0.0372284003 -0.511025565
0.0372154119 -0.509208436
0.0372024742 -0.50739194
0.0371895873 -0.505576074
0.037176751 -0.503760835
0.0371639653 -0.501946222
0.0371512302 -0.500132231
0.0371385455 -0.49831886
0.0371259112 -0.496506107
0.0371133272 -0.494693969
0.0371007935 -0.492882444
0.0370883099 -0.49107153
0.0370758766 -0.489261223
0.0370634933 -0.487451522
0.03705116 -0.485642423
0.0370388767 -0.483833926
0.0370266432 -0.482026026
0.0370144596 -0.480218722
0.0370023257 -0.478412011
0.0369902416 -0.476605892
0.0369782071 -0.47480036
0.0369662222 -0.472995415
0.0369542868 -0.471191053
0.0369424008 -0.469387272
0.0369305643 -0.46758407
0.0369187771 -0.465781445
0.0369070391 -0.463979393
0.0368953504 -0.462177913
0.0368837109 -0.460377002
0.0368721205 -0.458576658
0.0368605791 -0.456776878
0.0368490867 -0.45497766
0.0368376432 -0.453179002
0.0368262486 -0.451380901
0.0368149028 -0.449583354
0.0368036058 -0.44778636
0.0367923575 -0.445989916
0.0367811578 -0.44419402
0.0367700067 -0.442398669
0.0367589041 -0.440603861
0.03674785 -0.438809594
0.0367368444 -0.437015864
0.0367258871 -0.435222671
0.0367149781 -0.433430011
0.0367041174 -0.431637882
0.0366933048 -0.429846282
0.0366825405 -0.428055208
0.0366718242 -0.426264658
0.0366611559 -0.424474631
0.0366505357 -0.422685122
0.0366399634 -0.42089613
0.0366294389 -0.419107654
0.0366189623 -0.417319689
0.0366085335 -0.415532235
0.0365981524 -0.413745288
0.036587819 -0.411958847
0.0365775331 -0.410172908
0.0365672949 -0.408387471
0.0365571042 -0.406602532
0.0365469609 -0.404818088
0.0365368651 -0.403034139
0.0365268167 -0.401250681
0.0365168155 -0.399467713
0.0365068616 -0.397685231
0.036496955 -0.395903233
0.0364870955 -0.394121718
0.0364772831 -0.392340683
0.0364675178 -0.390560126
0.0364577996 -0.388780044
0.0364481283 -0.387000434
0.0364385039 -0.385221296
0.0364289265 -0.383442626
0.0364193958 -0.381664422
0.036409912 -0.379886683
0.0364004748 -0.378109405
0.0363910844 -0.376332586
0.0363817406 -0.374556224
0.0363724434 -0.372780317
0.0363631928 -0.371004862
0.0363539887 -0.369229858
0.0363448311 -0.367455302
0.0363357198 -0.365681191
0.036326655 -0.363907524
0.0363176364 -0.362134298
0.0363086642 -0.360361511
0.0362997382 -0.358589161
0.0362908584 -0.356817245
0.0362820247 -0.355045761
0.0362732372 -0.353274708
0.0362644957 -0.351504081
0.0362558002 -0.349733881
0.0362471507 -0.347964103
0.0362385472 -0.346194746
0.0362299895 -0.344425808
0.0362214777 -0.342657287
0.0362130118 -0.340889179
0.0362045915 -0.339121484
0.0361962171 -0.337354199
0.0361878883 -0.33558732
0.0361796051 -0.333820848
0.0361713676 -0.332054778
0.0361631756 -0.330289109
0.0361550292 -0.328523839
0.0361469282 -0.326758965
0.0361388727 -0.324994485
0.0361308626 -0.323230397
0.0361228978 -0.321466699
0.0361149784 -0.319703389
0.0361071043 -0.317940464
0.0360992754 -0.316177922
0.0360914918 -0.314415761
0.0360837533 -0.312653978
0.03607606 -0.310892572
0.0360684117 -0.309131541
0.0360608085 -0.307370881
0.0360532504 -0.305610591
0.0360457372 -0.303850669
0.036038269 -0.302091113
0.0360308457 -0.30033192
0.0360234673 -0.298573088
0.0360161338 -0.296814615
0.036008845 -0.295056498
0.036001601 -0.293298737
0.0359944018 -0.291541327
0.0359872472 -0.289784268
0.0359801374 -0.288027557
0.0359730721 -0.286271191
0.0359660515 -0.28451517
0.0359590754 -0.28275949
0.0359521439 -0.281004149
0.0359452568 -0.279249145
0.0359384143 -0.277494476
0.0359316161 -0.27574014
0.0359248624 -0.273986135
0.035918153 -0.272232458
0.0359114879 -0.270479107
0.0359048672 -0.268726081
0.0358982907 -0.266973376
0.0358917585 -0.265220992
0.0358852704 -0.263468925
0.0358788266 -0.261717173
0.0358724269 -0.259965735
0.0358660713 -0.258214608
0.0358597597 -0.25646379
0.0358534923 -0.254713279
0.0358472688 -0.252963073
0.0358410893 -0.25121317
0.0358349538 -0.249463566
0.0358288623 -0.247714262
0.0358228146 -0.245965253
0.0358168108 -0.244216538
0.0358108509 -0.242468115
0.0358049347 -0.240719982
0.0357990624 -0.238972137
0.0357932338 -0.237224577
0.0357874489 -0.2354773
0.0357817078 -0.233730305
0.0357760103 -0.231983589
0.0357703565 -0.230237149
0.0357647462 -0.228490985
0.0357591796 -0.226745093
0.0357536566 -0.224999472
0.035748177 -0.223254119
0.035742741 -0.221509032
0.0357373485 -0.21976421
0.0357319995 -0.218019649
0.0357266938 -0.216275349
0.0357214316 -0.214531307
0.0357162128 -0.21278752
0.0357110373 -0.211043987
0.0357059052 -0.209300705
0.0357008164 -0.207557672
0.0356957709 -0.205814887
0.0356907686 -0.204072347
0.0356858095 -0.20233005
0.0356808937 -0.200587994
0.0356760211 -0.198846177
0.0356711916 -0.197104597
0.0356664053 -0.195363251
0.0356616621 -0.193622137
0.035656962 -0.191881254
0.035652305 -0.1901406
0.035647691 -0.188400171
0.0356431201 -0.186659967
0.0356385921 -0.184919984
0.0356341072 -0.183180222
0.0356296652 -0.181440677
0.0356252662 -0.179701348
0.0356209101 -0.177962233
0.0356165968 -0.176223329
0.0356123265 -0.174484634
0.0356080991 -0.172746147
0.0356039144 -0.171007865
0.0355997726 -0.169269786
0.0355956736 -0.167531909
0.0355916174 -0.16579423
0.035587604 -0.164056748
0.0355836333 -0.162319461
0.0355797053 -0.160582367
0.03557582 -0.158845463
0.0355719774 -0.157108748
0.0355681775 -0.155372219
0.0355644202 -0.153635874
0.0355607056 -0.151899712
0.0355570336 -0.150163731
0.0355534042 -0.148427927
0.0355498173 -0.146692299
0.035546273 -0.144956845
0.0355427713 -0.143221564
0.0355393121 -0.141486452
0.0355358954 -0.139751508
0.0355325212 -0.138016729
0.0355291895 -0.136282114
0.0355259003 -0.134547661
0.0355226535 -0.132813367
0.0355194491 -0.13107923
0.0355162872 -0.129345249
0.0355131676 -0.127611421
0.0355100905 -0.125877745
0.0355070557 -0.124144217
0.0355040633 -0.122410837
0.0355011132 -0.120677601
0.0354982055 -0.118944508
0.0354953401 -0.117211556
0.035492517 -0.115478743
0.0354897361 -0.113746067
0.0354869976 -0.112013526
0.0354843013 -0.110281117
0.0354816473 -0.108548838
0.0354790355 -0.106816688
0.0354764659 -0.105084664
0.0354739386 -0.103352765
0.0354714534 -0.101620988
0.0354690105 -0.0998893314
0.0354666097 -0.0981577929
0.0354642511 -0.0964263704
0.0354619346 -0.0946950621
0.0354596603 -0.0929638657
0.0354574282 -0.0912327793
0.0354552381 -0.0895018008
0.0354530902 -0.0877709281
0.0354509844 -0.0860401592
0.0354489206 -0.084309492
0.035446899 -0.0825789245
0.0354449194 -0.0808484546
0.0354429819 -0.0791180803
0.0354410864 -0.0773877995
0.035439233 -0.0756576102
0.0354374216 -0.0739275103
0.0354356523 -0.0721974977
0.035433925 -0.0704675705
0.0354322397 -0.0687377265
0.0354305963 -0.0670079637
0.035428995 -0.0652782801
0.0354274357 -0.0635486736
0.0354259184 -0.0618191422
0.035424443 -0.0600896837
0.0354230096 -0.0583602963
0.0354216182 -0.0566309778
0.0354202687 -0.0549017261
0.0354189612 -0.0531725393
0.0354176956 -0.0514434152
0.0354164719 -0.0497143519
0.0354152902 -0.0479853473
0.0354141504 -0.0462563993
0.0354130525 -0.0445275059
0.0354119965 -0.042798665
0.0354109825 -0.0410698747
0.0354100103 -0.0393411328
0.0354090801 -0.0376124373
0.0354081917 -0.0358837862
0.0354073452 -0.0341551774
0.0354065407 -0.0324266089
0.035405778 -0.0306980787
0.0354050571 -0.0289695846
0.0354043782 -0.0272411247
0.0354037411 -0.0255126969
0.0354031459 -0.0237842992
0.0354025926 -0.0220559294
0.0354020811 -0.0203275857
0.0354016115 -0.0185992659
0.0354011838 -0.016870968
0.0354007979 -0.01514269
0.0354004538 -0.0134144297
0.0354001517 -0.0116861852
0.0353998913 -0.00995795447
0.0353996729 -0.0082297354
0.0353994962 -0.00650152597
0.0353993614 -0.00477332413
0.0353992685 -0.00304512785
0.0353992174 -0.00131693509
0.0353992082 0.00041125621
0.0353992408 0.00213944808
0.0353993153 0.00386764255
0.0353994316 0.00559584169
0.0353995898 0.00732404752
0.0353997898 0.00905226209
0.0354000317 0.0107804874
0.0354003154 0.0125087256
0.035400641 0.0142369786
0.0354010084 0.0159652486
0.0354014177 0.0176935375
0.0354018688 0.0194218474
0.0354023618 0.0211501803
0.0354028967 0.0228785383
0.0354034734 0.0246069234
0.035404092 0.0263353377
0.0354047525 0.0280637832
0.0354054549 0.0297922619
0.0354061991 0.031520776
0.0354069852 0.0332493274
0.0354078132 0.0349779181
0.0354086831 0.0367065503
0.0354095949 0.0384352259
0.0354105486 0.0401639471
0.0354115442 0.0418927158
0.0354125816 0.0436215341
0.035413661 0.0453504041
0.0354147824 0.0470793278
0.0354159456 0.0488083072
0.0354171508 0.0505373444
0.0354183979 0.0522664414
0.0354196869 0.0539956003
0.0354210179 0.0557248231
0.0354223909 0.0574541119
0.0354238058 0.0591834687
0.0354252626 0.0609128955
0.0354267615 0.0626423945
0.0354283023 0.0643719676
0.0354298851 0.066101617
0.0354315099 0.0678313446
0.0354331767 0.0695611525
0.0354348855 0.0712910428
0.0354366363 0.0730210175
0.0354384292 0.0747510786
0.0354402641 0.0764812283
0.035442141 0.0782114685
0.03544406 0.0799418013
0.035446021 0.0816722288
0.0354480242 0.083402753
0.0354500694 0.0851333759
0.0354521567 0.0868640997
0.0354542861 0.0885949264
0.0354564576 0.090325858
0.0354586712 0.0920568966
0.0354609269 0.0937880443
0.0354632248 0.095519303
0.0354655649 0.0972506749
0.0354679471 0.098982162
0.0354703715 0.100713766
0.0354728381 0.10244549
0.0354753469 0.104177335
0.0354778978 0.105909304
0.035480491 0.107641398
0.0354831265 0.109373619
0.0354858042 0.111105971
0.0354885241 0.112838454
0.0354912864 0.11457107
0.0354940909 0.116303823
0.0354969377 0.118036713
0.0354998268 0.119769743
0.0355027583 0.121502916
0.0355057321 0.123236232
0.0355087482 0.124969695
0.0355118067 0.126703306
0.0355149077 0.128437067
0.035518051 0.13017098
0.0355212367 0.131905048
0.0355244648 0.133639272
0.0355277354 0.135373655
0.0355310485 0.137108198
0.035534404 0.138842904
0.035537802 0.140577775
0.0355412426 0.142312813
0.0355447256 0.14404802
0.0355482512 0.145783398
0.0355518194 0.147518948
0.0355554301 0.149254674
0.0355590834 0.150990577
0.0355627793 0.15272666
0.0355665179 0.154462924
0.0355702991 0.156199371
0.035574123 0.157936004
0.0355779895 0.159672824
0.0355818988 0.161409834
0.0355858508 0.163147036
0.0355898455 0.164884432
0.0355938829 0.166622024
0.0355979632 0.168359814
0.0356020862 0.170097804
0.0356062521 0.171835996
0.0356104608 0.173574393
0.0356147123 0.175312996
0.0356190067 0.177051807
0.035623344 0.178790829
0.0356277243 0.180530064
0.0356321474 0.182269514
0.0356366136 0.18400918
0.0356411227 0.185749066
0.0356456748 0.187489172
0.0356502699 0.189229502
0.0356549081 0.190970057
0.0356595894 0.192710839
0.0356643137 0.194451851
0.0356690812 0.196193094
0.0356738918 0.197934571
0.0356787455 0.199676284
0.0356836425 0.201418235
0.0356885826 0.203160425
0.035693566 0.204902858
0.0356985926 0.206645535
0.0357036625 0.208388459
0.0357087757 0.21013163
0.0357139323 0.211875053
0.0357191322 0.213618728
0.0357243754 0.215362658
0.0357296621 0.217106844
0.0357349922 0.21885129
0.0357403658 0.220595997
0.0357457828 0.222340967
0.0357512433 0.224086203
0.0357567474 0.225831706
0.035762295 0.227577479
0.0357678862 0.229323523
0.035773521 0.231069841
0.0357791995 0.232816436
0.0357849216 0.234563308
0.0357906874 0.236310461
0.035796497 0.238057896
0.0358023502 0.239805616
0.0358082473 0.241553622
0.0358141882 0.243301918
0.0358201729 0.245050504
0.0358262015 0.246799383
0.0358322739 0.248548558
0.0358383903 0.25029803
0.0358445506 0.252047801
0.035850755 0.253797874
0.0358570033 0.255548251
0.0358632957 0.257298934
0.0358696321 0.259049925
0.0358760126 0.260801226
0.0358824373 0.26255284
0.0358889062 0.264304768
0.0358954192 0.266057013
0.0359019765 0.267809577
0.035908578 0.269562462
0.0359152238 0.27131567
0.035921914 0.273069203
0.0359286485 0.274823064
0.0359354273 0.276577255
0.0359422507 0.278331778
0.0359491184 0.280086634
0.0359560307 0.281841827
0.0359629874 0.283597358
0.0359699888 0.28535323
0.0359770347 0.287109444
0.0359841252 0.288866003
0.0359912604 0.29062291
0.0359984403 0.292380165
0.0360056649 0.294137772
0.0360129343 0.295895733
0.0360202485 0.297654049
0.0360276075 0.299412724
0.0360350114 0.301171759
0.0360424601 0.302931156
0.0360499539 0.304690917
0.0360574926 0.306451045
0.0360650763 0.308211543
0.0360727051 0.309972411
0.0360803789 0.311733653
0.0360880979 0.31349527
0.0360958621 0.315257265
0.0361036714 0.31701964
0.036111526 0.318782397
0.0361194259 0.320545539
0.0361273711 0.322309067
0.0361353617 0.324072984
0.0361433976 0.325837292
0.036151479 0.327601993
0.0361596058 0.329367089
0.0361677782 0.331132583
0.0361759961 0.332898477
0.0361842596 0.334664774
0.0361925688 0.336431474
0.0362009236 0.338198581
0.0362093241 0.339966097
0.0362177704 0.341734024
0.0362262625 0.343502364
0.0362348005 0.34527112
0.0362433843 0.347040293
0.036252014 0.348809886
0.0362606898 0.350579902
0.0362694115 0.352350342
0.0362781793 0.354121208
0.0362869931 0.355892504
0.0362958531 0.357664231
0.0363047593 0.359436391
0.0363137118 0.361208987
0.0363227105 0.362982021
0.0363317555 0.364755495
0.0363408468 0.366529412
0.0363499846 0.368303773
0.0363591688 0.370078581
0.0363683995 0.371853839
0.0363776768 0.373629548
0.0363870006 0.375405711
0.0363963711 0.37718233
0.0364057883 0.378959407
0.0364152521 0.380736945
0.0364247628 0.382514946
0.0364343203 0.384293413
0.0364439246 0.386072346
0.0364535759 0.38785175
0.0364632741 0.389631625
0.0364730193 0.391411975
0.0364828116 0.393192802
0.036492651 0.394974107
0.0365025375 0.396755894
0.0365124713 0.398538164
0.0365224523 0.400320921
0.0365324806 0.402104165
0.0365425562 0.4038879
0.0365526793 0.405672127
0.0365628498 0.40745685
0.0365730678 0.40924207
0.0365833334 0.41102779
0.0365936466 0.412814012
0.0366040075 0.414600738
0.036614416 0.416387971
0.0366248723 0.418175714
0.0366353765 0.419963967
0.0366459285 0.421752734
0.0366565284 0.423542017
0.0366671763 0.425331819
0.0366778722 0.427122141
0.0366886162 0.428912987
0.0366994083 0.430704357
0.0367102486 0.432496256
0.0367211371 0.434288685
0.036732074 0.436081646
0.0367430592 0.437875142
0.0367540928 0.439669175
0.0367651748 0.441463748
0.0367763054 0.443258862
0.0367874846 0.445054521
0.0367987123 0.446850727
0.0368099888 0.448647482
0.036821314 0.450444788
0.036832688 0.452242647
0.0368441108 0.454041063
0.0368555826 0.455840038
0.0368671033 0.457639574
0.0368786731 0.459439672
0.036890292 0.461240337
0.0369019599 0.46304157
0.0369136772 0.464843373
0.0369254436 0.466645749
0.0369372594 0.468448701
0.0369491246 0.47025223
0.0369610392 0.472056339
0.0369730033 0.473861031
0.036985017 0.475666308
0.0369970803 0.477472172
0.0370091933 0.479278626
0.037021356 0.481085673
0.0370335685 0.482893314
0.0370458309 0.484701552
0.0370581433 0.48651039
0.0370705056 0.488319829
0.037082918 0.490129874
0.0370953805 0.491940525
0.0371078932 0.493751785
0.0371204562 0.495563657
0.0371330695 0.497376143
0.0371457331 0.499189246
0.0371584472 0.501002968
0.0371712117 0.502817312
0.0371840269 0.50463228
0.0371968927 0.506447874
0.0372098092 0.508264097
0.0372227764 0.510080952
0.0372357945 0.511898441
0.0372488635 0.513716566
0.0372619835 0.51553533
0.0372751545 0.517354735
0.0372883765 0.519174785
0.0373016498 0.52099548
0.0373149743 0.522816825
0.0373283501 0.524638821
0.0373417773 0.526461471
0.0373552559 0.528284777
0.037368786 0.530108743
0.0373823678 0.531933369
0.0373960011 0.53375866
0.0374096862 0.535584617
0.0374234231 0.537411243
0.0374372118 0.539238541
0.0374510525 0.541066513
0.0374649452 0.542895161
0.03747889 0.544724488
0.0374928869 0.546554497
0.037506936 0.548385191
0.0375210374 0.550216571
0.0375351912 0.55204864
0.0375493975 0.553881402
0.0375636562 0.555714857
0.0375779675 0.55754901
0.0375923315 0.559383863
0.0376067483 0.561219417
0.0376212178 0.563055676
0.0376357402 0.564892643
0.0376503156 0.566730319
0.0376649441 0.568568708
0.0376796256 0.570407812
0.0376943603 0.572247633
0.0377091483 0.574088175
0.0377239897 0.57592944
0.0377388844 0.57777143
0.0377538327 0.579614148
0.0377688345 0.581457597
0.03778389 0.583301779
0.0377989992 0.585146697
0.0378141623 0.586992354
0.0378293792 0.588838751
0.0378446501 0.590685893
0.0378599751 0.592533781
0.0378753541 0.594382418
0.0378907874 0.596231806
0.037906275 0.598081949
0.037921817 0.599932849
0.0379374134 0.601784509
0.0379530643 0.603636931
0.0379687699 0.605490118
0.0379845302 0.607344073
0.0380003453 0.609198798
0.0380162152 0.611054295
0.0380321401 0.612910569
0.03804812 0.614767621
0.038064155 0.616625454
0.0380802453 0.618484071
0.0380963908 0.620343474
0.0381125917 0.622203666
0.0381288481 0.62406465
0.03814516 0.625926429
0.0381615276 0.627789005
0.0381779509 0.62965238
0.0381944299 0.631516559
0.0382109649 0.633381543
0.0382275559 0.635247335
0.0382442029 0.637113938
0.0382609061 0.638981354
0.0382776656 0.640849587
0.0382944813 0.642718639
0.0383113536 0.644588513
0.0383282823 0.646459211
0.0383452676 0.648330737
0.0383623096 0.650203093
0.0383794085 0.652076282
0.0383965642 0.653950306
0.0384137768 0.655825169
0.0384310466 0.657700873
0.0384483735 0.659577422
0.0384657576 0.661454817
0.0384831991 0.663333061
0.038500698 0.665212158
0.0385182545 0.66709211
0.0385358686 0.66897292
0.0385535404 0.670854591
0.03857127 0.672737126
0.0385890575 0.674620527
0.038606903 0.676504798
0.0386248067 0.67838994
0.0386427685 0.680275957
0.0386607886 0.682162853
0.0386788671 0.684050629
0.0386970042 0.685939288
0.0387151998 0.687828834
0.038733454 0.689719269
0.0387517671 0.691610596
0.0387701391 0.693502818
0.03878857 0.695395938
0.03880706 0.697289958
0.0388256092 0.699184882
0.0388442177 0.701080713
0.0388628856 0.702977453
0.038881613 0.704875105
0.0389004 0.706773673
0.0389192466 0.708673158
0.0389381531 0.710573565
0.0389571194 0.712474895
0.0389761458 0.714377153
0.0389952322 0.71628034
0.0390143789 0.71818446
0.0390335859 0.720089515
0.0390528533 0.721995509
0.0390721812 0.723902445
0.0390915698 0.725810325
0.0391110191 0.727719152
0.0391305293 0.72962893
0.0391501004 0.731539662
0.0391697325 0.733451349
0.0391894259 0.735363997
0.0392091805 0.737277606
0.0392289965 0.739192181
0.039248874 0.741107724
0.0392688131 0.743024238
0.0392888139 0.744941727
0.0393088765 0.746860193
0.0393290011 0.74877964
0.0393491877 0.75070007
0.0393694365 0.752621486
0.0393897475 0.754543892
0.039410121 0.75646729
0.0394305569 0.758391684
0.0394510555 0.760317077
0.0394716168 0.762243471
0.0394922409 0.76417087
0.0395129279 0.766099276
0.0395336781 0.768028694
0.0395544914 0.769959125
0.039575368 0.771890574
0.0395963081 0.773823042
0.0396173117 0.775756534
0.0396383789 0.777691052
0.0396595099 0.779626599
0.0396807048 0.78156318
0.0397019637 0.783500795
0.0397232867 0.78543945
0.039744674 0.787379146
0.0397661257 0.789319888
0.0397876418 0.791261677
0.0398092225 0.793204518
0.039830868 0.795148414
0.0398525784 0.797093367
0.0398743537 0.799039381
0.0398961941 0.800986459
0.0399180997 0.802934604
0.0399400707 0.804883819
0.0399621071 0.806834108
0.0399842091 0.808785474
0.0400063769 0.81073792
0.0400286105 0.812691449
0.0400509101 0.814646064
0.0400732757 0.816601769
0.0400957076 0.818558567
0.0401182059 0.82051646
0.0401407706 0.822475453
0.040163402 0.824435549
0.0401861001 0.82639675
0.040208865 0.828359061
0.040231697 0.830322483
0.0402545961 0.832287022
0.0402775624 0.834252679
0.0403005961 0.836219458
0.0403236974 0.838187363
0.0403468663 0.840156396
0.040370103 0.842126562
0.0403934077 0.844097863
0.0404167804 0.846070302
0.0404402213 0.848043884
0.0404637305 0.850018611
0.0404873081 0.851994486
0.0405109544 0.853971514
0.0405346694 0.855949697
0.0405584533 0.857929038
0.0405823062 0.859909542
0.0406062282 0.861891211
0.0406302196 0.863874049
0.0406542803 0.865858059
0.0406784107 0.867843244
0.0407026107 0.869829609
0.0407268806 0.871817156
0.0407512204 0.873805889
0.0407756304 0.875795811
0.0408001107 0.877786925
0.0408246613 0.879779236
0.0408492826 0.881772746
0.0408739745 0.883767459
0.0408987373 0.885763379
0.0409235711 0.887760508
0.040948476 0.889758851
0.0409734522 0.891758411
0.0409984998 0.893759191
0.041023619 0.895761194
0.04104881 0.897764425
0.0410740728 0.899768887
0.0410994076 0.901774583
0.0411248146 0.903781516
0.0411502939 0.905789691
0.0411758457 0.907799111
0.0412014701 0.909809779
0.0412271673 0.9118217
0.0412529374 0.913834875
0.0412787806 0.91584931
0.041304697 0.917865007
0.0413306868 0.919881971
0.0413567501 0.921900204
0.0413828872 0.923919711
0.041409098 0.925940494
0.0414353829 0.927962559
0.041461742 0.929985907
0.0414881754 0.932010543
0.0415146833 0.934036471
0.0415412658 0.936063693
0.041567923 0.938092215
0.0415946553 0.940122038
0.0416214627 0.942153168
0.0416483453 0.944185607
0.0416753034 0.94621936
0.0417023371 0.94825443
0.0417294465 0.950290821
0.0417566319 0.952328536
0.0417838934 0.954367579
0.0418112311 0.956407954
0.0418386452 0.958449665
0.041866136 0.960492715
0.0418937035 0.962537107
0.0419213479 0.964582847
0.0419490693 0.966629938
0.0419768681 0.968678382
0.0420047443 0.970728185
0.042032698 0.97277935
0.0420607295 0.97483188
0.042088839 0.97688578
0.0421170266 0.978941053
0.0421452924 0.980997703
0.0421736367 0.983055734
0.0422020596 0.98511515
0.0422305613 0.987175954
0.042259142 0.989238151
0.0422878018 0.991301744
0.042316541 0.993366737
0.0423453597 0.995433134
0.042374258 0.997500939
0.0424032362 0.999570156
0.0424322944 1.00164079
0.0424614328 1.00371284
0.0424906516 1.00578632
0.042519951 1.00786122
0.0425493312 1.00993755
0.0425787923 1.01201532
0.0426083345 1.01409453
0.042637958 1.01617518
0.042667663 1.01825728
0.0426974496 1.02034083
0.0427273181 1.02242584
0.0427572687 1.02451231
0.0427873015 1.02660023
0.0428174167 1.02868963
0.0428476145 1.03078049
0.0428778951 1.03287284
0.0429082586 1.03496666
0.0429387054 1.03706196
0.0429692355 1.03915875
0.0429998492 1.04125704
0.0430305466 1.04335682
0.0430613279 1.04545809
0.0430921934 1.04756088
0.0431231432 1.04966517
0.0431541775 1.05177097
0.0431852966 1.05387828
0.0432165005 1.05598712
0.0432477896 1.05809748
0.043279164 1.06020938
0.0433106239 1.0623228
0.0433421695 1.06443776
0.043373801 1.06655426
0.0434055186 1.06867231
0.0434373225 1.0707919
0.0434692129 1.07291305
0.0435011901 1.07503576
0.0435332542 1.07716003
0.0435654054 1.07928587
0.0435976439 1.08141327
0.04362997 1.08354226
0.0436623839 1.08567282
0.0436948856 1.08780496
0.0437274756 1.08993869
0.0437601539 1.09207402
0.0437929208 1.09421094
0.0438257765 1.09634946
0.0438587212 1.09848958
0.0438917551 1.10063132
0.0439248784 1.10277467
0.0439580914 1.10491964
0.0439913943 1.10706622
0.0440247872 1.10921444
0.0440582704 1.11136429
0.0440918442 1.11351577
0.0441255086 1.1156689
0.044159264 1.11782366
0.0441931106 1.11998008
0.0442270486 1.12213815
0.0442610782 1.12429788
0.0442951996 1.12645927
0.044329413 1.12862233
0.0443637188 1.13078705
0.044398117 1.13295346
0.044432608 1.13512154
0.044467192 1.13729131
0.0445018691 1.13946277
0.0445366396 1.14163592
0.0445715038 1.14381077
0.0446064619 1.14598733
0.0446415141 1.14816559
0.0446766606 1.15034556
0.0447119016 1.15252726
0.0447472375 1.15471067
0.0447826684 1.15689581
0.0448181946 1.15908268
0.0448538163 1.16127128
0.0448895337 1.16346163
0.0449253471 1.16565372
0.0449612568 1.16784755
0.0449972629 1.17004315
0.0450333657 1.1722405
0.0450695654 1.17443961
0.0451058624 1.1766405
0.0451422567 1.17884315
0.0451787488 1.18104759
0.0452153387 1.18325381
0.0452520269 1.18546181
0.0452888134 1.18767161
0.0453256986 1.1898832
0.0453626828 1.1920966
0.045399766 1.1943118
0.0454369487 1.19652881
0.0454742311 1.19874764
0.0455116134 1.20096829
0.0455490958 1.20319077
0.0455866787 1.20541507
0.0456243623 1.20764122
0.0456621468 1.2098692
0.0457000325 1.21209903
0.0457380196 1.21433071
0.0457761085 1.21656425
0.0458142993 1.21879964
0.0458525924 1.22103691
0.045890988 1.22327604
0.0459294863 1.22551705
0.0459680877 1.22775993
0.0460067924 1.23000471
0.0460456006 1.23225137
0.0460845127 1.23449993
0.0461235288 1.23675039
0.0461626493 1.23900276
0.0462018745 1.24125704
0.0462412046 1.24351323
0.0462806398 1.24577134
0.0463201805 1.24803138
0.046359827 1.25029336
0.0463995794 1.25255727
0.0464394382 1.25482312
0.0464794035 1.25709091
0.0465194756 1.25936066
0.0465596549 1.26163237
0.0465999416 1.26390604
0.0466403359 1.26618168
0.0466808383 1.26845929
0.0467214489 1.27073888
0.046762168 1.27302045
0.0468029959 1.27530401
0.046843933 1.27758956
0.0468849795 1.27987712
0.0469261357 1.28216668
0.0469674019 1.28445825
0.0470087783 1.28675183
0.0470502653 1.28904744
0.0470918632 1.29134507
0.0471335723 1.29364474
0.0471753928 1.29594644
0.047217325 1.29825019
0.0472593694 1.30055598
0.0473015261 1.30286383
0.0473437954 1.30517373
0.0473861777 1.3074857
0.0474286733 1.30979974
0.0474712825 1.31211586
0.0475140055 1.31443406
0.0475568427 1.31675434
0.0475997944 1.31907672
0.0476428609 1.32140119
0.0476860426 1.32372777
0.0477293397 1.32605646
0.0477727525 1.32838726
0.0478162813 1.33072018
0.0478599266 1.33305523
0.0479036885 1.33539241
0.0479475674 1.33773173
0.0479915637 1.34007319
0.0480356776 1.3424168
0.0480799095 1.34476257
0.0481242597 1.34711049
0.0481687285 1.34946058
0.0482133163 1.35181285
0.0482580233 1.35416729
0.0483028499 1.35652391
0.0483477965 1.35888273
0.0483928633 1.36124374
0.0484380507 1.36360695
0.0484833591 1.36597237
0.0485287887 1.36834
0.0485743399 1.37070985
0.0486200131 1.37308192
0.0486658085 1.37545623
0.0487117266 1.37783277
0.0487577676 1.38021155
0.0488039319 1.38259259
0.0488502199 1.38497588
0.0488966319 1.38736143
0.0489431682 1.38974924
0.0489898292 1.39213933
0.0490366152 1.3945317
0.0490835266 1.39692635
0.0491305638 1.3993233
0.0491777271 1.40172254
0.0492250168 1.40412409
0.0492724333 1.40652794
0.049319977 1.40893411
0.0493676482 1.4113426
0.0494154474 1.41375343
0.0494633747 1.41616658
0.0495114307 1.41858208
0.0495596157 1.42099992
0.04960793 1.42342012
0.0496563741 1.42584268
0.0497049482 1.4282676
0.0497536528 1.4306949
0.0498024882 1.43312457
0.0498514548 1.43555663
0.049900553 1.43799108
0.0499497832 1.44042793
0.0499991457 1.44286719
0.0500486409 1.44530885
0.0500982692 1.44775293
0.050148031 1.45019944
0.0501979267 1.45264838
0.0502479566 1.45509975
0.0502981212 1.45755357
0.0503484208 1.46000983
0.0503988558 1.46246856
0.0504494266 1.46492974
0.0505001337 1.4673934
0.0505509773 1.46985953
0.050601958 1.47232815
0.0506530761 1.47479926
0.0507043319 1.47727286
0.050755726 1.47974897
0.0508072587 1.48222758
0.0508589304 1.48470872
0.0509107415 1.48719237
0.0509626925 1.48967856
0.0510147837 1.49216729
0.0510670156 1.49465855
0.0511193885 1.49715237
0.0511719029 1.49964875
0.0512245592 1.5021477
0.0512773578 1.50464921
0.0513302992 1.5071533
0.0513833838 1.50965998
0.0514366119 1.51216925
0.051489984 1.51468112
0.0515435006 1.5171956
0.0515971621 1.51971269
0.0516509688 1.5222324
0.0517049213 1.52475474
0.0517590199 1.52727972
0.0518132652 1.52980734
0.0518676575 1.5323376
0.0519221973 1.53487052
0.051976885 1.53740611
0.0520317211 1.53994437
0.052086706 1.5424853
0.0521418401 1.54502892
0.052197124 1.54757524
0.052252558 1.55012425
0.0523081426 1.55267597
0.0523638783 1.55523041
0.0524197655 1.55778757
0.0524758047 1.56034745
0.0525319964 1.56291008
0.0525883409 1.56547544
0.0526448388 1.56804356
0.0527014906 1.57061444
0.0527582966 1.57318809
0.0528152575 1.57576451
0.0528723735 1.57834371
0.0529296453 1.5809257
0.0529870733 1.58351049
0.0530446579 1.58609808
0.0531023997 1.58868849
0.0531602992 1.59128171
0.0532183567 1.59387777
0.0532765728 1.59647666
0.0533349481 1.59907839
0.0533934829 1.60168297
0.0534521777 1.60429041
0.0535110332 1.60690072
0.0535700497 1.6095139
0.0536292277 1.61212997
0.0536885678 1.61474892
0.0537480705 1.61737077
0.0538077362 1.61999553
0.0538675655 1.6226232
0.0539275589 1.6252538
0.0539877168 1.62788732
0.0540480399 1.63052378
0.0541085286 1.63316319
0.0541691834 1.63580555
0.0542300048 1.63845088
0.0542909934 1.64109917
0.0543521497 1.64375044
0.0544134743 1.6464047
0.0544749676 1.64906196
0.0545366301 1.65172221
0.0545984625 1.65438548
0.0546604652 1.65705177
0.0547226388 1.65972109
0.0547849838 1.66239344
0.0548475008 1.66506884
0.0549101903 1.66774729
0.0549730528 1.6704288
0.055036089 1.67311338
0.0550992993 1.67580104
0.0551626843 1.67849179
0.0552262445 1.68118563
0.0552899806 1.68388258
0.0553538931 1.68658264
0.0554179824 1.68928582
0.0554822493 1.69199213
0.0555466943 1.69470158
0.0556113179 1.69741417
0.0556761207 1.70012993
0.0557411033 1.70284884
0.0558062663 1.70557093
0.0558716102 1.7082962
0.0559371357 1.71102467
0.0560028432 1.71375633
0.0560687334 1.7164912
0.056134807 1.71922929
0.0562010644 1.72197061
0.0562675063 1.72471516
0.0563341332 1.72746296
0.0564009459 1.73021401
0.0564679448 1.73296832
0.0565351305 1.73572591
0.0566025038 1.73848677
0.0566700652 1.74125093
0.0567378152 1.74401838
0.0568057546 1.74678915
0.0568738839 1.74956323
0.0569422038 1.75234064
0.0570107149 1.75512138
0.0570794178 1.75790547
0.0571483131 1.76069292
0.0572174015 1.76348373
0.0572866836 1.76627791
0.0573561601 1.76907548
0.0574258315 1.77187644
0.0574956986 1.7746808
0.0575657619 1.77748858
0.0576360221 1.78029977
0.05770648 1.7831144
0.057777136 1.78593247
0.0578479909 1.78875399
0.0579190454 1.79157896
0.0579903001 1.79440741
0.0580617556 1.79723934
0.0581334127 1.80007476
0.058205272 1.80291367
0.0582773341 1.8057561
0.0583495999 1.80860204
0.0584220699 1.81145151
0.0584947447 1.81430453
0.0585676253 1.81716109
0.0586407121 1.82002121
0.0587140059 1.82288489
0.0587875074 1.82575216
0.0588612172 1.82862302
0.0589351362 1.83149747
0.0590092649 1.83437554
0.0590836042 1.83725723
0.0591581547 1.84014254
0.0592329171 1.8430315
0.0593078921 1.84592411
0.0593830805 1.84882037
0.059458483 1.85172031
0.0595341003 1.85462394
0.0596099331 1.85753125
0.0596859823 1.86044227
0.0597622484 1.863357
0.0598387323 1.86627545
0.0599154347 1.86919764
0.0599923563 1.87212358
0.060069498 1.87505327
0.0601468603 1.87798673
0.0602244442 1.88092397
0.0603022504 1.88386499
0.0603802796 1.88680981
0.0604585325 1.88975845
0.0605370101 1.8927109
0.060615713 1.89566719
0.060694642 1.89862732
0.0607737979 1.90159131
0.0608531814 1.90455916
0.0609327935 1.90753088
0.0610126348 1.9105065
0.0610927062 1.91348601
0.0611730084 1.91646943
0.0612535423 1.91945678
0.0613343087 1.92244805
0.0614153083 1.92544327
0.061496542 1.92844245
0.0615780107 1.93144559
0.061659715 1.93445271
0.0617416559 1.93746382
0.0618238342 1.94047893
0.0619062507 1.94349805
0.0619889063 1.9465212
0.0620718017 1.94954838
0.0621549379 1.95257962
0.0622383156 1.95561491
0.0623219358 1.95865427
0.0624057993 1.96169771
0.0624899069 1.96474525
0.0625742595 1.9677969
0.062658858 1.97085267
0.0627437033 1.97391256
0.0628287961 1.9769766
0.0629141375 1.9800448
0.0629997283 1.98311716
0.0630855693 1.9861937
0.0631716615 1.98927443
0.0632580057 1.99235937
0.063344603 1.99544852
0.063431454 1.9985419
0.0635185599 2.00163952
0.0636059214 2.0047414
0.0636935396 2.00784754
0.0637814152 2.01095796
0.0638695493 2.01407267
0.0639579428 2.01719168
0.0640465966 2.02031501
0.0641355117 2.02344266
0.0642246889 2.02657466
0.0643141293 2.02971102
0.0644038338 2.03285174
0.0644938033 2.03599684
0.0645840388 2.03914633
0.0646745413 2.04230023
0.0647653117 2.04545855
0.0648563511 2.0486213
0.0649476603 2.05178849
0.0650392405 2.05496015
0.0651310925 2.05813627
0.0652232173 2.06131688
0.065315616 2.06450199
0.0654082896 2.06769161
0.0655012391 2.07088576
0.0655944654 2.07408444
0.0656879696 2.07728767
0.0657817527 2.08049547
0.0658758158 2.08370785
0.0659701598 2.08692483
0.0660647858 2.0901464
0.0661596949 2.0933726
0.0662548881 2.09660344
0.0663503664 2.09983892
0.066446131 2.10307906
0.0665421828 2.10632388
0.0666385229 2.10957338
0.0667351524 2.1128276
0.0668320724 2.11608653
0.066929284 2.11935019
0.0670267882 2.1226186
0.0671245861 2.12589177
0.0672226789 2.12916971
0.0673210676 2.13245244
0.0674197533 2.13573998
0.0675187372 2.13903233
0.0676180204 2.14232952
0.0677176039 2.14563156
0.067817489 2.14893846
0.0679176768 2.15225023
0.0680181683 2.1555669
0.0681189649 2.15888847
0.0682200675 2.16221496
0.0683214773 2.16554639
0.0684231956 2.16888277
0.0685252235 2.17222412
0.0686275621 2.17557045
0.0687302127 2.17892178
0.0688331764 2.18227811
0.0689364544 2.18563948
0.0690400479 2.18900588
0.0691439582 2.19237735
0.0692481864 2.19575389
0.0693527337 2.19913551
0.0694576014 2.20252224
0.0695627907 2.20591409
0.0696683028 2.20931108
0.0697741389 2.21271322
0.0698803004 2.21612052
0.0699867884 2.21953301
0.0700936043 2.2229507
0.0702007492 2.2263736
0.0703082245 2.22980173
0.0704160313 2.23323511
0.0705241712 2.23667375
0.0706326452 2.24011768
0.0707414547 2.24356689
0.070850601 2.24702143
0.0709600854 2.25048129
0.0710699092 2.25394649
0.0711800737 2.25741706
0.0712905803 2.260893
0.0714014304 2.26437434
0.0715126251 2.26786109
0.071624166 2.27135327
0.0717360543 2.2748509
0.0718482914 2.27835399
0.0719608787 2.28186256
0.0720738176 2.28537662
0.0721871093 2.2888962
0.0723007555 2.29242131
0.0724147573 2.29595197
0.0725291162 2.29948819
0.0726438337 2.30303
0.0727589112 2.3065774
0.07287435 2.31013043
0.0729901516 2.31368909
0.0731063175 2.3172534
0.0732228491 2.32082339
0.0733397478 2.32439906
0.0734570151 2.32798044
0.0735746525 2.33156755
0.0736926615 2.3351604
0.0738110435 2.33875901
0.0739298 2.3423634
0.0740489326 2.34597358
0.0741684427 2.34958959
0.0742883319 2.35321142
0.0744086016 2.35683911
0.0745292535 2.36047267
0.074650289 2.36411213
0.0747717096 2.36775749
0.0748935171 2.37140877
0.0750157128 2.37506601
0.0751382984 2.37872921
0.0752612755 2.38239839
0.0753846456 2.38607358
0.0755084103 2.38975479
0.0756325713 2.39344204
0.0757571301 2.39713535
0.0758820884 2.40083475
0.0760074478 2.40454024
0.0761332099 2.40825185
0.0762593764 2.41196961
0.0763859489 2.41569352
0.0765129292 2.41942361
0.0766403188 2.4231599
0.0767681194 2.4269024
0.0768963328 2.43065115
0.0770249606 2.43440616
0.0771540045 2.43816744
0.0772834663 2.44193503
0.0774133477 2.44570893
0.0775436504 2.44948917
0.0776743761 2.45327578
0.0778055267 2.45706877
0.0779371038 2.46086816
0.0780691092 2.46467397
0.0782015448 2.46848622
0.0783344123 2.47230494
0.0784677135 2.47613015
0.0786014501 2.47996186
0.0787356242 2.4838001
0.0788702373 2.4876449
0.0790052915 2.49149626
0.0791407885 2.49535421
0.0792767303 2.49921878
0.0794131186 2.50308999
0.0795499553 2.50696785
0.0796872423 2.51085239
0.0798249816 2.51474364
0.0799631751 2.5186416
0.0801018245 2.52254632
0.080240932 2.5264578
0.0803804994 2.53037607
0.0805205286 2.53430115
0.0806610217 2.53823307
0.0808019806 2.54217185
0.0809434072 2.54611751
0.0810853036 2.55007007
0.0812276718 2.55402956
0.0813705138 2.557996
0.0815138316 2.5619694
0.0816576272 2.56594981
0.0818019027 2.56993723
0.0819466602 2.5739317
0.0820919017 2.57793323
0.0822376292 2.58194185
0.082383845 2.58595759
0.082530551 2.58998046
0.0826777495 2.59401049
0.0828254425 2.59804771
0.0829736321 2.60209214
0.0831223205 2.6061438
0.08327151 2.61020272
0.0834212025 2.61426892
0.0835714005 2.61834242
0.0837221059 2.62242326
0.0838733211 2.62651145
0.0840250482 2.63060703
0.0841772895 2.63471001
0.0843300473 2.63882042
0.0844833238 2.64293828
0.0846371212 2.64706363
0.0847914419 2.65119649
0.0849462882 2.65533688
0.0851016623 2.65948482
0.0852575665 2.66364035
0.0854140033 2.66780349
0.085570975 2.67197426
0.0857284839 2.6761527
0.0858865324 2.68033882
0.0860451229 2.68453266
0.0862042578 2.68873424
0.0863639394 2.69294358
0.0865241703 2.69716072
0.0866849529 2.70138568
0.0868462897 2.70561848
0.087008183 2.70985916
0.0871706354 2.71410775
0.0873336494 2.71836426
0.0874972275 2.72262873
0.0876613722 2.72690118
0.0878260861 2.73118164
0.0879913717 2.73547014
0.0881572317 2.73976671
0.0883236684 2.74407137
0.0884906847 2.74838416
0.088658283 2.7527051
0.0888264661 2.75703422
0.0889952365 2.76137154
0.089164597 2.7657171
0.0893345501 2.77007093
0.0895050987 2.77443306
0.0896762453 2.7788035
0.0898479928 2.7831823
0.0900203438 2.78756948
0.0901933011 2.79196508
0.0903668675 2.79636911
0.0905410457 2.80078162
0.0907158386 2.80520262
0.090891249 2.80963216
0.0910672797 2.81407026
0.0912439336 2.81851694
0.0914212135 2.82297225
0.0915991223 2.82743621
0.091777663 2.83190886
0.0919568383 2.83639021
0.0921366514 2.84088031
0.092317105 2.84537919
0.0924982023 2.84988687
0.0926799461 2.85440339
0.0928623395 2.85892878
0.0930453855 2.86346307
0.0932290871 2.8680063
0.0934134475 2.87255849
0.0935984696 2.87711967
0.0937841566 2.88168989
0.0939705116 2.88626917
0.0941575376 2.89085754
0.094345238 2.89545504
0.0945336158 2.90006169
0.0947226742 2.90467755
0.0949124164 2.90930262
0.0951028457 2.91393696
0.0952939653 2.91858059
0.0954857784 2.92323355
0.0956782884 2.92789586
0.0958714985 2.93256757
0.0960654121 2.93724871
0.0962600325 2.94193931
0.0964553631 2.94663941
0.0966514072 2.95134904
0.0968481683 2.95606824
0.0970456498 2.96079704
0.0972438551 2.96553548
0.0974427878 2.97028359
0.0976424512 2.9750414
0.0978428489 2.97980896
0.0980439844 2.9845863
0.0982458614 2.98937345
0.0984484832 2.99417045
0.0986518537 2.99897734
0.0988559762 3.00379416
0.0990608546 3.00862093
0.0992664925 3.0134577
0.0994728935 3.01830451
0.0996800613 3.02316139
0.0998879997 3.02802837
0.100096713 3.0329055
0.100306203 3.03779282
0.100516476 3.04269036
0.100727535 3.04759816
0.100939383 3.05251626
0.101152024 3.05744469
0.101365463 3.0623835
0.101579703 3.06733273
0.101794749 3.0722924
0.102010603 3.07726258
0.102227271 3.08224328
0.102444756 3.08723455
0.102663062 3.09223644
0.102882193 3.09724898
0.103102154 3.10227221
0.103322948 3.10730617
0.10354458 3.11235091
0.103767054 3.11740646
0.103990373 3.12247286
0.104214543 3.12755016
0.104439568 3.1326384
0.104665451 3.13773762
0.104892197 3.14284786
0.105119811 3.14796916
0.105348296 3.15310156
0.105577658 3.15824512
0.1058079 3.16339986
0.106039027 3.16856584
0.106271043 3.1737431
0.106503954 3.17893167
0.106737763 3.18413161
0.106972475 3.18934295
0.107208094 3.19456575
0.107444626 3.19980004
0.107682075 3.20504588
0.107920445 3.21030329
0.108159742 3.21557234
0.10839997 3.22085306
0.108641133 3.2261455
0.108883237 3.23144971
0.109126286 3.23676572
0.109370286 3.2420936
0.109615241 3.24743338
0.109861156 3.25278511
0.110108036 3.25814883
0.110355886 3.2635246
0.110604711 3.26891247
0.110854516 3.27431247
0.111105306 3.27972465
0.111357087 3.28514908
0.111609863 3.29058578
0.11186364 3.29603482
0.112118422 3.30149623
0.112374216 3.30697008
0.112631026 3.3124564
0.112888858 3.31795526
0.113147717 3.32346669
0.113407609 3.32899074
0.113668538 3.33452748
0.113930511 3.34007694
0.114193533 3.34563919
0.114457609 3.35121426
0.114722745 3.35680222
0.114988947 3.36240311
0.11525622 3.36801698
0.11552457 3.3736439
0.115794003 3.3792839
0.116064525 3.38493705
0.11633614 3.39060339
0.116608856 3.39628298
0.116882678 3.40197587
0.117157612 3.40768212
0.117433664 3.41340179
0.11771084 3.41913491
0.117989146 3.42488156
0.118268587 3.43064178
0.118549171 3.43641563
0.118830904 3.44220317
0.119113791 3.44800445
0.119397839 3.45381953
0.119683054 3.45964847
0.119969442 3.46549131
0.120257011 3.47134812
0.120545766 3.47721896
0.120835713 3.48310389
0.12112686 3.48900295
0.121419213 3.49491622
0.121712778 3.50084375
0.122007562 3.50678559
0.122303572 3.51274181
0.122600815 3.51871247
0.122899297 3.52469763
0.123199026 3.53069734
0.123500008 3.53671168
0.123802249 3.54274069
0.124105758 3.54878444
0.124410541 3.554843
0.124716605 3.56091642
0.125023957 3.56700477
0.125332605 3.5731081
0.125642555 3.57922649
0.125953816 3.58536
0.126266394 3.59150868
0.126580297 3.59767261
0.126895532 3.60385185
0.127212106 3.61004647
0.127530028 3.61625652
0.127849305 3.62248207
0.128169944 3.6287232
0.128491954 3.63497996
0.128815341 3.64125243
0.129140115 3.64754067
0.129466282 3.65384474
0.12979385 3.66016472
0.130122829 3.66650068
0.130453225 3.67285267
0.130785047 3.67922078
0.131118303 3.68560507
0.131453001 3.69200561
0.131789149 3.69842248
0.132126757 3.70485573
0.132465831 3.71130545
0.132806382 3.7177717
0.133148416 3.72425455
0.133491944 3.73075409
0.133836973 3.73727038
0.134183512 3.74380349
0.13453157 3.7503535
0.134881156 3.75692048
0.135232279 3.7635045
0.135584948 3.77010565
0.135939171 3.77672399
0.136294959 3.7833596
0.136652319 3.79001257
0.137011262 3.79668295
0.137371796 3.80337084
0.137733932 3.81007631
0.138097678 3.81679943
0.138463044 3.82354029
0.13883004 3.83029896
0.139198675 3.83707552
0.139568959 3.84387006
0.139940902 3.85068265
0.140314514 3.85751338
0.140689805 3.86436232
0.141066784 3.87122956
0.141445463 3.87811518
0.14182585 3.88501926
0.142207957 3.89194188
0.142591793 3.89888313
0.14297737 3.9058431
0.143364697 3.91282186
0.143753785 3.91981951
0.144144646 3.92683612
0.144537289 3.93387179
0.144931726 3.9409266
0.145327967 3.94800064
0.145726023 3.955094
0.146125906 3.96220676
0.146527626 3.96933901
0.146931196 3.97649085
0.147336626 3.98366236
0.147743927 3.99085363
0.148153112 3.99806476
0.148564192 4.00529584
0.148977178 4.01254695
0.149392082 4.01981819
0.149808917 4.02710966
0.150227694 4.03442145
0.150648425 4.04175365
0.151071122 4.04910635
0.151495799 4.05647966
0.151922466 4.06387368
0.152351137 4.07128848
0.152781824 4.07872418
0.15321454 4.08618088
0.153649297 4.09365866
0.154086108 4.10115764
0.154524987 4.1086779
0.154965947 4.11621956
0.155408999 4.12378271
0.155854159 4.13136745
0.156301439 4.13897388
0.156750852 4.14660212
0.157202413 4.15425226
0.157656135 4.16192441
0.158112032 4.16961866
0.158570117 4.17733514
0.159030405 4.18507394
0.159492911 4.19283518
0.159957647 4.20061895
0.160424629 4.20842537
0.160893871 4.21625455
0.161365388 4.2241066
0.161839194 4.23198162
0.162315304 4.23987974
0.162793734 4.24780105
0.163274499 4.25574568
0.163757613 4.26371374
0.164243092 4.27170533
0.164730951 4.27972059
0.165221207 4.28775961
0.165713874 4.29582253
0.16620897 4.30390945
0.166706509 4.3120205
0.167206508 4.32015579
0.167708983 4.32831544
0.168213951 4.33649957
0.168721427 4.34470831
0.16923143 4.35294177
0.169743975 4.36120009
0.17025908 4.36948337
0.170776762 4.37779176
0.171297038 4.38612536
0.171819925 4.39448431
0.172345441 4.40286874
0.172873604 4.41127877
0.173404431 4.41971453
0.173937941 4.42817616
0.174474151 4.43666377
0.175013081 4.44517751
0.175554748 4.4537175
0.176099171 4.46228388
0.176646369 4.47087678
0.177196361 4.47949634
0.177749166 4.48814269
0.178304803 4.49681597
0.178863292 4.50551631
0.179424652 4.51424386
0.179988904 4.52299876
0.180556066 4.53178114
0.18112616 4.54059114
0.181699206 4.54942892
0.182275223 4.55829461
0.182854234 4.56718835
0.183436257 4.5761103
0.184021316 4.58506059
0.18460943 4.59403938
0.185200622 4.60304682
0.185794913 4.61208305
0.186392324 4.62114822
0.186992878 4.63024249
0.187596597 4.63936601
0.188203504 4.64851893
0.18881362 4.65770141
0.189426969 4.6669136
0.190043573 4.67615566
0.190663457 4.68542774
0.191286642 4.69473002
0.191913154 4.70406264
0.192543016 4.71342577
0.193176251 4.72281958
0.193812884 4.73224422
0.19445294 4.74169986
0.195096443 4.75118666
0.195743419 4.7607048
0.196393892 4.77025445
0.197047888 4.77983576
0.197705432 4.78944892
0.198366551 4.7990941
0.19903127 4.80877146
0.199699616 4.81848119
0.200371616 4.82822346
0.201047296 4.83799845
0.201726683 4.84780633
0.202409805 4.85764729
0.20309669 4.8675215
0.203787364 4.87742916
0.204481858 4.88737044
0.205180198 4.89734553
0.205882413 4.90735461
0.206588533 4.91739788
0.207298587 4.92747552
0.208012603 4.93758773
0.208730613 4.94773469
0.209452646 4.95791661
0.210178731 4.96813367
0.210908901 4.97838607
0.211643186 4.98867401
0.212381616 4.99899769
0.213124225 5.00935732
0.213871042 5.01975308
0.214622101 5.0301852
0.215377435 5.04065387
0.216137075 5.0511593
0.216901054 5.0617017
0.217669408 5.07228128
0.218442168 5.08289825
0.219219369 5.09355283
0.220001045 5.10424523
0.220787232 5.11497567
0.221577964 5.12574436
0.222373276 5.13655154
0.223173205 5.14739741
0.223977787 5.15828221
0.224787058 5.16920616
0.225601054 5.18016948
0.226419814 5.19117241
0.227243374 5.20221518
0.228071773 5.21329802
0.228905049 5.22442116
0.229743241 5.23558484
0.230586388 5.2467893
0.231434529 5.25803478
0.232287704 5.26932152
0.233145954 5.28064976
0.23400932 5.29201976
0.234877842 5.30343175
0.235751562 5.31488599
0.236630522 5.32638274
0.237514765 5.33792224
0.238404333 5.34950474
0.23929927 5.36113052
0.24019962 5.37279983
0.241105426 5.38451293
0.242016733 5.39627008
0.242933588 5.40807155
0.243856034 5.41991762
0.244784118 5.43180854
0.245717887 5.4437446
0.246657388 5.45572607
0.247602669 5.46775323
0.248553777 5.47982636
0.249510761 5.49194573
0.25047367 5.50411164
0.251442554 5.51632437
0.252417462 5.52858421
0.253398446 5.54089145
0.254385557 5.55324639
0.255378846 5.56564932
0.256378366 5.57810054
0.25738417 5.59060036
0.258396311 5.60314907
0.259414843 5.61574699
0.260439821 5.62839442
0.261471299 5.64109168
0.262509335 5.65383908
0.263553983 5.66663693
0.264605302 5.67948557
0.265663349 5.6923853
0.266728182 5.70533646
0.26779986 5.71833937
0.268878443 5.73139437
0.269963991 5.74450179
0.271056565 5.75766197
0.272156227 5.77087524
0.273263038 5.78414195
0.274377063 5.79746245
0.275498364 5.81083708
0.276627006 5.82426619
0.277763054 5.83775015
0.278906574 5.85128931
0.280057633 5.86488402
0.281216298 5.87853466
0.282382637 5.8922416
0.283556719 5.90600519
0.284738614 5.91982583
0.285928393 5.93370388
0.287126127 5.94763972
0.288331887 5.96163375
0.289545748 5.97568634
0.290767782 5.9897979
0.291998065 6.00396881
0.293236673 6.01819948
0.294483681 6.0324903
0.295739166 6.04684168
0.297003209 6.06125404
0.298275886 6.07572778
0.29955728 6.09026332
0.30084747 6.10486108
0.302146539 6.11952149
0.303454569 6.13424498
0.304771646 6.14903198
0.306097853 6.16388293
0.307433278 6.17879826
0.308778006 6.19377842
0.310132127 6.20882386
0.311495729 6.22393504
0.312868903 6.23911241
0.31425174 6.25435644
0.315644332 6.26966758
0.317046774 6.28504632
0.31845916 6.30049312
0.319881586 6.31600847
0.32131415 6.33159285
0.322756948 6.34724675
0.324210082 6.36297066
0.325673652 6.37876508
0.32714776 6.39463052
0.32863251 6.41056749
0.330128005 6.42657649
0.331634353 6.44265804
0.33315166 6.45881267
0.334680035 6.47504091
0.336219588 6.49134329
0.337770431 6.50772035
0.339332676 6.52417263
0.340906438 6.54070068
0.342491832 6.55730506
0.344088977 6.57398633
0.34569799 6.59074505
0.347318992 6.60758179
0.348952106 6.62449714
0.350597454 6.64149168
0.352255161 6.65856599
0.353925355 6.67572067
0.355608164 6.69295632
0.357303718 6.71027355
0.359012148 6.72767298
0.36073359 6.74515522
0.362468177 6.7627209
0.364216047 6.78037064
0.36597734 6.7981051
0.367752195 6.81592492
0.369540757 6.83383074
0.371343169 6.85182324
0.373159579 6.86990307
0.374990135 6.8880709
0.376834987 6.90632742
0.37869429 6.92467332
0.380568197 6.94310929
0.382456866 6.96163604
0.384360456 6.98025426
0.386279129 6.99896468
0.388213047 7.01776803
0.390162378 7.03666503
0.39212729 7.05565643
0.394107952 7.07474297
0.396104539 7.09392542
0.398117226 7.11320453
0.400146191 7.13258109
0.402191614 7.15205586
0.404253679 7.17162964
0.406332572 7.19130324
0.40842848 7.21107745
0.410541596 7.2309531
0.412672113 7.250931
0.414820228 7.271012
0.416986141 7.29119694
0.419170055 7.31148667
0.421372174 7.33188206
0.423592707 7.35238398
0.425831867 7.3729933
0.428089869 7.39371093
0.430366929 7.41453777
0.43266327 7.43547473
0.434979116 7.45652273
0.437314696 7.47768271
0.439670241 7.49895561
0.442045985 7.52034239
0.444442168 7.54184402
0.446859031 7.56346147
0.449296822 7.58519574
0.451755788 7.60704782
0.454236185 7.62901874
0.45673827 7.6511095
0.459262304 7.67332116
0.461808553 7.69565476
0.464377287 7.71811137
0.46696878 7.74069205
0.46958331 7.7633979
0.472221161 7.78623001
0.474882619 7.80918951
0.477567977 7.83227751
0.480277532 7.85549517
0.483011584 7.87884363
0.485770441 7.90232406
0.488554413 7.92593765
0.491363818 7.9496856
0.494198976 7.97356913
0.497060215 7.99758945
0.499947867 8.02174781
0.502862269 8.04604547
0.505803767 8.07048371
0.508772707 8.09506382
0.511769447 8.11978711
0.514794346 8.1446549
0.517847772 8.16966852
0.520930099 8.19482935
0.524041706 8.22013875
0.52718298 8.24559812
0.530354314 8.27120887
0.533556108 8.29697242
0.536788768 8.32289024
0.540052709 8.34896378
0.543348351 8.37519453
0.546676124 8.401584
0.550036463 8.42813371
0.553429812 8.45484522
0.556856624 8.48172008
0.560317359 8.50875989
0.563812484 8.53596625
0.567342476 8.5633408
0.570907821 8.59088519
0.574509014 8.6186011
0.578146557 8.64649022
0.581820964 8.67455427
0.585532757 8.70279501
0.589282467 8.7312142
0.593070637 8.75981364
0.596897818 8.78859514
0.600764573 8.81756055
0.604671476 8.84671175
0.608619111 8.87605062
0.612608072 8.9055791
0.616638968 8.93529913
0.620712416 8.9652127
0.624829047 8.99532181
0.628989504 9.0256285
0.633194444 9.05613483
0.637444534 9.08684291
0.641740457 9.11775486
0.646082907 9.14887284
0.650472596 9.18019904
0.654910247 9.21173567
0.659396598 9.24348501
0.663932403 9.27544933
0.668518431 9.30763096
0.673155468 9.34003226
0.677844314 9.37265563
0.682585789 9.40550348
0.687380727 9.4385783
0.692229981 9.47188259
0.697134422 9.5054189
0.70209494 9.5391898
0.707112444 9.57319792
0.712187862 9.60744593
0.717322143 9.64193654
0.722516256 9.67667249
0.727771192 9.71165657
0.733087964 9.74689164
0.738467606 9.78238056
0.743911177 9.81812628
0.749419759 9.85413176
0.75499446 9.89040004
0.76063641 9.92693418
0.766346769 9.96373732
0.77212672 10.0008126
0.777977477 10.0381634
0.78390028 10.0757928
0.789896399 10.1137042
0.795967134 10.151901
0.802113817 10.1903868
0.808337811 10.2291649
0.814640511 10.268239
0.821023349 10.3076126
0.827487789 10.3472896
0.834035334 10.3872736
0.840667522 10.4275685
0.847385931 10.4681781
0.854192178 10.5091065
0.861087922 10.5503576
0.868074864 10.5919356
0.875154748 10.6338446
0.882329365 10.676089
0.889600553 10.7186729
0.896970196 10.7616009
0.90444023 10.8048775
0.912012644 10.8485071
0.919689478 10.8924945
0.92747283 10.9368444
0.935364853 10.9815616
0.943367762 11.0266511
0.951483833 11.0721179
0.959715404 11.1179671
0.968064882 11.1642039
0.976534741 11.2108336
0.985127528 11.2578616
0.993845862 11.3052935
1.00269244 11.353135
1.01167004 11.4013916
1.02078152 11.4500694
1.03002982 11.4991742
1.03941798 11.5487121
1.04894912 11.5986895
1.05862648 11.6491126
1.06845337 11.6999879
1.07843322 11.7513219
1.08856958 11.8031216
1.09886608 11.8553936
1.10932651 11.9081451
1.11995475 11.9613833
1.13075483 12.0151154
1.1417309 12.0693489
1.15288725 12.1240916
1.16422832 12.1793511
1.17575871 12.2351356
1.18748318 12.291453
1.19940663 12.3483118
1.21153416 12.4057205
1.22387104 12.4636878
1.23642274 12.5222226
1.24919493 12.5813339
1.26219348 12.6410311
1.27542448 12.7013237
1.28889424 12.7622213
1.30260935 12.8237341
1.31657661 12.8858721
1.33080311 12.9486457
1.3452962 13.0120656
1.36006355 13.0761426
1.37511311 13.140888
1.39045318 13.2063132
1.40609239 13.2724298
1.42203973 13.3392497
1.43830457 13.4067852
1.45489668 13.4750488
1.47182627 13.5440534
1.48910397 13.6138119
1.5067409 13.6843379
1.52474867 13.7556451
1.54313942 13.8277475
1.56192586 13.9006595
1.58112127 13.9743959
1.60073958 14.0489716
1.62079536 14.1244021
1.64130391 14.2007031
1.66228126 14.2778907
1.68374424 14.3559814
1.70571053 14.4349921
1.72819871 14.5149397
1.7512283 14.595842
1.77481986 14.6777169
1.79899502 14.7605824
1.82377656 14.8444573
1.84918851 14.9293605
1.87525621 15.0153112
1.9020064 15.102329
1.92946731 15.1904338
1.95766879 15.2796457
1.9866424 15.3699849
2.01642152 15.4614721
2.0470415 15.554128
2.07853977 15.6479732
2.11095602 15.7430286
2.14433234 15.839315
2.17871338 15.9368529
2.21414655 16.0356626
2.25068218 16.1357641
2.28837378 16.2371767
2.32727819 16.3399191
2.36745588 16.444009
2.40897113 16.549463
2.45189231 16.6562962
2.49629216 16.7645218
2.54224803 16.874151
2.58984218 16.9851923
2.63916204 17.0976513
2.6903005 17.2115295
2.74335617 17.3268244
2.7984336 17.4435283
2.85564354 17.5616273
2.91510303 17.6811007
2.97693558 17.8019194
3.04127109 17.9240453
3.1082458 18.0474289
3.17800196 18.1720084
3.25068738 18.2977078
3.3264547 18.4244346
3.40546028 18.5520779
3.48786281 18.6805061
3.57382135 18.8095645
3.66349279 18.9390724
3.75702877 19.0688212
3.85457164 19.1985718
3.95624973 19.3280525
4.06217157 19.4569574
4.17241919 19.5849458
4.28704046 19.7116423
4.40604046 19.8366383
4.5293723 19.9594958
4.65692753 20.0797529
4.78852663 20.1969318
4.9239104 20.3105499
5.06273283 20.4201336
5.20455652 20.5252348
5.34885148 20.6254496
5.49499824 20.7204388
5.64229585 20.809948
5.78997507 20.8938272
5.93721648 20.9720477
6.08317295 21.0447153
6.22699519 21.1120775
6.36785904 21.1745258
6.50499288 21.2325918
6.63770374 21.2869368
6.76540077 21.3383371
6.88761529 21.3876642
7.00401634 21.4358615
7.11442143 21.4839185
7.21880165 21.5328432
7.31728102 21.5836337
7.41012962 21.6372517
7.49775093 21.6945971
7.58066413 21.7564881
7.65948278 21.8236462
7.73489193 21.8966879
7.80762592 21.9761227
7.87844896 22.0623566
7.94814029 22.1556994
8.01748426 22.256373
8.08726526 22.3645193
8.15826573 22.4802043
8.23126518 22.6034194
8.30703785 22.7340776
8.38634695 22.8720079
8.46993412 23.0169498
8.55850402 23.1685479
8.65270481 23.326353
8.75310622 23.4898275
8.86017744 23.6583583
8.97426719 23.8312774
9.09558849 24.0078884
9.22421013 24.187499
9.3600565 24.3694559
9.50291728 24.5531823
9.6524672 24.738212
9.80829613 24.9242202
9.96994809 25.1110453
10.136967 25.2987001
10.308946 25.4873693
10.4855753 25.6773927
10.6666844 25.8692336
10.8522735 26.0634354
11.0425301 26.26057
11.2378287 26.4611839
11.4387135 26.6657469
11.6458666 26.8746107
11.860065 27.0879807
12.082133 27.3059037
12.312895 27.5282729
12.5531347 27.7548476
12.803566 27.9852845
13.0648172 28.2191766
13.3374318 28.4560932
13.6218838 28.6956159
13.9186072 28.9373663
14.2280333 29.1810197
14.5506334 29.4263027
14.8869591 29.6729746
15.2376748 29.9207923
15.6035776 30.1694637
15.9855994 30.4185934
16.3847917 30.6676272
16.8022906 30.9158019
17.239268 31.1621064
17.6968701 31.4052576
18.1761508 31.6436932
18.6780045 31.8755842
19.2031029 32.0988629
19.751841 32.3112667
20.3242947 32.5103926
20.9201911 32.6937606
21.5388943 32.8588809
22.1794045 33.0033241
22.8403721 33.1247885
23.5201251 33.2211661
24.2167103 33.2906005
24.9279456 33.3315383
25.6514852 33.342768
26.3848933 33.3234462
27.1257258 33.273105
27.8716139 33.1916404
28.6203463 33.0792778
29.3699422 32.9365151
30.1187074 32.7640451
30.8652683 32.562662
31.6085771 32.3331584
32.3478852 32.0762231
33.0826867 31.792348
33.8126333 31.4817553
34.5374299 31.1443531
35.2567183 30.7797225
35.9699613 30.3871418
36.6763358 29.9656437
37.3746466 29.5141016
38.0632654 29.0313388
38.7401028 28.516252
39.4026136 27.9679385
40.0478354 27.3858204
40.6724593 26.7697551
41.2729262 26.1201256
41.8455444 25.437904
42.3866184 24.7246844
42.8925824 23.9826819
43.3601273 23.2147009
43.786314 22.4240732
44.1686658 21.6145757
44.5052373 20.7903312
44.7946561 19.9557034
45.036142 19.1151913
45.2295042 18.2733281
45.3751217 17.4345892
45.4739102 16.6033088
45.5272775 15.7836081
45.5370703 14.9793335
45.5055135 14.1940074
45.4351432 13.4307917
45.3287379 12.6924656
45.189248 11.9814183
45.0197311 11.2996569
44.8232931 10.6488265
44.603042 10.0302414
44.3620533 9.44492282
44.1033507 8.89363858
43.8299003 8.37694052
43.544617 7.89519524
43.2503799 7.44860408
42.9500517 7.03720993
42.6464965 6.66089021
42.3425906 6.3193375
42.0412212 6.01203219
41.7452702 5.73821259
41.4575829 5.49684972
41.1809262 5.28663223
40.917939 5.10596601
40.671084 4.95298918
40.4426052 4.82560103
40.2344968 4.72150024
40.0484844 4.63822722
39.8860183 4.57320489
39.7482764 4.5237738
39.6361709 4.48721945
39.5503562 4.46079178
39.4912327 4.44171892
39.4589456 4.42721838
39.4533766 4.41450976
39.474131 4.4008328
39.5205215 4.38347393
39.5915541 4.35980351
39.6859202 4.32732405
39.8019993 4.28372808
39.9378787 4.22696185
40.0913921 4.15528928
40.2601786 4.06734892
40.4417602 3.96219626
40.6336331 3.83932465
40.8333635 3.69866011
41.0386814 3.54052889
41.2475608 3.36559999
41.458279 3.17480847
41.6694515 2.96926776
41.8800397 2.75018016
42.0893336 2.51875455
42.2969154 2.2761381
42.5026109 2.02336661
42.706435 1.76133445
42.9085409 1.49078245
43.109175 1.21229967
43.308643 0.92633378
43.5072854 0.633204915
43.7054613 0.333119097
43.9035367 0.0261792329
44.1018757 -0.287605942
44.3008305 -0.608313121
44.5007338 -0.93609348
44.7018936 -1.27115817
44.9045958 -1.61376111
45.109117 -1.96418288
45.3157488 -2.32272175
45.5248313 -2.68969933
45.7367889 -3.06548654
45.9521573 -3.45055296
46.1715921 -3.84553669
46.3958459 -4.25132676
46.6257091 -4.6691447
46.8619132 -5.10060942
47.1050041 -5.54776974
47.3551971 -6.0130923
47.6122332 -6.49939901
47.8752541 -7.00975547
48.1427147 -7.54731972
48.4123435 -8.11516636
48.6811587 -8.716105
48.9455353 -9.3525118
49.2013155 -10.0261904
49.4439481 -10.7382728
49.66864 -11.4891655
49.8705043 -12.2785359
50.0446937 -13.1053347
50.1865097 -13.9678388
50.2914896 -14.8637066
50.3554727 -15.7900326
50.3746535 -16.7433969
50.3456323 -17.7199087
50.2654679 -18.7152466
50.1317385 -19.7247024
49.9426083 -20.7432387
49.6968963 -21.765565
49.3941373 -22.7862388
49.0346242 -23.7997904
48.6194223 -24.8008664
48.1503464 -25.784383
47.6298962 -26.7456766
47.0611521 -27.6806375
46.4476364 -28.5858145
45.7931488 -29.4584803
45.101591 -30.2966518
44.3767913 -31.099062
43.6223448 -31.8650883
42.8414797 -32.5946407
42.0369595 -33.2880193
41.2110287 -33.9457526
40.365406 -34.5684266
39.5013262 -35.1565212
38.6196282 -35.7102648
37.7208829 -36.229522
36.8055504 -36.7137252
35.874151 -37.1618582
34.9274351 -37.5724942
33.9665334 -37.9438874
32.9930704 -38.2741071
32.0092311 -38.5612023
31.0177712 -38.8033793
30.0219731 -38.9991721
29.0255512 -39.14759
28.0325211 -39.2482276
27.0470441 -39.3013296
26.0732668 -39.307807
25.1151683 -39.2692084
24.1764281 -39.1876545
23.2603224 -39.0657449
22.3696538 -38.9064483
21.5067119 -38.7129887
20.6732652 -38.4887339
19.870576 -38.2370948
19.0994347 -37.9614392
18.360207 -37.6650224
17.6528873 -37.3509338
16.9771563 -37.0220603
16.3324364 -36.6810632
15.7179449 -36.3303667
15.1327421 -35.9721559
14.5757733 -35.608382
14.0459054 -35.2407727
13.5419576 -34.8708454
13.062726 -34.4999231
12.6070045 -34.1291513
12.1736 -33.7595145
11.7613451 -33.3918532
11.3691069 -33.0268793
10.9957934 -32.6651908
10.640358 -32.3072857
10.3018023 -31.9535742
9.97917709 -31.6043899
9.67158292 -31.2599999
9.3781696 -30.9206134
9.09813506 -30.5863902
8.83072388 -30.2574472
8.57522553 -29.9338646
8.33097234 -29.6156911
8.09733743 -29.3029491
7.87373255 -28.9956382
7.6596059 -28.693739
7.45444002 -28.3972161
7.25774973 -28.1060208
7.06908008 -27.8200934
6.88800446 -27.5393649
6.71412279 -27.2637593
6.54705974 -26.9931944
6.38646313 -26.7275837
6.2320024 -26.4668368
6.08336713 -26.2108608
5.94026574 -25.959561
5.8024242 -25.7128416
5.66958485 -25.470606
5.5415053 -25.2327575
5.41795747 -24.9991998
5.29872654 -24.7698371
5.18361015 -24.5445746
5.07241754 -24.3233186
4.9649688 -24.1059766
4.86109416 -23.8924577
4.76063333 -23.6826727
4.66343487 -23.4765338
4.56935565 -23.2739553
4.47826033 -23.0748531
4.39002081 -22.8791451
4.30451584 -22.686751
4.22163056 -22.4975926
4.14125611 -22.3115933
4.06328927 -22.1286787
3.98763209 -21.9487762
3.91419161 -21.7718151
3.84287955 -21.5977263
3.773612 -21.4264429
3.70630921 -21.2578995
3.64089532 -21.0920327
3.57729814 -20.9287806
3.51544893 -20.7680831
3.45528224 -20.6098818
3.39673566 -20.4541197
3.33974972 -20.3007416
3.28426768 -20.1496937
3.2302354 -20.0009237
3.17760118 -19.8543806
3.12631566 -19.7100152
3.07633166 -19.5677792
3.02760409 -19.4276259
2.98008982 -19.2895098
2.9337476 -19.1533868
2.88853794 -19.0192137
2.84442302 -18.8869488
2.80136663 -18.7565513
2.75933408 -18.6279817
2.71829208 -18.5012014
2.67820875 -18.3761729
2.63905348 -18.2528598
2.6007969 -18.1312266
2.56341083 -18.0112387
2.52686819 -17.8928625
2.49114297 -17.7760652
2.45621018 -17.6608149
2.42204579 -17.5470807
2.3886267 -17.4348323
2.35593069 -17.3240402
2.32393638 -17.2146758
2.29262316 -17.1067111
2.26197124 -17.0001189
2.23196151 -16.8948726
2.2025756 -16.7909465
2.17379577 -16.6883152
2.14560494 -16.5869542
2.11798663 -16.4868395
2.09092497 -16.3879479
2.06440461 -16.2902564
2.03841075 -16.1937429
2.01292912 -16.0983856
1.98794593 -16.0041635
1.96344785 -15.9110559
1.93942201 -15.8190426
1.91585599 -15.728104
1.89273774 -15.6382208
1.87005567 -15.5493744
1.84779851 -15.4615465
1.82595541 -15.3747191
1.80451585 -15.2888748
1.78346964 -15.2039966
1.76280692 -15.1200678
1.74251817 -15.0370722
1.72259413 -14.9549938
1.70302586 -14.8738171
1.68380469 -14.7935269
1.66492221 -14.7141085
1.64637028 -14.6355471
1.628141 -14.5578288
1.61022672 -14.4809395
1.59262001 -14.4048658
1.57531365 -14.3295943
1.55830068 -14.255112
1.54157429 -14.1814063
1.5251279 -14.1084647
1.50895513 -14.0362751
1.49304977 -13.9648255
1.47740578 -13.8941043
1.46201731 -13.8241001
1.44687867 -13.7548017
1.43198434 -13.6861982
1.41732893 -13.6182788
1.40290722 -13.5510331
1.38871415 -13.4844508
1.37474475 -13.4185219
1.36099424 -13.3532365
1.34745795 -13.2885848
1.33413132 -13.2245576
1.32100993 -13.1611454
1.30808947 -13.0983392
1.29536576 -13.0361301
1.28283472 -12.9745094
1.27049238 -12.9134685
1.25833486 -12.852999
1.24635839 -12.7930926
1.23455932 -12.7337414
1.22293406 -12.6749373
1.21147912 -12.6166726
1.20019112 -12.5589398
1.18906674 -12.5017313
1.17810275 -12.4450397
1.16729602 -12.388858
1.15664346 -12.333179
1.14614209 -12.2779958
1.135789 -12.2233017
1.12558133 -12.1690899
1.1155163 -12.1153539
1.10559121 -12.0620872
1.09580342 -12.0092836
1.08615033 -11.9569368
1.07662944 -11.9050408
1.06723827 -11.8535895
1.05797444 -11.8025772
1.04883558 -11.751998
1.03981942 -11.7018462
1.03092371 -11.6521164
1.02214627 -11.602803
1.01348496 -11.5539006
1.00493769 -11.505404
0.996502432 -11.457308
0.988177186 -11.4096074
0.979960005 -11.3622974
0.971848984 -11.3153728
0.963842261 -11.268829
0.955938017 -11.2226611
0.94813447 -11.1768645
0.94042988 -11.1314345
0.932822544 -11.0863666
0.925310796 -11.0416564
0.917893007 -10.9972995
0.910567581 -10.9532916
0.90333296 -10.9096284
0.896187616 -10.8663058
0.889130055 -10.8233197
0.882158815 -10.7806661
0.875272463 -10.7383409
0.868469599 -10.6963404
0.861748849 -10.6546605
0.855108871 -10.6132977
0.848548348 -10.5722481
0.842065992 -10.5315081
0.835660539 -10.491074
0.829330755 -10.4509424
0.823075427 -10.4111098
0.816893369 -10.3715726
0.810783418 -10.3323276
0.804744435 -10.2933713
0.798775303 -10.2547006
0.792874927 -10.2163121
0.787042235 -10.1782027
0.781276175 -10.1403693
0.775575717 -10.1028088
0.76993985 -10.0655181
0.764367583 -10.0284942
0.758857944 -9.99173428
0.753409981 -9.95523531
0.748022759 -9.91899447
0.74269536 -9.88300892
0.737426887 -9.84727591
0.732216457 -9.81179268
0.727063204 -9.77655655
0.72196628 -9.74156484
0.716924852 -9.70681495
0.711938101 -9.67230428
0.707005227 -9.6380303
0.702125441 -9.60399049
0.697297971 -9.57018238
0.692522057 -9.53660353
0.687796957 -9.50325154
0.683121938 -9.47012404
0.678496282 -9.43721869
0.673919285 -9.40453319
0.669390255 -9.37206527
0.664908513 -9.33981268
0.66047339 -9.30777322
0.656084232 -9.27594471
0.651740394 -9.244325
0.647441244 -9.21291197
0.643186161 -9.18170353
0.638974535 -9.15069762
0.634805765 -9.11989221
0.630679263 -9.08928529
0.626594449 -9.05887487
0.622550755 -9.02865901
0.618547622 -8.99863578
0.614584499 -8.96880328
0.610660848 -8.93915964
0.606776136 -8.90970299
0.602929842 -8.88043152
0.599121453 -8.85134342
0.595350465 -8.82243691
0.591616381 -8.79371024
0.587918714 -8.76516168
0.584256986 -8.7367895
0.580630723 -8.70859204
0.577039462 -8.68056761
0.573482748 -8.65271457
0.569960132 -8.6250313
0.566471173 -8.59751619
0.563015437 -8.57016767
0.559592496 -8.54298416
0.556201932 -8.51596413
0.55284333 -8.48910604
0.549516285 -8.4624084
0.546220396 -8.43586972
0.54295527 -8.40948853
0.53972052 -8.38326338
0.536515763 -8.35719284
0.533340627 -8.33127549
0.53019474 -8.30550994
0.52707774 -8.27989481
0.523989269 -8.25442874
0.520928975 -8.22911037
0.517896511 -8.20393839
0.514891537 -8.17891147
0.511913716 -8.15402832
0.508962717 -8.12928766
0.506038215 -8.10468821
0.50313989 -8.08022874
0.500267425 -8.05590799
0.497420509 -8.03172475
0.494598837 -8.00767782
0.491802106 -7.98376599
0.48903002 -7.95998808
0.486282286 -7.93634294
0.483558615 -7.91282941
0.480858725 -7.88944635
0.478182334 -7.86619264
0.475529168 -7.84306716
0.472898955 -7.82006881
0.470291428 -7.79719652
0.467706323 -7.77444919
0.465143381 -7.75182578
0.462602345 -7.72932522
0.460082964 -7.70694649
0.457584989 -7.68468856
0.455108174 -7.66255041
0.45265228 -7.64053104
0.450217068 -7.61862945
0.447802303 -7.59684467
0.445407754 -7.57517573
0.443033194 -7.55362166
0.440678398 -7.53218152
0.438343144 -7.51085438
0.436027214 -7.4896393
0.433730394 -7.46853536
0.43145247 -7.44754166
0.429193234 -7.42665731
0.42695248 -7.40588141
0.424730003 -7.38521308
0.422525604 -7.36465147
0.420339085 -7.3441957
0.418170249 -7.32384494
0.416018906 -7.30359833
0.413884866 -7.28345505
0.41176794 -7.26341428
0.409667945 -7.24347519
0.407584698 -7.223637
0.40551802 -7.20389889
0.403467734 -7.18426009
0.401433665 -7.16471981
0.399415639 -7.14527727
0.397413488 -7.12593173
0.395427043 -7.10668242
0.393456139 -7.08752859
0.391500612 -7.06846951
0.3895603 -7.04950443
0.387635046 -7.03063265
0.385724691 -7.01185344
0.383829081 -6.99316609
0.381948062 -6.97456989
0.380081485 -6.95606416
0.378229199 -6.93764821
0.376391058 -6.91932135
0.374566916 -6.90108291
0.372756631 -6.88293222
0.370960061 -6.86486863
0.369177066 -6.84689148
0.367407509 -6.82900011
0.365651253 -6.8111939
0.363908164 -6.79347221
0.36217811 -6.7758344
0.360460959 -6.75827986
0.358756583 -6.74080797
0.357064853 -6.72341812
0.355385644 -6.70610971
0.353718832 -6.68888214
0.352064292 -6.67173482
0.350421905 -6.65466717
0.34879155 -6.6376786
0.347173109 -6.62076853
0.345566464 -6.60393641
0.343971502 -6.58718166
0.342388106 -6.57050373
0.340816166 -6.55390206
0.339255568 -6.53737612
0.337706205 -6.52092535
0.336167967 -6.50454922
0.334640747 -6.4882472
0.333124439 -6.47201877
0.331618938 -6.45586339
0.330124141 -6.43978056
0.328639946 -6.42376976
0.327166252 -6.40783048
0.32570296 -6.39196223
0.32424997 -6.37616451
0.322807186 -6.36043682
0.321374511 -6.34477867
0.31995185 -6.32918959
0.31853911 -6.31366909
0.317136198 -6.29821669
0.315743021 -6.28283194
0.314359489 -6.26751436
0.312985514 -6.25226349
0.311621005 -6.23707887
0.310265876 -6.22196005
0.30892004 -6.20690659
0.307583412 -6.19191803
0.306255908 -6.17699394
0.304937443 -6.16213387
0.303627936 -6.14733741
0.302327304 -6.13260411
0.301035467 -6.11793355
0.299752345 -6.10332532
0.29847786 -6.08877898
0.297211934 -6.07429414
0.295954489 -6.05987038
0.294705449 -6.04550729
0.29346474 -6.03120448
0.292232286 -6.01696153
0.291008014 -6.00277806
0.289791851 -5.98865368
0.288583725 -5.97458799
0.287383565 -5.96058062
0.286191301 -5.94663117
0.285006863 -5.93273927
0.283830182 -5.91890455
0.282661191 -5.90512663
0.281499821 -5.89140514
0.280346006 -5.87773972
0.279199681 -5.86413001
0.27806078 -5.85057565
0.276929239 -5.83707628
0.275804994 -5.82363154
0.274687983 -5.8102411
0.273578142 -5.7969046
0.27247541 -5.78362169
0.271379727 -5.77039204
0.270291032 -5.75721531
0.269209264 -5.74409116
0.268134366 -5.73101926
0.267066279 -5.71799928
0.266004945 -5.7050309
0.264950306 -5.69211378
0.263902307 -5.67924762
0.262860891 -5.66643208
0.261826003 -5.65366686
0.260797588 -5.64095163
0.259775593 -5.6282861
0.258759963 -5.61566995
0.257750645 -5.60310287
0.256747586 -5.59058456
0.255750736 -5.57811473
0.254760042 -5.56569307
0.253775454 -5.55331928
0.252796921 -5.54099308
0.251824393 -5.52871418
0.250857822 -5.51648228
0.249897157 -5.5042971
0.248942352 -5.49215835
0.247993358 -5.48006576
0.247050128 -5.46801904
0.246112614 -5.45601792
0.245180772 -5.44406212
0.244254554 -5.43215137
0.243333916 -5.4202854
0.242418812 -5.40846394
0.241509198 -5.39668672
0.24060503 -5.38495349
0.239706265 -5.37326398
0.238812858 -5.36161793
0.237924768 -5.35001508
0.237041952 -5.33845517
0.236164368 -5.32693796
0.235291975 -5.31546319
0.234424732 -5.30403062
0.233562598 -5.29263998
0.232705533 -5.28129105
0.231853497 -5.26998357
0.231006451 -5.2587173
0.230164355 -5.247492
0.229327171 -5.23630744
0.22849486 -5.22516338
0.227667385 -5.21405958
0.226844709 -5.20299581
0.226026793 -5.19197184
0.225213602 -5.18098744
0.224405098 -5.17004238
0.223601246 -5.15913645
0.222802009 -5.14826941
0.222007353 -5.13744103
0.221217243 -5.12665112
0.220431643 -5.11589943
0.219650519 -5.10518576
0.218873837 -5.09450989
0.218101564 -5.0838716
0.217333666 -5.07327069
0.21657011 -5.06270694
0.215810863 -5.05218015
0.215055892 -5.0416901
0.214305167 -5.0312366
0.213558653 -5.02081943
0.212816321 -5.01043839
0.212078139 -5.00009329
0.211344075 -4.98978392
0.2106141 -4.97951008
0.209888182 -4.96927158
0.209166292 -4.95906822
0.2084484 -4.94889981
0.207734476 -4.93876615
0.207024491 -4.92866706
0.206318417 -4.91860234
0.205616223 -4.90857181
0.204917882 -4.89857527
0.204223366 -4.88861255
0.203532646 -4.87868346
0.202845696 -4.86878781
0.202162487 -4.85892543
0.201482992 -4.84909613
0.200807185 -4.83929974
0.200135038 -4.82953607
0.199466526 -4.81980495
0.198801621 -4.81010621
0.198140299 -4.80043967
0.197482533 -4.79080516
0.196828298 -4.78120251
0.196177568 -4.77163154
0.195530319 -4.76209209
0.194886526 -4.75258399
0.194246164 -4.74310708
0.193609208 -4.73366118
0.192975635 -4.72424614
0.192345421 -4.71486179
0.191718541 -4.70550797
0.191094973 -4.69618451
0.190474692 -4.68689127
0.189857677 -4.67762807
0.189243904 -4.66839477
0.18863335 -4.6591912
0.188025993 -4.65001721
0.18742181 -4.64087265
0.186820779 -4.63175736
0.18622288 -4.6226712
0.185628089 -4.613614
0.185036385 -4.60458563
0.184447747 -4.59558592
0.183862153 -4.58661474
0.183279584 -4.57767194
0.182700017 -4.56875737
0.182123433 -4.55987088
0.18154981 -4.55101234
0.18097913 -4.54218159
0.18041137 -4.5333785
0.179846513 -4.52460293
0.179284537 -4.51585473
0.178725423 -4.50713377
0.178169153 -4.49843991
0.177615706 -4.48977301
0.177065063 -4.48113293
0.176517207 -4.47251955
0.175972117 -4.46393272
0.175429775 -4.45537231
0.174890163 -4.44683819
0.174353263 -4.43833023
0.173819056 -4.42984829
0.173287525 -4.42139225
0.172758651 -4.41296198
0.172232417 -4.40455735
0.171708805 -4.39617823
0.171187799 -4.38782449
0.17066938 -4.37949601
0.170153532 -4.37119267
0.169640238 -4.36291434
0.16912948 -4.35466089
0.168621243 -4.34643221
0.16811551 -4.33822817
0.167612264 -4.33004865
0.167111488 -4.32189353
0.166613168 -4.3137627
0.166117286 -4.30565602
0.165623828 -4.2975734
0.165132777 -4.2895147
0.164644117 -4.28147981
0.164157834 -4.27346862
0.163673911 -4.26548102
0.163192334 -4.25751688
0.162713088 -4.24957609
0.162236157 -4.24165855
0.161761526 -4.23376414
0.161289182 -4.22589274
0.160819109 -4.21804426
0.160351292 -4.21021857
0.159885718 -4.20241558
0.159422372 -4.19463516
0.158961239 -4.18687722
0.158502307 -4.17914165
0.15804556 -4.17142833
0.157590986 -4.16373717
0.15713857 -4.15606806
0.156688298 -4.1484209
0.156240158 -4.14079558
0.155794136 -4.13319199
0.155350218 -4.12561005
0.154908392 -4.11804963
0.154468644 -4.11051065
0.154030961 -4.10299301
0.153595331 -4.0954966
0.153161741 -4.08802132
0.152730177 -4.08056708
0.152300628 -4.07313377
0.151873081 -4.06572131
0.151447523 -4.05832958
0.151023943 -4.05095851
0.150602327 -4.04360799
0.150182665 -4.03627792
0.149764944 -4.02896822
0.149349152 -4.02167878
0.148935277 -4.01440952
0.148523307 -4.00716034
0.148113232 -3.99993115
0.147705039 -3.99272186
0.147298717 -3.98553238
0.146894254 -3.97836261
0.14649164 -3.97121247
0.146090862 -3.96408187
0.145691911 -3.95697072
0.145294774 -3.94987893
0.144899442 -3.94280641
0.144505902 -3.93575308
0.144114145 -3.92871884
0.14372416 -3.92170362
0.143335936 -3.91470733
0.142949462 -3.90772987
0.142564728 -3.90077118
0.142181724 -3.89383115
0.141800439 -3.88690972
0.141420863 -3.88000679
0.141042986 -3.87312229
0.140666798 -3.86625612
0.140292289 -3.85940822
0.139919449 -3.85257849
0.139548269 -3.84576686
0.139178737 -3.83897325
0.138810845 -3.83219758
0.138444584 -3.82543976
0.138079942 -3.81869972
0.137716912 -3.81197739
0.137355483 -3.80527267
0.136995647 -3.79858551
0.136637393 -3.79191581
0.136280713 -3.7852635
0.135925598 -3.7786285
0.135572038 -3.77201075
0.135220025 -3.76541016
0.134869549 -3.75882666
0.134520602 -3.75226018
0.134173175 -3.74571064
0.133827258 -3.73917796
0.133482844 -3.73266208
0.133139924 -3.72616292
0.132798489 -3.71968041
0.132458531 -3.71321448
0.132120041 -3.70676505
0.131783011 -3.70033206
0.131447433 -3.69391544
0.131113297 -3.68751511
0.130780597 -3.681131
0.130449324 -3.67476304
0.130119469 -3.66841118
0.129791026 -3.66207533
0.129463985 -3.65575542
0.129138339 -3.6494514
0.128814081 -3.6431632
0.128491201 -3.63689073
0.128169693 -3.63063395
0.127849549 -3.62439278
0.127530761 -3.61816716
0.127213322 -3.61195702
0.126897224 -3.60576229
0.126582459 -3.59958292
0.126269021 -3.59341883
0.125956901 -3.58726996
0.125646093 -3.58113625
0.125336589 -3.57501764
0.125028382 -3.56891406
0.124721465 -3.56282545
0.124415831 -3.55675174
0.124111472 -3.55069288
0.123808382 -3.5446488
0.123506553 -3.53861944
0.123205979 -3.53260474
0.122906653 -3.52660464
0.122608568 -3.52061908
0.122311717 -3.514648
0.122016094 -3.50869133
0.121721692 -3.50274903
0.121428503 -3.49682102
0.121136522 -3.49090726
0.120845742 -3.48500768
0.120556157 -3.47912222
0.12026776 -3.47325084
0.119980544 -3.46739346
0.119694504 -3.46155003
0.119409632 -3.4557205
0.119125923 -3.4499048
0.11884337 -3.44410289
0.118561968 -3.43831471
0.118281709 -3.43254019
0.118002589 -3.42677929
0.1177246 -3.42103195
0.117447736 -3.41529811
0.117171993 -3.40957773
0.116897363 -3.40387074
0.116623842 -3.3981771
0.116351422 -3.39249674
0.116080098 -3.38682961
0.115809865 -3.38117567
0.115540716 -3.37553486
0.115272647 -3.36990713
0.11500565 -3.36429242
0.114739721 -3.35869068
0.114474853 -3.35310186
0.114211043 -3.34752591
0.113948283 -3.34196278
0.113686568 -3.33641242
0.113425893 -3.33087477
0.113166252 -3.32534979
0.112907641 -3.31983743
0.112650053 -3.31433763
0.112393483 -3.30885035
0.112137927 -3.30337553
0.111883378 -3.29791314
0.111629832 -3.29246311
0.111377283 -3.2870254
0.111125727 -3.28159996
0.110875157 -3.27618675
0.11062557 -3.27078572
0.11037696 -3.26539681
0.110129321 -3.26001998
0.10988265 -3.25465519
0.109636941 -3.24930239
0.109392188 -3.24396152
0.109148388 -3.23863255
0.108905536 -3.23331543
0.108663626 -3.22801011
0.108422653 -3.22271655
0.108182614 -3.2174347
0.107943503 -3.21216451
0.107705315 -3.20690595
0.107468047 -3.20165896
0.107231692 -3.1964235
0.106996247 -3.19119953
0.106761707 -3.185987
0.106528068 -3.18078587
0.106295324 -3.1755961
0.106063472 -3.17041763
0.105832507 -3.16525044
0.105602424 -3.16009447
0.10537322 -3.15494969
0.105144889 -3.14981605
0.104917428 -3.1446935
0.104690831 -3.13958201
0.104465096 -3.13448153
0.104240216 -3.12939203
0.104016189 -3.12431346
0.10379301 -3.11924577
0.103570675 -3.11418894
0.103349179 -3.10914291
0.103128519 -3.10410765
0.10290869 -3.09908311
0.102689688 -3.09406926
0.10247151 -3.08906606
0.102254151 -3.08407346
0.102037606 -3.07909143
0.101821873 -3.07411992
0.101606947 -3.0691589
0.101392825 -3.06420833
0.101179501 -3.05926817
0.100966973 -3.05433837
0.100755237 -3.04941891
0.100544288 -3.04450975
0.100334123 -3.03961083
0.100124738 -3.03472214
0.0999161292 -3.02984362
0.0997082931 -3.02497525
0.0995012257 -3.02011698
0.0992949234 -3.01526877
0.0990893825 -3.0104306
0.0988845993 -3.00560242
0.0986805702 -3.00078419
0.0984772916 -2.99597589
0.0982747598 -2.99117746
0.0980729714 -2.98638889
0.0978719227 -2.98161012
0.0976716101 -2.97684113
0.0974720303 -2.97208188
0.0972731797 -2.96733233
0.0970750548 -2.96259245
0.0968776521 -2.9578622
0.0966809684 -2.95314155
0.0964850001 -2.94843046
0.0962897438 -2.94372891
0.0960951963 -2.93903684
0.0959013541 -2.93435424
0.0957082139 -2.92968106
0.0955157724 -2.92501727
0.0953240264 -2.92036283
0.0951329725 -2.91571773
0.0949426076 -2.91108191
0.0947529283 -2.90645534
0.0945639315 -2.90183801
0.094375614 -2.89722986
0.0941879726 -2.89263086
0.0940010041 -2.888041
0.0938147055 -2.88346022
0.0936290736 -2.8788885
0.0934441052 -2.87432581
0.0932597975 -2.86977212
0.0930761471 -2.86522738
0.0928931512 -2.86069158
0.0927108067 -2.85616468
0.0925291106 -2.85164664
0.0923480599 -2.84713744
0.0921676516 -2.84263704
0.0919878828 -2.83814542
0.0918087505 -2.83366254
0.0916302518 -2.82918837
0.0914523839 -2.82472288
0.0912751437 -2.82026604
0.0910985285 -2.81581782
0.0909225354 -2.81137819
0.0907471615 -2.80694712
0.090572404 -2.80252457
0.0903982602 -2.79811053
0.0902247272 -2.79370495
0.0900518023 -2.78930782
0.0898794827 -2.78491909
0.0897077656 -2.78053875
0.0895366484 -2.77616675
0.0893661283 -2.77180308
0.0891962026 -2.76744771
0.0890268687 -2.76310059
0.0888581239 -2.75876172
0.0886899655 -2.75443104
0.088522391 -2.75010855
0.0883553976 -2.74579421
0.0881889828 -2.74148799
0.0880231439 -2.73718987
0.0878578786 -2.73289981
0.087693184 -2.72861779
0.0875290578 -2.72434378
0.0873654974 -2.72007775
0.0872025002 -2.71581968
0.0870400638 -2.71156953
0.0868781856 -2.70732729
0.0867168633 -2.70309292
0.0865560943 -2.6988664
0.0863958762 -2.69464769
0.0862362066 -2.69043678
0.086077083 -2.68623364
0.085918503 -2.68203824
0.0857604643 -2.67785055
0.0856029644 -2.67367054
0.085446001 -2.6694982
0.0852895718 -2.6653335
0.0851336743 -2.6611764
0.0849783064 -2.65702689
0.0848234656 -2.65288493
0.0846691497 -2.64875051
0.0845153563 -2.64462359
0.0843620832 -2.64050416
0.0842093282 -2.63639218
0.0840570889 -2.63228763
0.0839053632 -2.62819048
0.0837541488 -2.62410072
0.0836034436 -2.62001831
0.0834532452 -2.61594324
0.0833035515 -2.61187547
0.0831543604 -2.60781499
0.0830056696 -2.60376176
0.0828574771 -2.59971576
0.0827097806 -2.59567698
0.0825625781 -2.59164537
0.0824158674 -2.58762094
END
